#start	end	length	mean	median	max
1	158	158	17.49	0	65
1713	1794	82	47.49	13	105
2896	3046	151	0.15	0	11
5102	5149	48	0.00	0	0
5196	5272	77	0.00	0	0
5714	5838	125	0.00	0	0
6080	6499	420	6.30	0	43
9134	9163	30	0.00	0	0
9206	9364	159	2.03	0	11
10292	10327	36	33.83	45	46
10363	10393	31	20.97	18	32
11069	11090	22	0.00	0	0
11544	11671	128	10.51	0	30
11703	12068	366	11.21	12	29
12305	12416	112	25.68	30	56
12726	12732	7	94.29	109.5	113
13087	13340	254	18.58	0	174
13623	13981	359	0.17	0	30
14065	14080	16	1454.25	893	6727
14429	14437	9	41.22	44	56
15209	15369	161	7.37	0	28
15895	15999	105	14.73	0	70
16654	16668	15	0.00	0	0
16706	16736	31	2.03	0	13
17058	17322	265	36.11	17	128
19498	19762	265	1.47	0	20
20084	20118	35	0.00	0	0
21249	21325	77	0.00	0	0
22280	22324	45	0.00	0	0
22360	22394	35	0.00	0	0
24408	24448	41	2.02	0	30
24482	24505	24	0.00	0	0
26239	26267	29	8.79	11	14
26302	26308	7	0.00	0	0
26948	27011	64	8.00	0	22
28855	28943	89	5.39	0	26
28986	28995	10	0.00	0	0
29851	29940	90	0.00	0	0
29973	29991	19	40.00	48	54
31054	31249	196	5.09	0	54
32165	32251	87	0.00	0	0
34163	34363	201	16.77	14.5	54
34395	34411	17	0.00	0	0
35738	36106	369	2.40	0	15
36458	36523	66	12.65	12	18
37802	38080	279	21.82	12	67
38475	38535	61	0.00	0	0
38810	39077	268	1.00	0	13
39102	39109	8	0.00	0	0
39671	39690	20	0.00	0	0
40576	40628	53	0.74	0	24
40671	40681	11	24.73	27.5	30
42041	42156	116	18.38	18	31
42855	42973	119	5.18	0	30
44012	44036	25	0.00	0	0
44070	44154	85	0.00	0	0
44197	44214	18	10.33	12	12
47428	47440	13	46.77	47.5	65
47972	49538	1567	39.80	0	694
49926	50259	334	2.84	0	20
50450	50523	74	3.28	0	24
51655	51926	272	0.00	0	0
52242	52466	225	3.73	0	19
52499	52526	28	17.29	18	19
55668	57121	1454	18.86	0	182
58199	58419	221	0.05	0	10
58493	58574	82	11.71	11	33
59082	59487	406	104.15	72	321
59863	59980	118	43.21	22	111
60479	60496	18	40.72	42	50
61190	61250	61	17.97	10	60
61606	61830	225	12.82	14	33
63505	63517	13	19.23	21	25
63554	63620	67	4.15	0	31
64710	64746	37	23.00	30	40
66858	66921	64	4.53	0	15
68215	68230	16	4.62	0	15
68261	68980	720	33.13	13	203
69006	69022	17	9.06	11	11
69777	70213	437	43.71	0	406
71171	71268	98	39.90	40	78
71294	71314	21	17.05	18	20
74102	74115	14	21.93	23	26
74158	74484	327	1.45	0	17
74510	74742	233	1.61	0	14
74768	74782	15	0.00	0	0
75578	76564	987	0.36	0	21
77057	77088	32	86.72	85	107
78055	78310	256	2.45	0	19
78492	78745	254	0.00	0	0
78784	78812	29	0.00	0	0
79470	80057	588	0.00	0	0
80329	80405	77	0.62	0	12
81335	81550	216	0.00	0	0
81584	81943	360	6.59	0	44
81977	81988	12	0.00	0	0
85421	85955	535	0.93	0	22
86411	86664	254	11.11	0	37
87499	87510	12	0.00	0	0
87543	87552	10	0.00	0	0
88843	88884	42	0.00	0	0
90809	90858	50	0.00	0	0
92032	92164	133	0.68	0	12
94563	94578	16	0.00	0	0
97059	97255	197	9.66	0	55
98363	98396	34	0.00	0	0
98847	98877	31	0.00	0	0
99718	99774	57	0.00	0	0
99811	100458	648	25.57	16	144
101536	101617	82	0.00	0	0
102128	103397	1270	29.74	18	204
105567	105587	21	30.52	32	36
106131	106150	20	97.10	66	167
106796	106798	3	62.67	94	94
107396	107400	5	559.00	699	700
108514	108667	154	152.08	164	320
111062	111073	12	19.17	21	21
111107	111183	77	7.69	13	15
111817	112019	203	38.51	42	96
112641	112661	21	62.76	54	104
112695	112857	163	0.48	0	12
116051	116061	11	0.00	0	0
116094	116168	75	26.55	27.5	38
117231	117233	3	0.00	0	0
117267	117277	11	0.00	0	0
118169	118223	55	0.00	0	0
118332	118489	158	4.77	0	23
119684	119703	20	0.00	0	0
119734	119750	17	5.94	5.5	13
121158	121353	196	203.85	0	754
122066	122258	193	0.00	0	0
123570	123846	277	0.00	0	0
124127	124243	117	0.00	0	0
124443	124549	107	0.00	0	0
125832	125834	3	0.00	0	0
127326	127546	221	19.96	0	339
128309	128353	45	3.80	0	11
130394	130903	510	4.64	0	31
130945	130949	5	0.00	0	0
130976	130989	14	0.00	0	0
132321	132346	26	0.00	0	0
132473	132574	102	0.00	0	0
133727	133903	177	58.67	54.5	102
134309	134371	63	25.78	19	85
135644	135666	23	0.00	0	0
135695	135830	136	17.21	16	28
136176	136191	16	10.81	13	13
136405	136424	20	47.10	44	69
136453	136550	98	0.00	0	0
136936	137492	557	1.06	0	14
137620	137770	151	0.40	0	10
138995	139095	101	40.53	26	93
139474	139484	11	0.00	0	0
140157	140186	30	16.07	22	28
140700	140789	90	1.90	0	11
141210	141477	268	13.83	15	43
142483	142699	217	18.94	19	44
142901	142977	77	0.00	0	0
144061	144119	59	0.00	0	0
145638	145667	30	0.00	0	0
145815	145842	28	9.50	11	12
147340	147376	37	13.68	18.5	28
147415	147479	65	0.00	0	0
148107	148155	49	0.00	0	0
148690	148718	29	0.00	0	0
148863	148947	85	1.39	0	14
150226	150240	15	45.00	47	54
150273	150435	163	21.79	10.5	71
150478	150517	40	17.93	19	28
151895	151907	13	0.00	0	0
151948	152039	92	0.71	0	14
152862	152865	4	7.50	10	10
154433	154773	341	41.91	32	154
155081	155151	71	0.00	0	0
155192	155483	292	0.00	0	0
155758	155817	60	0.00	0	0
156212	156292	81	0.00	0	0
156330	156344	15	0.00	0	0
157586	157711	126	0.00	0	0
157749	157761	13	0.00	0	0
159133	159158	26	0.00	0	0
159345	159348	4	14.75	20	20
160351	160449	99	0.10	0	10
161318	161370	53	0.00	0	0
162238	162892	655	19.65	12	296
163026	163143	118	352.61	93	3060
163936	164162	227	7.56	0	26
166764	167174	411	1.43	0	16
167425	167567	143	3.01	0	12
167600	167613	14	0.00	0	0
167803	167837	35	45.51	72	83
168303	168361	59	0.00	0	0
168740	168744	5	0.00	0	0
169120	169179	60	0.00	0	0
170064	170108	45	0.00	0	0
170973	171010	38	0.00	0	0
172119	172197	79	0.00	0	0
173029	173107	79	0.00	0	0
173861	174106	246	7.15	0	28
174134	174153	20	25.70	31	39
174517	174533	17	20.24	21	29
175281	175282	2	87.50	175	175
175790	175807	18	852.56	601	1559
176051	176207	157	16.91	0	149
176446	178181	1736	0.00	0	0
178471	178603	133	0.53	0	31
178632	178638	7	0.00	0	0
180043	180057	15	110.20	119	120
180733	180924	192	36.60	0	139
183080	183090	11	0.00	0	0
183736	183742	7	0.00	0	0
184511	184525	15	0.00	0	0
185210	185215	6	653.00	790	804
185417	185465	49	131.57	155	181
185787	185862	76	23.55	26	39
186184	186271	88	33.40	17	85
186302	186326	25	298.12	274	628
187389	187775	387	68.79	0	400
187957	188222	266	0.00	0	0
189372	189504	133	71.32	0	257
189769	189978	210	76.72	72	179
191833	191838	6	132.17	158	163
192772	192777	6	82.33	99	102
192824	192924	101	38.06	43	64
193246	193357	112	6.13	0	21
194648	194983	336	0.00	0	0
195947	195948	2	19.00	38	38
196834	196857	24	28.38	11	90
198256	198301	46	43.85	41	56
199816	200205	390	69.25	17	358
200248	200271	24	0.00	0	0
201529	201751	223	0.20	0	15
204134	204490	357	61.42	0	549
205142	205269	128	4.23	0	14
206089	206116	28	6.96	0	17
206152	206176	25	1.60	0	10
207702	208086	385	3.74	0	18
208708	208723	16	0.00	0	0
208759	208982	224	2.71	0	18
210117	210127	11	13.36	19.5	23
210155	210213	59	0.00	0	0
211195	211237	43	143.88	152	181
211766	211875	110	22.68	22	35
211918	211935	18	0.00	0	0
213529	213637	109	1.74	0	10
214031	214063	33	1.45	0	12
214829	214843	15	7.33	10	10
215579	215613	35	19.40	20	23
216250	216314	65	16.17	16	29
216360	216381	22	10.23	11	28
217882	218068	187	18.66	19	43
219125	219147	23	0.00	0	0
220675	220681	7	8.71	10.5	19
220714	220732	19	16.00	19	20
221726	222118	393	12.71	0	119
222458	222477	20	16.70	18	18
222511	222517	7	25.14	29.5	34
223892	223912	21	0.00	0	0
224780	224809	30	0.00	0	0
225633	225703	71	16.72	18	21
225733	225742	10	47.60	55	55
226274	226377	104	13.23	0	103
226834	227046	213	0.50	0	12
227121	227203	83	0.24	0	10
227239	227385	147	2.18	0	17
229270	229299	30	437.50	496	1009
229720	230199	480	47.22	39	138
230443	230447	5	0.00	0	0
230832	230840	9	0.00	0	0
230881	230923	43	0.00	0	0
231045	231054	10	286.10	318	333
231442	231448	7	14.43	16.5	19
231482	231483	2	12.50	25	25
232939	232955	17	0.00	0	0
233784	233862	79	3.96	0	21
234250	234398	149	0.00	0	0
234924	235368	445	1.24	0	23
236542	236566	25	0.00	0	0
236595	236600	6	0.00	0	0
239070	239100	31	0.00	0	0
239144	239205	62	0.00	0	0
240490	240659	170	0.00	0	0
241256	241341	86	17.19	17	29
242322	242340	19	0.00	0	0
242375	242397	23	129.78	134.5	140
243016	243239	224	63.19	53	183
244518	244533	16	50.00	54	60
244566	244632	67	17.52	16	26
244834	244921	88	3.41	0	12
245951	246158	208	32.39	31	76
246690	246913	224	7.20	0	29
247852	247876	25	29.12	29	38
248171	248227	57	0.00	0	0
248390	248548	159	48.10	12	193
248639	248914	276	48.93	16	224
249698	249736	39	42.10	43	52
250607	250617	11	14.91	16	18
250657	250668	12	0.00	0	0
251278	251399	122	31.71	0	171
251602	251609	8	41.25	61	65
252027	252029	3	22.67	34	34
252812	253333	522	0.00	0	0
254366	254382	17	0.00	0	0
254415	254446	32	0.00	0	0
254870	254949	80	3.88	0	21
255424	255472	49	9.71	12	15
255794	255966	173	0.82	0	11
256684	256697	14	1.43	0	10
257654	257677	24	10.75	10	14
257710	259241	1532	0.00	0	0
260107	260588	482	13.93	0	116
261213	261273	61	0.00	0	0
261763	261805	43	16.19	16	21
261854	261864	11	25.36	28	30
263407	263602	196	20.05	0	211
265131	265146	16	0.00	0	0
266419	266435	17	24.41	26	27
266890	266896	7	10.43	13	13
267269	267288	20	97.20	107	107
267325	267328	4	14.25	19	19
268055	268098	44	47.77	32	76
268552	268664	113	9.06	11	25
269232	269248	17	19.18	20.5	24
270026	271015	990	8.99	0	89
272216	272234	19	32.21	36	37
272269	272293	25	12.04	13	16
277073	277496	424	2.12	0	70
279678	279704	27	0.00	0	0
279737	279749	13	22.08	25	25
281674	281752	79	7.44	11	17
281812	281858	47	12.45	14	15
282655	282854	200	3.04	0	41
283173	283230	58	0.00	0	0
284008	284061	54	45.15	70	115
284539	284542	4	19.50	26	26
285539	285661	123	18.25	20	41
286079	286102	24	0.00	0	0
286670	286705	36	1.94	0	10
286735	286762	28	52.96	56	57
287645	287839	195	0.71	0	14
288162	288333	172	0.00	0	0
288365	288379	15	28.93	31	31
289250	289506	257	41.10	53.5	93
291043	291063	21	0.00	0	0
291101	291114	14	0.00	0	0
291853	292058	206	8.67	0	64
294242	294378	137	0.00	0	0
294413	294434	22	0.00	0	0
295443	295486	44	0.00	0	0
295517	295526	10	0.00	0	0
296640	296820	181	4.08	0	51
296895	296949	55	83.75	0	483
298861	298880	20	44.10	44	63
299425	299548	124	1363.98	969	2554
299744	299758	15	319.67	344	383
300116	300292	177	58.44	55	273
301346	301364	19	7.95	11	11
301776	301899	124	44.45	33	100
302099	302131	33	40.09	36	63
302375	302382	8	128.88	144	174
303130	303222	93	125.20	31	249
305584	305659	76	137.07	80	448
306252	306429	178	3.60	0	39
306913	306919	7	0.00	0	0
306953	306982	30	0.00	0	0
307023	307548	526	0.00	0	0
309983	310108	126	13.24	14	30
311394	311403	10	0.00	0	0
311443	311580	138	76.82	47	421
312028	312033	6	37.00	43	47
313829	313838	10	0.00	0	0
313885	313911	27	12.59	13	21
314851	314852	2	0.00	0	0
314917	314953	37	0.00	0	0
315554	315562	9	0.00	0	0
315599	315739	141	70.16	13	293
317411	317523	113	19.97	14	68
317598	317617	20	73.70	84	86
317690	317696	7	12.71	18	18
317725	318157	433	0.00	0	0
319775	319872	98	6.73	10	16
320263	320307	45	34.93	34.5	53
321043	321058	16	12.19	13	16
321095	321264	170	2614.54	0	13807
321742	321825	84	677.54	831	1369
321860	321871	12	0.00	0	0
322364	322375	12	0.00	0	0
322748	322817	70	0.00	0	0
323002	323012	11	0.00	0	0
323374	323454	81	82.67	13	225
323746	323876	131	487.54	0	1366
324813	325072	260	2.04	0	28
325574	325583	10	3.00	0	10
325612	325627	16	79.19	82	89
326501	326608	108	4.84	0	16
326960	327040	81	25.33	28	41
327272	327274	3	20.00	30	30
327309	327645	337	57.32	17.5	190
328507	328605	99	45.17	0	127
329563	329575	13	16.69	18	20
329613	329679	67	4.64	0	63
329702	329798	97	138.89	91.5	443
331920	331933	14	13.71	14	16
331966	331994	29	0.00	0	0
332972	333110	139	9.76	0	54
334562	334759	198	338.77	61	1735
335690	336096	407	79.57	48.5	792
336431	336689	259	12.53	13	29
336877	337015	139	30.24	25	62
337044	337102	59	16.36	16.5	25
337337	337477	141	4.96	0	14
337511	337538	28	20.32	23	31
338556	338703	148	12.43	10	54
340495	340638	144	10.08	11	24
341338	341422	85	13.07	0	73
341449	341525	77	570.79	922.5	952
342636	342671	36	125.08	144	170
343647	343652	6	167.83	197	210
344001	344007	7	37.14	43	44
344785	344812	28	19.11	23	49
345026	345128	103	50.06	33.5	108
345438	345439	2	15.50	31	31
346170	346194	25	42.52	43	46
346513	346519	7	9.86	11.5	12
346555	346734	180	14.33	13	38
348177	348178	2	36.00	72	72
349145	349425	281	0.36	0	13
349849	349868	20	45.90	48	54
350631	350704	74	221.30	53	795
353191	353213	23	5.09	0	14
353235	353267	33	22.18	26.5	35
354330	354350	21	4.57	0	14
354390	354394	5	10.40	13	13
356282	356284	3	7.33	11	11
358441	358467	27	0.00	0	0
358723	358829	107	13.21	0	37
360207	360212	6	9.17	11	11
360247	360483	237	39.98	31	109
360862	361048	187	5.88	0	19
361082	361087	6	0.00	0	0
365086	365122	37	0.00	0	0
365159	365164	6	0.00	0	0
366071	366357	287	82.17	0	1142
367889	367900	12	21.25	23	33
368654	368670	17	17.59	16	35
368701	368711	11	0.00	0	0
370092	370147	56	7.50	10	14
370184	370261	78	0.00	0	0
370769	370835	67	48.81	54.5	69
370872	370890	19	0.00	0	0
372304	372534	231	2.89	0	16
372895	373124	230	0.00	0	0
373737	373761	25	25.00	27	27
373788	373791	4	0.00	0	0
374498	374715	218	5.55	0	28
376681	376746	66	1.09	0	12
377365	377476	112	25.13	0	185
377759	377929	171	48.96	42	114
378944	378964	21	0.00	0	0
379000	379009	10	7.70	13	13
380165	380369	205	12.08	0	61
381141	381160	20	17.85	19	29
381180	381339	160	14.97	17	34
382003	382007	5	61.40	77	80
382045	382059	15	39.93	43	43
382816	382842	27	0.00	0	0
383731	383752	22	0.00	0	0
384317	384368	52	10.12	13	15
385143	385199	57	0.00	0	0
385848	385861	14	0.00	0	0
386900	386945	46	0.00	0	0
388323	388381	59	12.12	0	96
388568	388661	94	941.73	1321	1794
389811	389911	101	33.68	24	72
391214	391228	15	18.33	17	44
391268	391402	135	0.00	0	0
391433	391451	19	0.00	0	0
392289	392505	217	10.71	0	66
393151	393676	526	18.22	11	96
394415	394472	58	25.03	19	47
395433	395498	66	6.32	0	19
396501	396519	19	0.00	0	0
396546	396577	32	0.00	0	0
398120	398237	118	5.14	0	14
399087	399309	223	143.31	11	639
399803	399916	114	0.00	0	0
400410	400466	57	0.00	0	0
400505	400708	204	2.33	0	14
403805	403808	4	0.00	0	0
403839	403846	8	0.00	0	0
406136	406139	4	11.25	15	15
406440	406686	247	1066.68	10	4434
406888	406919	32	450.12	469	842
406950	407188	239	31.21	16	521
408518	408607	90	0.00	0	0
408634	408673	40	36.83	14	171
409178	409226	49	36.16	37.5	43
409938	409944	7	5.71	10	10
409975	410008	34	0.00	0	0
411707	412066	360	5.87	0	21
413423	413597	175	39.35	36.5	72
413919	413998	80	125.20	53	356
414017	414025	9	100.44	113	178
414977	415004	28	3.29	0	11
415578	415589	12	0.00	0	0
416175	416314	140	11.16	12	23
417047	417057	11	31.45	35	36
417107	417114	8	0.00	0	0
417679	417776	98	0.34	0	11
418164	418217	54	0.00	0	0
419115	419147	33	16.30	20	26
420603	420714	112	47.47	31	88
421382	421384	3	34.33	51.5	52
422678	422769	92	7.74	0	48
422803	422807	5	0.00	0	0
423462	423476	15	0.00	0	0
423507	423519	13	0.00	0	0
423742	423972	231	0.00	0	0
424108	425227	1120	10.40	0	132
425516	426077	562	0.00	0	0
426618	426785	168	0.00	0	0
427707	427787	81	0.00	0	0
428427	428483	57	0.18	0	10
429273	429440	168	1.02	0	31
429514	429657	144	16.84	0	65
430447	430464	18	31.50	35	44
430494	430571	78	4.90	0	21
431406	431421	16	0.00	0	0
431461	433053	1593	17.56	13	109
433469	433711	243	21.59	26.5	37
434291	434302	12	17.25	19	21
435146	435155	10	3535.90	3926	4236
435229	435243	15	1239.60	1670	1904
435317	435321	5	159.20	199	200
435351	435486	136	174.54	61	428
436468	436536	69	39.28	40	57
437107	437162	56	129.04	180	230
437192	437234	43	2.49	0	16
438402	438552	151	0.21	0	12
440077	440089	13	27.62	31.5	37
440122	440134	13	0.00	0	0
441209	441351	143	0.00	0	0
442171	442381	211	3.63	0	19
442971	443376	406	6.66	0	35
443707	444038	332	108.04	32	439
444546	444721	176	107.61	106	173
444752	444785	34	0.00	0	0
445096	445143	48	23.02	28	35
445352	445523	172	35.75	0	272
446928	447237	310	40.21	24	184
447901	447934	34	25.47	28	32
450586	450599	14	5.71	10	13
450633	450657	25	0.00	0	0
450964	451400	437	0.00	0	0
451612	451839	228	8.03	0	44
452290	452298	9	2.22	0	10
452335	452363	29	80.72	83.5	115
453549	453558	10	14.40	16	17
453592	453862	271	6.60	0	22
454640	454724	85	41.05	39.5	75
454813	454892	80	280.14	342	615
454980	455172	193	2.51	0	56
456367	456724	358	2.79	0	20
456992	457188	197	3.72	0	20
457870	457882	13	0.00	0	0
458417	458529	113	0.00	0	0
458743	458796	54	0.00	0	0
459465	459606	142	0.00	0	0
460291	460361	71	0.00	0	0
460733	460948	216	0.00	0	0
461234	461421	188	0.00	0	0
462168	462202	35	0.00	0	0
462401	462600	200	0.00	0	0
463446	463488	43	27.37	23.5	57
463924	464038	115	1.34	0	12
464753	465139	387	0.00	0	0
465458	465464	7	0.00	0	0
465858	465977	120	0.00	0	0
468398	468416	19	0.00	0	0
468699	468739	41	0.00	0	0
469232	469410	179	0.00	0	0
469558	469695	138	0.00	0	0
470462	470507	46	18.41	25	31
470913	471137	225	91.02	41.5	341
471642	471964	323	1146.20	86	7490
472184	472200	17	0.00	0	0
472235	472478	244	9.03	0	43
472926	472989	64	0.00	0	0
476553	476622	70	0.00	0	0
477800	477820	21	0.00	0	0
479687	479691	5	0.00	0	0
480220	480369	150	0.00	0	0
481125	481152	28	0.00	0	0
481924	481986	63	0.00	0	0
482314	482327	14	0.00	0	0
482592	482593	2	0.00	0	0
484042	484045	4	23.00	32	32
484475	484504	30	29.30	41	49
484784	485025	242	135.62	132	447
489169	489215	47	0.00	0	0
489244	489282	39	6.23	10	11
489586	489592	7	0.00	0	0
490526	490590	65	126.42	135.5	309
490822	490831	10	11.30	13	14
491177	491178	2	23.00	46	46
491413	491621	209	31.62	0	266
492159	492161	3	0.00	0	0
492504	492679	176	0.00	0	0
492989	493003	15	0.00	0	0
493171	493182	12	0.00	0	0
496228	496231	4	6.25	10	15
496265	496289	25	71.00	76	83
496767	496975	209	6728.74	1225	26078
497008	497110	103	0.00	0	0
498098	498359	262	10.29	12	26
498546	498788	243	13.81	0	168
499821	499834	14	39.00	42	45
499867	500438	572	3.51	0	39
501472	501652	181	2.54	0	16
503633	503661	29	0.00	0	0
503690	503724	35	0.00	0	0
505276	505290	15	16.80	18	20
505444	505445	2	0.00	0	0
505488	505528	41	0.00	0	0
507700	507712	13	0.00	0	0
509147	509231	85	0.00	0	0
509274	509406	133	0.00	0	0
510167	510722	556	0.00	0	0
511095	511104	10	0.00	0	0
511130	511135	6	0.00	0	0
511173	511428	256	20.14	16	63
511799	511947	149	0.00	0	0
512201	512904	704	17.12	15	79
514000	514118	119	10.76	12	19
514165	514172	8	16.38	19	19
515215	515295	81	26.53	30	56
515334	515355	22	79.05	83	88
515809	515887	79	27.81	28	42
517276	517342	67	15.67	0	57
517898	518015	118	0.51	0	10
520077	520168	92	7.89	11	14
523106	523145	40	0.00	0	0
523186	523201	16	0.00	0	0
524159	524215	57	0.00	0	0
524243	524252	10	0.00	0	0
525117	525150	34	8.44	11	15
525511	525587	77	140.40	47	356
526065	526088	24	60.33	67	68
526779	526784	6	17.17	21	21
527658	527679	22	0.00	0	0
527722	527867	146	0.00	0	0
531486	531769	284	0.00	0	0
532718	532939	222	0.00	0	0
534431	534448	18	0.00	0	0
534488	534500	13	13.08	14.5	16
535896	535923	28	0.00	0	0
536110	536175	66	11.70	11	15
536734	536936	203	7.69	0	34
537588	539364	1777	17.71	13	120
539996	540025	30	0.00	0	0
540058	540133	76	59.93	0	251
541682	541696	15	47.67	51	56
541727	542037	311	0.03	0	10
542068	542107	40	33.80	36	38
543890	543909	20	171.85	181	192
544198	544444	247	41.22	36	101
546032	546061	30	534.27	558	564
546091	546183	93	68.98	84.5	123
548845	549543	699	104.67	0	1340
551254	551263	10	64.20	72	72
551297	551318	22	13.45	13	17
551973	551984	12	1.75	0	11
552979	552982	4	0.00	0	0
553541	553868	328	8.66	10	26
555663	555791	129	27.56	25	53
557265	557275	11	0.00	0	0
557304	557596	293	23.83	18	99
559622	559745	124	0.00	0	0
559780	559801	22	11.95	14	16
560558	561580	1023	5.78	0	59
561621	561639	19	0.00	0	0
562354	562376	23	0.00	0	0
562488	562578	91	0.00	0	0
562631	562638	8	0.00	0	0
562742	562746	5	0.00	0	0
562826	562946	121	6.07	0	17
563017	563063	47	0.00	0	0
563158	563165	8	0.00	0	0
563215	563255	41	0.00	0	0
563359	563366	8	0.00	0	0
563461	563999	539	1.23	0	15
565884	565940	57	4.93	0	13
568116	568256	141	12.06	14	32
569205	569362	158	776.80	122	3450
569729	569731	3	41.33	62	62
570032	570040	9	513.78	569	610
570269	570287	19	49.84	54	57
570738	570743	6	66.50	80	81
570803	571362	560	59.83	49	211
572167	572169	3	0.00	0	0
572914	572970	57	18.26	19	34
573241	573499	259	39.54	21	174
573980	573982	3	0.00	0	0
574015	574028	14	34.71	39	39
575238	575320	83	0.00	0	0
575446	575644	199	40.54	40	83
577898	577910	13	0.00	0	0
577959	578213	255	0.00	0	0
578395	578771	377	60.37	0	432
580083	580180	98	150.80	155	232
580793	580813	21	19.29	22	23
580844	580848	5	0.00	0	0
582112	582129	18	0.00	0	0
582889	582893	5	0.00	0	0
583986	584131	146	4.21	0	27
584543	584615	73	45.47	27	115
585765	586296	532	1.93	0	17
587056	587780	725	6.83	0	53
588157	588392	236	15.75	12	59
588798	588958	161	0.00	0	0
588982	588995	14	72.64	85	125
589305	589320	16	163.75	183	232
591004	591158	155	73.86	84	159
591813	591995	183	1.19	0	11
592035	592047	13	0.00	0	0
593416	593891	476	43.68	31	192
594582	594651	70	2.77	0	16
596626	596806	181	26.61	0	170
597470	597524	55	6.35	0	29
598378	598439	62	30.16	40	46
599205	599423	219	3.77	0	47
599458	599469	12	99.33	108	116
599779	600311	533	15.14	0	170
602589	602882	294	22.55	17	65
604035	604049	15	41.93	47.5	53
604086	604157	72	0.42	0	10
604479	604488	10	44.80	52	53
604765	604934	170	23.80	18	99
606219	606267	49	38.12	40.5	60
606706	606722	17	4.82	0	14
607563	607586	24	0.00	0	0
607968	608007	40	35.50	42	53
608103	608131	29	0.00	0	0
608432	608467	36	0.00	0	0
608585	608619	35	0.00	0	0
608651	608659	9	0.00	0	0
612362	612422	61	9.10	0	25
615213	615223	11	0.00	0	0
615262	615311	50	0.00	0	0
615330	615337	8	0.00	0	0
617342	617566	225	31.35	17.5	115
618218	618398	181	0.28	0	10
618424	618438	15	0.00	0	0
621187	621286	100	3.66	0	24
621836	621898	63	185.63	216	531
622041	622049	9	10.78	12	15
622368	622456	89	32.67	36.5	50
622841	623031	191	39.99	31	110
623324	623655	332	75.62	42	317
623944	623951	8	27.50	31	34
625164	625194	31	4.84	0	16
625868	625918	51	5.16	0	19
625959	625990	32	2075.62	2209	2398
627161	627177	17	413.18	437.5	467
627208	627311	104	9.71	13	25
632344	632562	219	3.84	0	20
633481	633506	26	0.00	0	0
633534	633540	7	0.00	0	0
634445	634629	185	81.88	77	147
635872	635882	11	497.36	581.5	610
635923	635933	11	106.91	118	120
635968	635980	13	23.31	25	26
637172	637577	406	128.01	12	883
638076	638162	87	0.46	0	10
638715	638728	14	14.29	16	19
638929	639218	290	0.00	0	0
639262	639281	20	114.60	138	145
640668	640880	213	125.49	97	322
641943	641952	10	0.00	0	0
641982	641996	15	40.13	50	51
642327	642626	300	0.97	0	12
643098	643120	23	3.04	0	10
643161	643170	10	7.00	12	12
643990	644188	199	0.63	0	15
645542	646045	504	1.52	0	22
647585	647599	15	9.53	12	12
647638	647645	8	16.62	19	20
648696	648915	220	1.57	0	26
649546	649556	11	0.00	0	0
649601	649677	77	9.61	0	29
650686	650730	45	10.24	12	13
650773	650779	7	29.14	34	34
652208	652252	45	26.18	24.5	40
654625	654689	65	38.14	35	59
654978	655129	152	28.83	13	111
655781	655787	7	24.29	29	29
657129	657179	51	0.00	0	0
657606	657752	147	0.00	0	0
657939	657953	15	0.00	0	0
659208	659245	38	0.00	0	0
660151	660155	5	0.00	0	0
660969	661031	63	0.00	0	0
661110	661214	105	10.56	11	15
661998	662028	31	33.61	35	38
662080	662117	38	0.00	0	0
662957	662986	30	15.77	12	41
664055	664090	36	27.69	28	34
664820	664837	18	55.17	70	82
666107	666238	132	15.16	14	34
666274	666275	2	5.50	11	11
666915	666938	24	16.46	17	18
666967	666978	12	0.00	0	0
667231	667327	97	10.06	10	29
668735	669042	308	63.35	0	449
670336	670348	13	13.23	14	16
670393	670460	68	3.16	0	11
671136	671210	75	0.00	0	0
671934	671940	7	12.86	15	15
671970	672087	118	15.37	13	35
673366	673442	77	17.68	17	29
677019	677178	160	0.00	0	0
677329	677598	270	0.26	0	23
677633	677672	40	0.40	0	16
678447	678589	143	22.22	24.5	71
678617	678636	20	0.00	0	0
679429	679477	49	17.84	19	23
680885	680959	75	22.63	25	31
681326	681533	208	29.10	24	62
681566	681601	36	0.00	0	0
681783	681786	4	0.00	0	0
682259	682266	8	0.00	0	0
682820	682822	3	0.00	0	0
683034	683298	265	6.14	0	21
683468	683632	165	0.12	0	10
684151	684225	75	7.49	11.5	16
687344	688650	1307	44.79	28	187
689959	690059	101	0.00	0	0
693084	693135	52	0.00	0	0
693367	693415	49	48.55	43.5	67
695169	695181	13	0.00	0	0
696022	696090	69	43.39	43	75
697690	697718	29	7.48	11	13
697986	698002	17	0.00	0	0
699092	699442	351	3.71	0	28
699485	699916	432	0.00	0	0
700041	700381	341	3.76	0	24
700452	700624	173	5.64	0	19
701022	704011	2990	0.73	0	18
704256	704804	549	0.00	0	0
705214	706350	1137	0.00	0	0
706460	706885	426	2.59	0	22
707121	707365	245	0.00	0	0
708270	708429	160	0.00	0	0
708796	709173	378	18.55	13	72
710221	710376	156	0.00	0	0
711391	711439	49	0.00	0	0
711476	711636	161	0.00	0	0
711820	711957	138	0.08	0	11
711997	712010	14	15.64	17	19
712647	712858	212	10.94	10	82
714692	715213	522	39.85	12	517
716657	716810	154	39.49	40	80
718471	718521	51	42.41	43	54
719368	719595	228	11.03	10	37
721240	721252	13	52.77	58	59
721457	721458	2	0.00	0	0
722470	722516	47	0.00	0	0
722655	722895	241	0.98	0	18
723464	725366	1903	0.00	0	0
725485	725960	476	0.00	0	0
726412	726541	130	0.00	0	0
727313	727335	23	0.00	0	0
728236	728324	89	0.00	0	0
728554	728610	57	0.56	0	11
729262	729285	24	0.00	0	0
729568	729606	39	3.49	0	12
729868	730253	386	0.80	0	11
730537	730892	356	0.00	0	0
731146	731377	232	0.31	0	11
732312	732448	137	0.00	0	0
732743	733056	314	8.86	0	30
734113	734142	30	41.33	46	50
734171	734184	14	0.00	0	0
736198	736219	22	0.00	0	0
736982	737183	202	4.44	0	19
738228	738882	655	19.18	11	208
739216	739261	46	43.22	52	64
739288	739298	11	0.00	0	0
741420	741467	48	0.00	0	0
741500	741516	17	0.00	0	0
743491	743636	146	8.79	0	75
743820	743832	13	8.46	11	11
744499	744500	2	0.00	0	0
745212	745261	50	0.00	0	0
745745	745768	24	0.00	0	0
745811	746011	201	0.00	0	0
746406	746466	61	0.00	0	0
746741	747032	292	0.00	0	0
747073	747143	71	0.00	0	0
747451	747668	218	0.00	0	0
748575	748732	158	0.00	0	0
751153	751361	209	0.14	0	10
751974	752049	76	8.43	0	22
752080	752093	14	0.00	0	0
752754	752763	10	2.00	0	10
753625	753639	15	18.40	18	24
754072	754219	148	14.74	0	73
754910	754929	20	0.00	0	0
754967	755000	34	288.12	323	326
755146	755150	5	48.80	61	61
756180	756200	21	0.00	0	0
756239	756265	27	37.33	39	42
756572	756605	34	19.85	23	26
756744	756991	248	8.29	10	17
758222	758248	27	0.00	0	0
758281	758302	22	0.00	0	0
759929	760080	152	9.09	0	62
760453	760503	51	17.51	18.5	28
762040	762058	19	38.95	42.5	55
762088	762108	21	0.00	0	0
762724	762738	15	32.13	32.5	40
762769	762906	138	231.22	187	675
763156	763286	131	4.62	0	24
765220	765229	10	21.00	24	24
765273	765288	16	35.62	36	45
767032	767248	217	3.88	0	27
767667	767721	55	3.15	0	26
768721	768870	150	0.00	0	0
769464	769562	99	46.02	11	156
772638	772651	14	13.93	15	16
774384	774581	198	47.16	34	118
774951	775029	79	21.99	25	38
776950	776977	28	0.00	0	0
777332	777424	93	0.32	0	10
777935	777984	50	10.94	12	29
778159	778407	249	3.28	0	17
778828	778866	39	0.00	0	0
779524	779606	83	11.54	13	36
780012	780028	17	24.18	27.5	31
780974	780985	12	31.08	35	36
781028	781082	55	6.89	0	15
782151	782210	60	3.03	0	13
782611	782665	55	54.96	58	70
784212	784295	84	0.15	0	13
784336	784688	353	1.69	0	13
785151	785180	30	54.33	56	59
785652	785741	90	329.43	388	754
786312	786350	39	0.00	0	0
788907	789055	149	5.95	0	36
790517	790538	22	32.23	34	35
790581	790590	10	0.00	0	0
790837	790854	18	31.89	34	36
793228	793318	91	83.25	92	145
793403	793443	41	77.80	26	973
793532	793538	7	39.57	37	92
793567	793664	98	0.00	0	0
795740	795817	78	2.54	0	13
795855	795858	4	0.00	0	0
796747	796831	85	2.24	0	10
797468	797469	2	0.00	0	0
797520	797532	13	0.00	0	0
797569	797897	329	0.00	0	0
798978	799158	181	0.00	0	0
799523	799669	147	0.00	0	0
800241	800341	101	0.00	0	0
800658	801032	375	0.00	0	0
801205	801311	107	0.00	0	0
801802	801875	74	0.00	0	0
802063	802676	614	0.04	0	12
802716	802734	19	0.00	0	0
804592	804635	44	0.00	0	0
805747	805774	28	12.61	13	14
805835	805844	10	0.00	0	0
806895	806914	20	0.00	0	0
807096	807103	8	12.62	15	17
808478	808541	64	34.94	39	52
808845	809471	627	35.21	16	190
809670	809678	9	11.11	12	14
810462	810537	76	36.62	49	57
811816	811915	100	37.84	43	57
812873	813086	214	197.22	25	1436
813486	813555	70	47.83	48	78
813751	814523	773	37.30	29	123
814562	814565	4	27.75	37	37
814905	814962	58	14.02	19	24
815719	815759	41	68.66	74.5	90
816363	816372	10	6.60	10	12
816517	816595	79	27.10	10	58
818456	818628	173	0.24	0	11
819499	819575	77	0.00	0	0
820947	820971	25	11.52	13	13
821689	821856	168	15.43	15	39
822526	822901	376	26.39	21	91
823547	823550	4	0.00	0	0
823730	824046	317	0.00	0	0
824306	824319	14	0.00	0	0
824525	824562	38	0.00	0	0
824996	825234	239	0.00	0	0
825560	825708	149	0.00	0	0
825742	825811	70	11.50	0	42
827143	827146	4	0.00	0	0
827187	827289	103	15.21	14	37
827575	827591	17	15.71	17	19
828486	828529	44	12.86	10	32
828563	828657	95	0.00	0	0
829786	829800	15	18.67	20	20
829843	829861	19	0.00	0	0
830711	830723	13	12.00	13	15
830766	830797	32	3.12	0	40
831458	831604	147	6.48	0	27
831644	831658	15	0.00	0	0
833210	833709	500	2.20	0	22
834398	834557	160	9.65	12	20
834715	834818	104	10.70	0	50
836079	836206	128	2.42	0	15
836240	836256	17	0.00	0	0
839299	839466	168	18.98	0	123
840145	840175	31	0.00	0	0
840533	840760	228	4.88	0	24
840795	840822	28	5.11	0	14
840958	841186	229	52.86	0	213
841500	841710	211	26.71	26	73
842065	842122	58	41.43	20	84
842723	842749	27	36.19	41	44
842787	842816	30	2.77	0	18
843660	843666	7	22.14	26	26
844124	844151	28	235.86	250	278
844398	844640	243	57.39	0	922
845613	845720	108	29.16	36	47
845753	845773	21	114.62	144	145
845990	846191	202	102.71	0	573
846328	846845	518	471.78	106	3253
847033	847066	34	25.53	19	51
847608	847620	13	54.92	59	63
848339	848530	192	141.55	76	398
848771	848839	69	28.91	30	62
850088	850109	22	24.95	28	28
850142	850162	21	35.05	38.5	41
850550	851491	942	15.28	10	88
852281	852306	26	0.00	0	0
852334	852355	22	0.00	0	0
852383	852433	51	0.00	0	0
853076	853096	21	26.67	32	36
855005	855028	24	0.00	0	0
855356	855506	151	1.44	0	15
856980	857065	86	8.50	12	23
858002	858004	3	0.00	0	0
858863	858881	19	2.37	0	15
860016	860064	49	0.00	0	0
860545	861002	458	13.55	15	30
861610	861695	86	1.28	0	10
861899	861992	94	0.00	0	0
862182	862281	100	0.00	0	0
862885	862949	65	16.74	10	104
863310	863629	320	2.27	0	201
864449	864622	174	0.00	0	0
864777	864822	46	0.00	0	0
865722	865779	58	0.00	0	0
865846	865856	11	0.00	0	0
866937	867044	108	0.00	0	0
867068	867076	9	0.00	0	0
867623	867719	97	0.49	0	17
867749	867764	16	1.44	0	13
868089	868109	21	42.71	46	65
868297	868320	24	3.12	0	11
870010	870108	99	10.14	11	24
870526	870644	119	227.17	203	520
870924	871107	184	3.11	0	22
874939	874952	14	0.00	0	0
874993	875017	25	17.92	18.5	27
876017	876038	22	15.23	16	16
876071	876079	9	0.00	0	0
876260	876374	115	3.69	0	22
876419	876434	16	0.00	0	0
876564	876613	50	0.00	0	0
876776	876826	51	0.00	0	0
877740	878295	556	8.97	0	49
878770	879079	310	19.00	0	116
879113	879162	50	0.00	0	0
880462	880470	9	3.33	0	10
880513	880541	29	0.00	0	0
881073	881097	25	0.00	0	0
881130	881131	2	0.00	0	0
882707	882769	63	0.00	0	0
884174	884458	285	0.00	0	0
887385	887402	18	4.28	0	26
887441	887535	95	35.65	16	118
887953	887954	2	0.00	0	0
888189	888396	208	34.99	27	122
889216	889389	174	0.00	0	0
889544	889994	451	0.00	0	0
890239	890562	324	0.00	0	0
890604	890631	28	119.00	118	157
891520	891532	13	165.38	179	183
892709	892770	62	33.97	31	80
893056	893140	85	46.44	38.5	88
893167	893177	11	14.55	18	21
894609	894706	98	159.81	137	394
894774	894871	98	40.59	40	70
896051	896113	63	147.54	160	204
896141	896152	12	0.00	0	0
898979	899045	67	137.87	143	177
899069	899185	117	120.25	124	215
900467	900580	114	317.13	160	686
900827	900832	6	64.83	78	79
901559	901659	101	56.69	59	118
903421	903425	5	94.20	118	118
904136	904198	63	256.43	355	364
904411	904424	14	43.07	47	49
905826	906076	251	243.52	67.5	3720
906812	906916	105	381.27	103	1147
907079	907092	14	15.79	17	19
909367	909504	138	11.72	0	54
910381	910581	201	6.87	0	24
910855	910856	2	0.00	0	0
910980	911036	57	8.49	12.5	16
913144	913195	52	2.69	0	10
913241	914205	965	0.68	0	13
914238	914252	15	89.13	101.5	105
914811	914855	45	141.24	181	278
916005	916025	21	1.57	0	11
916332	916341	10	0.00	0	0
916651	916654	4	0.00	0	0
917594	917599	6	0.00	0	0
918317	918323	7	0.00	0	0
918810	918898	89	16.21	13	33
919113	919168	56	13.64	10	31
919584	919641	58	6.69	0	16
919678	919828	151	0.00	0	0
920772	920810	39	1.28	0	10
920983	921444	462	1.45	0	18
922318	922327	10	8.00	13	19
923523	923581	59	10.90	0	54
924801	925014	214	0.00	0	0
925778	925794	17	0.00	0	0
925820	926134	315	1.40	0	14
928901	928925	25	0.00	0	0
929147	929778	632	0.00	0	0
929926	929927	2	0.00	0	0
931143	931181	39	8.49	10	21
931344	931346	3	0.00	0	0
932073	932156	84	3.79	0	33
932619	932838	220	49.93	43	151
933649	933859	211	0.00	0	0
935961	936054	94	0.00	0	0
937771	939729	1959	3.03	0	25
939993	940061	69	0.00	0	0
940100	940128	29	0.00	0	0
940163	940181	19	19.53	22	23
940926	940994	69	10.84	14	20
941034	941048	15	0.00	0	0
941081	941106	26	6.27	11	11
941834	941846	13	16.00	16.5	24
942516	942594	79	1.42	0	12
943075	943108	34	17.97	16	31
944527	944684	158	5.73	0	41
946168	946169	2	10.50	21	21
946467	946789	323	65.02	0	433
948014	948484	471	1.76	0	51
948515	948528	14	78.64	77	120
950368	950460	93	0.00	0	0
950929	950948	20	27.05	30	30
950993	951003	11	15.18	17	17
951829	951838	10	59.70	66	72
951877	951902	26	238.12	267	288
952383	952513	131	209.01	0	870
952796	952857	62	81.66	90	132
953122	953140	19	14.32	17	21
953171	953233	63	0.00	0	0
954599	954644	46	3.83	0	13
954820	954973	154	11.51	11	62
955755	957330	1576	38.86	27	201
957781	957831	51	31.65	32	47
958840	958972	133	9.23	11.5	35
959046	959238	193	6.60	0	24
960106	960532	427	5.50	0	90
960654	960685	32	2.56	0	11
961737	962110	374	6.73	0	24
963254	963274	21	0.00	0	0
963315	963368	54	0.00	0	0
963987	964022	36	0.00	0	0
964530	964626	97	5.82	0	29
965176	965460	285	47.76	37	160
965881	966014	134	20.16	18	61
968763	968776	14	0.00	0	0
968819	968909	91	1.44	0	13
970680	970710	31	11.42	11	23
970790	970868	79	10.75	13	22
972795	972800	6	4.67	0	28
972833	972836	4	0.00	0	0
973062	973187	126	3.06	0	16
973671	973679	9	2.44	0	12
974046	974074	29	0.00	0	0
975149	975274	126	0.00	0	0
976139	976190	52	0.00	0	0
976730	976975	246	0.00	0	0
977466	977472	7	9.43	11	11
977758	977847	90	2.94	0	18
977869	977879	11	13.64	15	16
978312	978514	203	21.96	19	72
979909	980126	218	39.59	39	85
980157	980159	3	0.00	0	0
980538	980748	211	40.67	24	146
981311	982211	901	0.00	0	0
984006	984206	201	0.00	0	0
984239	985213	975	0.45	0	15
985662	985850	189	6.48	0	31
985925	985944	20	21.05	23	28
986017	986455	439	3.21	0	47
987629	987657	29	4.28	0	14
987690	987789	100	0.00	0	0
987821	987972	152	40.76	39	72
988519	988523	5	21.60	27	27
990018	990281	264	10.27	0	102
990480	990550	71	6.30	0	22
992531	992549	19	43.95	47	47
992582	992676	95	3.71	0	20
994063	994079	17	28.65	38.5	40
994113	994129	17	19.47	13.5	38
995051	995425	375	24.19	22	63
995948	995953	6	29.67	36	36
997334	997447	114	15.21	0	61
998069	998125	57	0.00	0	0
998468	998604	137	31.98	0	120
998846	999098	253	16.00	15	32
999328	999362	35	171.49	131	349
999745	999761	17	7.00	12	12
1000507	1000858	352	0.59	0	23
1001690	1001698	9	0.00	0	0
1001731	1001854	124	0.00	0	0
1003361	1003375	15	16.07	19	21
1003408	1003492	85	17.45	18	72
1003520	1003524	5	127.20	162.5	165
1003915	1004233	319	739.78	158	4654
1004777	1004811	35	76.63	88	98
1005868	1006129	262	25.67	0	257
1008707	1008725	19	22.84	23	31
1008767	1008780	14	2.29	0	12
1009993	1010083	91	5.16	0	21
1010291	1010484	194	0.00	0	0
1011289	1011304	16	0.00	0	0
1011339	1011358	20	0.00	0	0
1012056	1012181	126	0.00	0	0
1012381	1012690	310	0.00	0	0
1012928	1012964	37	0.00	0	0
1013673	1013747	75	5.45	0	26
1014207	1014282	76	0.00	0	0
1014442	1014446	5	0.00	0	0
1014487	1014596	110	0.00	0	0
1015077	1015419	343	0.70	0	11
1015452	1015476	25	0.40	0	10
1017336	1017354	19	16.95	18	24
1018909	1019095	187	26.42	18	82
1019129	1019278	150	12.01	12	31
1020062	1020137	76	3.47	0	11
1020170	1020174	5	0.00	0	0
1021606	1022008	403	50.72	12	267
1022942	1023467	526	35.97	19	163
1025731	1025745	15	0.00	0	0
1025779	1025840	62	0.00	0	0
1026153	1026288	136	16.58	12	45
1027249	1027290	42	0.00	0	0
1028695	1028712	18	0.00	0	0
1029013	1029092	80	45.44	47	71
1029370	1029706	337	7.55	0	31
1030022	1030108	87	9.95	13	22
1030338	1030402	65	3.22	0	18
1030685	1030689	5	32.80	41	42
1031011	1031164	154	17.32	22	36
1031510	1032744	1235	48.38	30	192
1033064	1033164	101	0.00	0	0
1033256	1034038	783	25.33	10	249
1034805	1035257	453	6.58	0	145
1036331	1036788	458	31.78	0	212
1037233	1037246	14	13.29	13	16
1037280	1037285	6	24.67	30	30
1038105	1038225	121	9.93	12	26
1038682	1038695	14	10.21	11	11
1038728	1038826	99	74.22	70	116
1039961	1040335	375	7.92	0	114
1042559	1042572	14	88.14	100	109
1042612	1042857	246	2.19	0	19
1043176	1043179	4	0.00	0	0
1043210	1043809	600	0.00	0	0
1043838	1044119	282	168.09	151	562
1044285	1044446	162	2241.23	325	6450
1045477	1045493	17	0.00	0	0
1046636	1046643	8	0.00	0	0
1047115	1047172	58	0.00	0	0
1048466	1048488	23	0.00	0	0
1048885	1049093	209	0.00	0	0
1055025	1055026	2	0.00	0	0
1057636	1057848	213	0.00	0	0
1058320	1058421	102	0.00	0	0
1058635	1058673	39	0.00	0	0
1060924	1060925	2	0.00	0	0
1062421	1062477	57	0.00	0	0
1062718	1062719	2	0.00	0	0
1063032	1063206	175	0.00	0	0
1064991	1065118	128	0.00	0	0
1065612	1065651	40	0.00	0	0
1066144	1066184	41	0.00	0	0
1066467	1066485	19	0.00	0	0
1068972	1069091	120	0.00	0	0
1069317	1069491	175	0.00	0	0
1069810	1069892	83	0.00	0	0
1070079	1070214	136	0.00	0	0
1070905	1071066	162	30.81	0	281
1071604	1071606	3	32.33	48.5	50
1071964	1071982	19	0.00	0	0
1072199	1072683	485	23.91	0	145
1072882	1072916	35	0.00	0	0
1073663	1073805	143	0.00	0	0
1074136	1074306	171	0.00	0	0
1074723	1074793	71	0.00	0	0
1075478	1075619	142	0.00	0	0
1076288	1076341	54	0.00	0	0
1076555	1076667	113	0.00	0	0
1078059	1078086	28	0.00	0	0
1078279	1078336	58	31.71	34	52
1078419	1078571	153	29.18	0	1794
1079830	1079912	83	6.08	0	26
1081145	1082261	1117	0.00	0	0
1083345	1083351	7	0.00	0	0
1083646	1083648	3	0.00	0	0
1085486	1085600	115	0.00	0	0
1085877	1085885	9	0.00	0	0
1086102	1086189	88	0.00	0	0
1086391	1086406	16	0.00	0	0
1086716	1086788	73	0.00	0	0
1088269	1088666	398	4.41	0	28
1088871	1088967	97	15.29	14	30
1090126	1090234	109	0.93	0	17
1091042	1091145	104	9.62	12	21
1091395	1091448	54	14.13	16	33
1092253	1092271	19	14.68	16	17
1092306	1092591	286	0.00	0	0
1093430	1093503	74	0.00	0	0
1094042	1094089	48	0.00	0	0
1094128	1094182	55	0.00	0	0
1095593	1096022	430	8.29	0	45
1096060	1096078	19	0.00	0	0
1096535	1096626	92	4.16	0	18
1097479	1097813	335	18.68	11	79
1099701	1099899	199	3.76	0	67
1099973	1100190	218	2.89	0	15
1100341	1100402	62	26.39	29	40
1101207	1101214	8	0.00	0	0
1101256	1101266	11	7.27	10	10
1102134	1102248	115	1.84	0	11
1102684	1102700	17	0.00	0	0
1102879	1103016	138	0.00	0	0
1103977	1104971	995	0.00	0	0
1106055	1106061	7	0.00	0	0
1106356	1106358	3	0.00	0	0
1107965	1108098	134	0.00	0	0
1108157	1108605	449	0.00	0	0
1108888	1108897	10	0.00	0	0
1109093	1109099	7	0.00	0	0
1109442	1109667	226	0.00	0	0
1110182	1110877	696	0.00	0	0
1111317	1111362	46	0.00	0	0
1111742	1112517	776	32.06	26	115
1112882	1112998	117	49.07	46	108
1113204	1113501	298	32.64	32	109
1113959	1114195	237	15.70	0	47
1114230	1114326	97	0.00	0	0
1114471	1114587	117	0.00	0	0
1114617	1114849	233	58.94	31	191
1115297	1115386	90	25.94	32	58
1115684	1116037	354	0.00	0	0
1116150	1116248	99	0.00	0	0
1119143	1119493	351	0.00	0	0
1119568	1119577	10	0.00	0	0
1119654	1119756	103	0.00	0	0
1121295	1121382	88	0.00	0	0
1121599	1121832	234	13.35	12	50
1122260	1122292	33	0.00	0	0
1122561	1122940	380	195.03	122	659
1123017	1123752	736	6.33	0	139
1123785	1123799	15	24.33	26	28
1124136	1124289	154	113.63	0	417
1128244	1128260	17	0.00	0	0
1128306	1128344	39	0.00	0	0
1129491	1129601	111	0.00	0	0
1129911	1129937	27	0.00	0	0
1130130	1130144	15	23.93	29	29
1130895	1130909	15	0.00	0	0
1130945	1131130	186	3.59	0	21
1132583	1132605	23	0.00	0	0
1132644	1132670	27	0.00	0	0
1133577	1133859	283	3.66	0	19
1134490	1134510	21	30.05	34	49
1134727	1134873	147	0.00	0	0
1135216	1135217	2	0.00	0	0
1135927	1135976	50	5.88	0	15
1137195	1137256	62	0.00	0	0
1138664	1138734	71	0.00	0	0
1138779	1138853	75	0.00	0	0
1141813	1142044	232	0.00	0	0
1143617	1143684	68	6.62	0	17
1146913	1147034	122	0.00	0	0
1147995	1148079	85	0.00	0	0
1148219	1148342	124	8.92	0	32
1148451	1148816	366	4.03	0	28
1148998	1149251	254	0.00	0	0
1149300	1149326	27	0.00	0	0
1150353	1150383	31	31.35	36	40
1151007	1151401	395	11.45	0	56
1153694	1154087	394	25.25	17	208
1154865	1154935	71	3.70	0	32
1154965	1155020	56	0.00	0	0
1157868	1157887	20	0.00	0	0
1158527	1158532	6	0.00	0	0
1159664	1159775	112	0.00	0	0
1160810	1160888	79	5.61	0	15
1160931	1160953	23	20.83	14.5	39
1162586	1162643	58	0.00	0	0
1162693	1162699	7	0.00	0	0
1164368	1164404	37	0.00	0	0
1164434	1164440	7	6.29	11	11
1165590	1165610	21	0.00	0	0
1165650	1165668	19	334.74	351.5	388
1166140	1166273	134	49.98	30	147
1166655	1166815	161	203.67	115.5	559
1167773	1167822	50	16.46	17	31
1169583	1169598	16	15.69	16	18
1170435	1170479	45	155.93	194	236
1171380	1171422	43	6.74	11	15
1171479	1171487	9	0.00	0	0
1171517	1171530	14	6.57	10	14
1172245	1172768	524	271.95	11	3189
1173117	1173288	172	26.45	23	79
1173978	1173995	18	0.00	0	0
1174620	1174637	18	16.56	18	19
1174683	1174690	8	23.88	25	39
1174722	1174728	7	19.14	23	25
1175545	1175781	237	14.86	11	55
1176245	1176263	19	15.42	16	18
1176300	1176309	10	19.60	20	25
1177714	1177889	176	27.11	0	151
1180070	1180073	4	15.75	22	22
1180236	1180386	151	7.99	0	35
1182970	1183005	36	163.36	168	271
1183038	1183113	76	17.59	16	69
1184107	1184144	38	45.11	46	52
1184175	1184227	53	32.38	31	45
1185239	1185320	82	123.99	80	268
1185612	1185680	69	75.83	19	211
1186170	1186182	13	50.92	37.5	93
1187908	1188613	706	16.41	0	167
1188696	1188974	279	43.34	0	508
1189626	1189630	5	39.20	49	49
1189677	1189706	30	82.43	83	104
1190370	1190463	94	76.34	81	110
1192635	1192682	48	5.90	0	16
1193760	1193955	196	1.70	0	13
1194688	1194700	13	15.77	18	19
1194736	1194765	30	17.10	14	30
1195633	1195646	14	25.00	27	31
1195690	1195869	180	0.00	0	0
1196299	1196311	13	0.00	0	0
1197176	1197178	3	43.67	65.5	66
1197211	1197228	18	74.50	79	87
1198279	1198384	106	82.30	89	153
1198472	1198489	18	277.94	39	1132
1198562	1198574	13	469.38	53	2735
1198646	1198673	28	1229.57	391	8851
1198747	1198774	28	0.00	0	0
1198848	1198875	28	0.00	0	0
1198949	1199031	83	76.77	59	190
1199593	1199700	108	0.00	0	0
1200121	1200188	68	5.94	0	15
1200221	1200252	32	0.00	0	0
1200285	1200301	17	0.00	0	0
1200635	1200817	183	21.97	20	77
1201658	1201676	19	11.00	11	13
1201710	1201721	12	53.67	65	73
1202298	1202357	60	15.73	15	26
1203258	1203260	3	0.00	0	0
1204429	1204634	206	2.93	0	31
1207257	1207270	14	0.00	0	0
1207303	1207320	18	11.33	12	12
1207660	1208061	402	7.14	0	59
1208713	1209531	819	17.84	11	70
1209676	1209691	16	4.31	0	13
1210373	1210523	151	5.77	0	31
1212825	1212846	22	0.00	0	0
1214569	1214670	102	0.00	0	0
1215421	1215966	546	2.42	0	30
1216927	1217921	995	0.00	0	0
1219005	1219016	12	0.00	0	0
1219305	1219307	3	0.00	0	0
1221145	1221259	115	0.00	0	0
1221536	1221544	9	0.00	0	0
1221827	1221836	10	0.00	0	0
1222032	1222038	7	0.00	0	0
1222381	1222606	226	0.00	0	0
1223121	1223789	669	0.00	0	0
1223816	1224368	553	0.65	0	11
1224771	1224812	42	0.00	0	0
1225992	1226007	16	0.00	0	0
1226038	1226095	58	3.48	0	17
1228205	1228724	520	81.58	0	741
1229901	1230033	133	0.00	0	0
1230834	1230860	27	0.00	0	0
1230901	1231550	650	52.65	0	800
1232320	1232336	17	0.00	0	0
1232362	1232380	19	14.53	18	19
1232936	1232976	41	64.34	84.5	105
1233005	1233062	58	32.76	37	57
1233946	1234025	80	15.11	20	34
1234471	1234708	238	0.00	0	0
1235037	1235043	7	19.57	23	24
1236148	1236498	351	4.45	0	68
1236946	1236960	15	47.67	53	56
1238476	1238489	14	29.43	32	32
1241319	1241337	19	0.00	0	0
1241362	1241365	4	0.00	0	0
1241396	1241480	85	5.44	0	15
1242819	1242894	76	7.89	0	18
1244233	1244235	3	0.00	0	0
1244265	1244377	113	18.82	0	133
1245002	1245068	67	4.36	0	15
1246485	1246813	329	4.67	0	32
1247540	1247566	27	16.85	15	25
1248087	1248517	431	5.15	0	30
1248800	1249110	311	1603.78	93	11591
1249573	1249796	224	64.65	29	188
1250853	1250868	16	9.94	12	15
1250907	1251142	236	0.34	0	10
1251323	1251346	24	0.00	0	0
1251378	1251396	19	19.05	19	25
1252750	1252766	17	24.53	26.5	29
1253037	1253125	89	40.09	27	110
1253899	1253989	91	1.91	0	14
1254028	1254038	11	18.55	21	22
1254948	1255044	97	21.51	0	157
1255753	1255894	142	0.00	0	0
1256546	1257344	799	3.55	0	27
1257378	1257495	118	0.00	0	0
1257787	1258140	354	0.00	0	0
1258253	1258351	99	0.00	0	0
1261240	1261590	351	0.00	0	0
1261664	1261671	8	0.00	0	0
1261746	1261848	103	0.00	0	0
1263387	1263559	173	0.00	0	0
1263845	1263919	75	47.53	37.5	87
1265102	1265170	69	6.20	10	15
1267325	1267419	95	9.06	11	31
1267624	1267683	60	52.70	48	91
1268299	1268428	130	13.75	0	93
1269026	1269073	48	0.00	0	0
1269881	1269915	35	0.29	0	10
1270024	1270186	163	0.00	0	0
1271540	1271545	6	0.00	0	0
1271582	1271672	91	6.66	10	14
1272144	1272161	18	0.00	0	0
1272195	1272275	81	0.00	0	0
1272316	1272359	44	0.00	0	0
1272610	1272946	337	2.82	0	19
1273260	1274253	994	3.93	0	23
1274588	1274940	353	12.80	12	46
1275592	1275618	27	79.85	88.5	101
1276309	1276588	280	0.00	0	0
1279545	1279546	2	0.00	0	0
1280063	1280068	6	0.00	0	0
1281249	1281421	173	36.01	28	88
1281779	1281811	33	8.64	0	25
1284662	1284682	21	15.71	17	17
1284715	1284824	110	0.00	0	0
1285219	1285279	61	0.00	0	0
1285554	1285804	251	0.00	0	0
1285940	1286025	86	7.94	0	61
1286863	1287149	287	16.09	0	139
1287223	1287230	8	90.38	81	273
1287271	1287289	19	25.16	27	27
1288481	1288502	22	0.00	0	0
1289589	1289737	149	1.90	0	22
1290836	1290928	93	41.60	62.5	100
1291352	1291364	13	30.54	33.5	35
1291404	1291427	24	0.00	0	0
1293411	1293479	69	2.72	0	12
1294086	1294169	84	2.58	0	32
1295463	1295481	19	35.95	37	48
1295515	1295537	23	77.04	79.5	104
1296534	1296660	127	84.79	28	375
1297735	1297752	18	0.00	0	0
1297777	1297826	50	0.00	0	0
1298595	1298599	5	9.20	11.5	12
1299590	1299658	69	4.65	0	20
1300340	1300416	77	12.55	13.5	28
1300484	1300530	47	17.38	18	23
1301866	1301936	71	13.52	16	22
1301974	1301994	21	7.95	11	13
1302847	1302881	35	51.49	53	57
1302917	1302988	72	0.00	0	0
1303880	1303972	93	27.99	41.5	58
1306073	1306091	19	16.26	12	36
1306126	1306138	13	53.31	58	61
1307615	1307636	22	29.73	27	41
1308150	1308158	9	907.11	1020.5	1032
1308498	1308543	46	30.67	40	46
1308709	1308788	80	0.00	0	0
1309536	1309780	245	11.58	0	68
1310986	1311001	16	0.00	0	0
1312241	1312385	145	4.03	0	72
1312459	1312529	71	5.15	0	60
1313292	1313294	3	0.00	0	0
1314357	1314592	236	0.00	0	0
1315928	1315947	20	0.00	0	0
1315980	1316133	154	0.00	0	0
1316765	1317125	361	15.88	13.5	65
1317918	1318343	426	10.29	0	170
1320694	1320973	280	1.81	0	19
1321259	1321270	12	0.00	0	0
1321436	1321585	150	0.00	0	0
1321623	1321638	16	47.62	51	59
1323040	1323045	6	57.50	70	72
1323090	1323094	5	19.80	24.5	26
1326296	1326309	14	12.14	11	27
1327546	1327797	252	41.99	14	158
1328428	1328445	18	10.61	11	12
1328482	1328522	41	0.00	0	0
1328778	1329066	289	10.65	0	97
1330633	1330646	14	65.79	77	81
1330687	1330702	16	0.00	0	0
1333907	1333975	69	0.00	0	0
1335417	1335762	346	4.79	0	65
1337080	1337105	26	114.69	116	154
1337274	1337280	7	216.71	252	263
1337890	1337918	29	440.17	468.5	506
1339362	1339677	316	41.16	0	595
1341424	1341451	28	4.68	0	21
1341917	1342369	453	16.31	10.5	70
1342402	1342419	18	0.56	0	10
1342852	1342856	5	139.20	178	179
1343565	1343584	20	23.60	22	32
1344434	1344691	258	3.46	0	21
1345328	1345401	74	27.31	23	68
1346041	1346185	145	22.90	0	82
1348397	1348404	8	0.00	0	0
1348445	1348462	18	6.39	0	20
1348838	1348908	71	38.99	26.5	124
1349972	1350046	75	7.61	0	22
1350086	1350443	358	4.47	0	20
1350485	1350800	316	70.04	63	169
1351503	1351578	76	0.00	0	0
1351618	1351640	23	0.00	0	0
1352181	1352259	79	27.18	21	56
1352302	1352309	8	4.25	0	12
1352535	1352595	61	34.23	29	55
1353260	1353502	243	6.56	0	43
1353543	1353558	16	0.00	0	0
1355912	1355917	6	0.00	0	0
1356857	1356930	74	0.00	0	0
1356974	1356998	25	0.00	0	0
1357650	1357718	69	0.00	0	0
1360088	1360170	83	0.48	0	10
1360212	1360223	12	9.75	11	11
1362466	1362719	254	0.00	0	0
1363075	1363088	14	0.00	0	0
1363726	1363922	197	0.00	0	0
1363953	1363959	7	0.00	0	0
1363998	1364028	31	0.00	0	0
1364309	1366424	2116	0.57	0	17
1366531	1366697	167	0.00	0	0
1366837	1367872	1036	0.00	0	0
1367910	1367927	18	0.00	0	0
1368175	1368622	448	0.34	0	11
1368658	1368672	15	7.53	12	17
1369918	1370072	155	29.37	12.5	114
1370457	1370510	54	194.20	159	407
1371048	1371196	149	48.97	55	73
1372295	1372808	514	1947.69	115	11944
1373289	1373337	49	9.45	10	28
1374297	1374585	289	22.44	0	140
1376111	1376152	42	39.67	43	48
1376804	1377043	240	31.49	0	231
1378385	1378389	5	60.80	76	78
1380389	1380390	2	17.50	35	35
1381015	1381020	6	103.50	124	125
1381612	1381627	16	29.19	31	35
1382843	1382899	57	4.37	0	17
1382928	1383026	99	0.00	0	0
1383192	1383263	72	0.00	0	0
1383296	1383361	66	0.00	0	0
1384415	1384442	28	0.00	0	0
1384656	1384667	12	2.00	0	14
1384715	1384781	67	39.55	45.5	62
1385358	1385542	185	23.84	12	125
1386359	1386370	12	41.67	45	47
1386411	1386564	154	18.98	20	36
1388074	1388684	611	31.66	27	95
1388710	1388727	18	72.83	85	87
1389064	1389198	135	105.41	30	503
1389907	1390071	165	5.65	0	86
1390342	1390551	210	15.07	0	110
1392478	1392493	16	85.56	92	116
1392525	1392702	178	0.00	0	0
1394621	1394679	59	0.00	0	0
1395655	1395662	8	0.00	0	0
1395727	1396209	483	0.98	0	19
1396909	1397101	193	197.74	103	477
1397708	1397889	182	96.12	56	344
1398514	1398908	395	62.28	17	266
1399882	1399906	25	0.00	0	0
1399944	1399953	10	11.10	12	13
1402141	1402282	142	9.11	0	59
1403066	1403078	13	0.00	0	0
1403109	1403111	3	54.00	81	81
1403155	1403166	12	28.58	15	61
1405099	1405121	23	54.57	56.5	62
1405162	1405166	5	0.00	0	0
1406343	1406570	228	14.29	0	90
1406958	1406987	30	0.00	0	0
1407021	1407233	213	1129.02	0	5160
1408278	1408301	24	366.12	388	407
1408334	1408580	247	12.59	0	65
1412227	1412493	267	66.61	38	180
1413617	1413676	60	4.80	0	14
1413703	1413741	39	0.00	0	0
1414548	1414549	2	0.00	0	0
1414581	1414818	238	10.40	0	45
1416403	1416513	111	49.43	48	116
1416553	1416570	18	16.06	17	17
1416772	1416889	118	25.42	0	119
1417385	1417468	84	23.75	32	37
1418657	1418712	56	6.07	0	17
1419107	1419167	61	0.00	0	0
1419442	1419714	273	8.05	0	80
1421224	1421336	113	0.00	0	0
1421365	1421380	16	0.00	0	0
1422632	1423092	461	24.17	0	265
1424887	1424902	16	0.00	0	0
1424938	1425017	80	16.49	0	77
1425690	1425713	24	0.00	0	0
1425969	1425992	24	0.00	0	0
1426170	1426489	320	32.14	0	227
1427030	1427070	41	0.00	0	0
1427431	1427460	30	0.00	0	0
1428394	1428737	344	0.00	0	0
1429156	1429168	13	0.00	0	0
1430747	1430867	121	0.00	0	0
1430900	1430909	10	0.00	0	0
1432050	1432149	100	33.21	19	73
1432185	1432196	12	0.00	0	0
1433028	1433075	48	0.00	0	0
1433202	1433318	117	13.45	13.5	21
1434855	1434860	6	0.00	0	0
1435242	1435248	7	1.43	0	10
1435289	1435323	35	94.57	98	99
1436707	1436916	210	16.22	11	123
1437493	1437733	241	11.25	0	138
1438643	1439142	500	22.27	0	174
1439216	1439309	94	1.55	0	11
1439667	1439689	23	23.57	27	31
1440203	1440362	160	15.01	15	30
1440694	1440880	187	4.51	0	17
1441124	1441349	226	0.35	0	10
1441977	1443639	1663	35.52	14	342
1445055	1445066	12	29.58	33	35
1446207	1446431	225	2.42	0	12
1447506	1447623	118	38.99	38	85
1447654	1447711	58	23.19	24	64
1449176	1449375	200	16.23	16	49
1450297	1450397	101	36.85	43	70
1452288	1452400	113	12.26	0	62
1452431	1452456	26	0.38	0	10
1452739	1452890	152	7.01	0	42
1454439	1454442	4	8.25	11	11
1454695	1454733	39	40.64	50.5	58
1455490	1455597	108	8.02	0	21
1456744	1456832	89	47.66	41.5	271
1456862	1456905	44	33.50	26	66
1457167	1457472	306	16.25	0	89
1458613	1458627	15	66.07	71.5	74
1458660	1460179	1520	14.55	0	327
1460211	1460227	17	18.18	19.5	21
1462964	1463052	89	32.51	15.5	90
1465162	1465246	85	11.75	0	42
1465388	1465499	112	7.46	0	45
1465659	1467068	1410	5.66	0	162
1468176	1468641	466	1.64	0	12
1468673	1468906	234	33.48	18	93
1469717	1469907	191	1.17	0	14
1471614	1471643	30	18.90	20	22
1472547	1472561	15	0.00	0	0
1473702	1473752	51	14.31	18.5	27
1474975	1475022	48	13.23	13	27
1475434	1475455	22	20.86	21	23
1475476	1475485	10	10.50	12	12
1476212	1476266	55	18.42	19	25
1477008	1477046	39	52.31	43	103
1479256	1479513	258	2.92	0	18
1480406	1480695	290	2.51	0	34
1481087	1481444	358	0.00	0	0
1482279	1482293	15	0.00	0	0
1482319	1482931	613	0.00	0	0
1484715	1484737	23	7.04	6	19
1484770	1484774	5	0.00	0	0
1487113	1487120	8	13.12	15	15
1487826	1487851	26	0.00	0	0
1489049	1489091	43	0.00	0	0
1489140	1489315	176	2.99	0	13
1489362	1489376	15	0.00	0	0
1490514	1491301	788	0.00	0	0
1491696	1492063	368	0.00	0	0
1493019	1493025	7	0.00	0	0
1493447	1493756	310	0.00	0	0
1494543	1494696	154	2.29	0	15
1495843	1495929	87	0.00	0	0
1496806	1497376	571	0.00	0	0
1497409	1497425	17	2.94	0	10
1498734	1498871	138	84.25	37	225
1500048	1500168	121	39.15	20	227
1501411	1501498	88	16.81	17	24
1503129	1503168	40	150.90	159	159
1503209	1503242	34	10.59	11	12
1504761	1504762	2	12.50	25	25
1504796	1504806	11	114.64	127	132
1505872	1505877	6	2.00	0	12
1507174	1507236	63	21.02	18	50
1508663	1508749	87	2.93	0	17
1509128	1509218	91	46.56	48	74
1510335	1510581	247	5.21	0	23
1512117	1512243	127	15.21	18	33
1513888	1513912	25	10.56	11	22
1515389	1515415	27	13.63	15	19
1517162	1517224	63	60.00	63	76
1517486	1517514	29	103.21	109	118
1518921	1519201	281	53.14	0	273
1520447	1520544	98	20.57	0	252
1520619	1520628	10	147.60	26	626
1520702	1520847	146	12.13	0	46
1520882	1520889	8	11.00	12	16
1521709	1521743	35	24.26	26	30
1522386	1522390	5	23.80	29.5	31
1523258	1523359	102	50.22	55	64
1525524	1525687	164	323.84	170	935
1527203	1527903	701	19.86	18	77
1528904	1529151	248	10.46	10	84
1530479	1531094	616	4.30	0	43
1531127	1531364	238	58.55	0	238
1532116	1532132	17	0.00	0	0
1532158	1532252	95	187.02	0	593
1532613	1532653	41	0.00	0	0
1532990	1533129	140	0.00	0	0
1533346	1533467	122	8.75	0	22
1534143	1534160	18	0.00	0	0
1534191	1534232	42	0.00	0	0
1534405	1534418	14	0.00	0	0
1535187	1535203	17	0.00	0	0
1535228	1535248	21	6.05	11	12
1535528	1535586	59	21.53	19	49
1535770	1535782	13	0.00	0	0
1536032	1536151	120	0.00	0	0
1536185	1536264	80	0.25	0	10
1537144	1537221	78	69.05	89	105
1538158	1538361	204	9.45	10	36
1539472	1539525	54	8.91	13	20
1541032	1541386	355	0.00	0	0
1541568	1541811	244	0.00	0	0
1541845	1542018	174	0.00	0	0
1542491	1542546	56	0.00	0	0
1542696	1542709	14	0.00	0	0
1543293	1543300	8	0.00	0	0
1543819	1543985	167	0.00	0	0
1544737	1545041	305	0.00	0	0
1545307	1545354	48	0.00	0	0
1545620	1545628	9	0.00	0	0
1545918	1547576	1659	5.42	0	104
1549251	1549259	9	38.11	42.5	45
1549294	1549312	19	14.79	19	22
1550745	1551326	582	17.65	19	52
1551489	1551521	33	5578.03	5978.5	6064
1552230	1552595	366	916.01	0	3396
1553544	1553658	115	23.16	16	75
1554391	1554527	137	65.40	78	193
1555947	1555963	17	0.00	0	0
1555998	1556142	145	14.62	12	38
1556181	1556188	8	24.38	28	30
1557761	1557792	32	72.19	72	127
1557988	1558057	70	2.00	0	10
1559186	1559191	6	0.00	0	0
1559233	1559306	74	0.00	0	0
1560246	1560251	6	0.00	0	0
1562239	1562253	15	87.67	93.5	99
1562294	1562302	9	453.11	511	540
1562916	1562940	25	684.32	682	851
1563355	1563375	21	157.57	165	175
1563417	1563492	76	125.09	192	333
1564168	1564175	8	0.00	0	0
1564572	1564604	33	292.91	311	325
1564980	1564997	18	11.61	12	14
1565047	1565112	66	8.64	0	23
1565848	1565903	56	15.64	17	23
1566264	1566315	52	12.92	12	26
1566357	1566513	157	10.42	0	44
1566784	1566797	14	23.71	25	28
1566827	1566906	80	3.15	0	12
1567450	1567471	22	0.00	0	0
1567512	1567855	344	16.53	10	73
1568255	1568297	43	13.95	15	16
1568338	1568598	261	37.50	11	177
1570261	1570344	84	30.58	27	86
1571922	1572020	99	3.55	0	20
1572052	1572072	21	0.00	0	0
1573639	1573709	71	0.00	0	0
1573745	1573801	57	0.00	0	0
1574609	1574613	5	38.80	48.5	49
1575313	1575326	14	16.14	16	19
1575567	1575588	22	0.00	0	0
1575662	1575854	193	13.74	0	242
1576587	1576615	29	14.48	15	18
1578310	1578350	41	0.98	0	10
1579404	1579421	18	34.72	37	39
1580475	1580485	11	21.82	24	26
1580518	1580934	417	24.06	19	72
1581820	1581841	22	0.00	0	0
1581872	1581891	20	19.50	25	29
1582936	1583027	92	33.32	31	74
1584180	1584231	52	1.42	0	25
1584496	1584605	110	8.17	0	28
1586732	1586844	113	0.00	0	0
1587058	1587111	54	0.00	0	0
1587780	1587921	142	0.00	0	0
1588423	1588676	254	0.00	0	0
1589108	1589262	155	0.00	0	0
1589548	1589735	188	8.60	0	38
1589934	1590176	243	5.54	0	51
1590591	1590601	11	214.64	240	283
1591247	1591368	122	20.23	10	72
1591768	1591872	105	24.86	32	58
1592053	1592224	172	20.38	0	125
1593041	1593315	275	0.00	0	0
1594069	1594210	142	0.00	0	0
1594380	1594481	102	0.00	0	0
1594800	1594974	175	0.00	0	0
1595748	1596025	278	0.00	0	0
1596239	1596418	180	0.00	0	0
1597034	1597105	72	0.00	0	0
1597259	1597351	93	0.00	0	0
1597844	1597883	40	0.00	0	0
1598385	1598473	89	0.00	0	0
1599047	1599377	331	0.00	0	0
1600338	1600890	553	0.00	0	0
1601212	1601334	123	0.00	0	0
1602418	1602429	12	0.00	0	0
1602718	1602739	22	0.00	0	0
1603647	1603893	247	0.00	0	0
1604176	1604178	3	0.00	0	0
1605364	1605385	22	0.00	0	0
1605429	1605580	152	0.00	0	0
1606535	1606827	293	0.00	0	0
1607365	1607367	3	0.00	0	0
1607710	1608051	342	0.00	0	0
1608132	1608228	97	13.37	0	66
1608607	1608773	167	165.34	139	403
1608803	1608809	7	0.00	0	0
1609806	1610150	345	3462.84	84	30916
1610325	1610654	330	86.31	0	1081
1611144	1611170	27	124.85	131.5	135
1611203	1611219	17	65.35	71.5	78
1611976	1612047	72	250.44	251	508
1612912	1612962	51	34.92	21	130
1613239	1613240	2	68.50	137	137
1613529	1613533	5	1665.60	2084.5	2092
1614062	1614857	796	34.66	15	161
1615009	1616716	1708	2.70	0	29
1616739	1616811	73	0.00	0	0
1616849	1616907	59	25.51	22	90
1617254	1617305	52	87.31	102	106
1618473	1618485	13	0.00	0	0
1618798	1618902	105	11.92	0	31
1619077	1619109	33	79.18	83	98
1620106	1620121	16	92.69	113	130
1620162	1620352	191	31.63	31	78
1621136	1621232	97	33.68	33.5	66
1621266	1621292	27	27.44	28	32
1622112	1622323	212	1.69	0	12
1623965	1624475	511	65.93	0	670
1625706	1625781	76	8.43	0	42
1627471	1627507	37	24.49	22	53
1627545	1627558	14	108.43	118	124
1629233	1629480	248	126.56	45	589
1629550	1629572	23	198.83	0	2241
1630017	1630022	6	52.17	63	67
1630995	1631220	226	48.42	0	341
1631527	1631553	27	291.04	295.5	368
1631824	1632014	191	8.92	0	38
1632037	1632060	24	29.25	33	35
1633243	1633253	11	14.82	18	23
1633285	1633390	106	10.78	14	23
1633421	1633433	13	0.77	0	10
1633587	1633620	34	421.62	377	884
1633852	1633925	74	239.26	148	837
1635625	1635650	26	5.46	10	11
1636833	1637045	213	1.69	0	18
1637088	1637093	6	9.17	11	21
1637565	1637641	77	0.00	0	0
1638326	1638611	286	66.29	29	250
1638657	1638677	21	10.90	13	13
1641013	1641036	24	13.75	15	15
1641075	1641215	141	0.00	0	0
1642683	1642753	71	4.68	0	15
1642788	1642970	183	10.04	11	28
1643230	1644373	1144	68.91	43	577
1645157	1645170	14	69.14	80	81
1645671	1645676	6	0.00	0	0
1646163	1646177	15	0.00	0	0
1646208	1646232	25	3.20	0	10
1647286	1648563	1278	1.82	0	18
1648599	1648919	321	7.50	0	48
1648953	1649135	183	0.00	0	0
1649293	1649716	424	0.00	0	0
1649829	1649927	99	0.00	0	0
1652815	1653165	351	0.00	0	0
1653239	1653246	8	0.00	0	0
1653321	1653423	103	0.00	0	0
1654962	1655375	414	0.00	0	0
1655412	1655424	13	57.23	61.5	78
1656229	1656450	222	31.03	22	118
1657819	1657831	13	0.00	0	0
1657865	1658076	212	75.00	43	188
1658530	1658538	9	26.67	30	33
1658571	1658586	16	3.56	0	12
1660016	1660137	122	0.00	0	0
1660333	1660383	51	0.00	0	0
1660780	1660889	110	3.33	0	18
1663087	1663095	9	8.89	10	10
1663134	1663269	136	0.00	0	0
1665418	1665455	38	11.45	15	16
1666068	1666205	138	3.69	0	34
1668072	1668104	33	35.67	38	39
1668141	1668153	13	0.00	0	0
1669522	1669595	74	4.28	0	21
1670226	1670356	131	0.58	0	15
1672262	1672743	482	15.56	14	66
1673743	1673846	104	9.51	0	23
1676250	1676321	72	31.29	32	60
1677324	1677334	11	18.00	22.5	24
1677370	1677382	13	62.46	68	69
1678085	1678524	440	10.22	0	75
1680061	1680195	135	0.00	0	0
1682011	1682050	40	12.55	14	22
1684380	1684390	11	0.00	0	0
1685690	1686026	337	3.74	0	17
1686067	1686073	7	0.00	0	0
1688330	1688396	67	0.00	0	0
1688859	1688988	130	0.00	0	0
1689673	1689735	63	0.00	0	0
1690060	1690070	11	13.09	14.5	16
1690113	1690143	31	31.06	29	70
1690726	1690727	2	0.00	0	0
1690863	1690891	29	8.48	10	16
1693674	1693698	25	14.32	15	18
1693742	1693788	47	3.85	0	17
1694891	1694957	67	0.00	0	0
1694990	1695009	20	30.10	32	33
1695358	1695420	63	0.00	0	0
1696864	1696875	12	14.33	15	18
1698370	1698485	116	28.97	31	55
1699647	1699832	186	30.19	30	76
1701855	1701859	5	45.80	57.5	64
1702831	1702844	14	50.00	54	55
1703322	1703404	83	39.73	22	85
1704479	1704483	5	16.20	20.5	21
1706743	1706788	46	164.17	224	236
1706820	1707457	638	25.73	23	80
1708757	1709148	392	39.90	30	247
1709620	1709621	2	14.50	29	29
1711459	1711473	15	40.20	45	47
1712301	1712795	495	12.64	0	112
1714888	1715117	230	71.54	77	139
1715463	1715637	175	5.48	0	21
1715836	1716171	336	0.00	0	0
1716484	1716627	144	0.00	0	0
1718833	1719208	376	2.79	0	17
1719252	1719258	7	0.00	0	0
1721947	1722142	196	0.00	0	0
1722483	1722491	9	0.00	0	0
1722963	1723105	143	0.00	0	0
1723147	1723161	15	0.00	0	0
1724167	1724400	234	84.64	0	415
1724635	1724793	159	31.09	32	72
1726039	1726065	27	43.41	38.5	65
1726098	1726493	396	8.26	0	42
1726918	1727672	755	2.37	0	33
1727703	1728024	322	0.00	0	0
1729153	1729567	415	10.43	0	64
1729686	1729809	124	0.00	0	0
1730180	1730256	77	1.40	0	11
1730390	1730756	367	12.86	5	54
1732269	1732343	75	30.25	35	41
1732386	1732786	401	0.71	0	14
1733351	1733364	14	0.00	0	0
1733403	1733574	172	0.00	0	0
1734736	1734753	18	0.00	0	0
1734793	1735098	306	0.00	0	0
1735131	1735318	188	33.43	21	83
1737353	1737442	90	0.00	0	0
1738433	1738580	148	6.70	0	23
1740969	1741069	101	1.05	0	12
1742453	1742470	18	15.50	15	18
1742506	1742539	34	1.09	0	13
1742631	1743195	565	75.87	31	412
1743270	1743304	35	0.00	0	0
1743378	1743419	42	101.76	19	1626
1743494	1743528	35	1117.00	27	18833
1743602	1743698	97	121.96	0	1056
1745649	1745796	148	0.00	0	0
1746634	1746644	11	0.00	0	0
1746678	1746834	157	0.00	0	0
1747864	1747883	20	0.00	0	0
1748060	1748120	61	0.00	0	0
1748844	1748915	72	10.46	10	18
1749348	1749576	229	14.52	0	119
1749952	1749963	12	0.00	0	0
1750771	1750782	12	2.08	0	13
1750819	1751412	594	47.42	39	188
1752583	1752699	117	8.83	0	35
1752730	1752735	6	10.83	12	15
1753726	1753809	84	21.87	16	71
1754113	1754220	108	81.67	65	173
1756978	1756993	16	12.19	14	22
1757022	1757209	188	15.81	18	40
1758200	1758360	161	20.82	0	74
1759786	1759891	106	7.31	0	59
1759916	1759969	54	14.56	24	27
1761854	1761866	13	0.00	0	0
1761900	1761923	24	9.00	10	14
1762506	1762517	12	0.00	0	0
1762546	1763255	710	9.70	0	61
1764027	1764128	102	2.79	0	19
1764750	1764792	43	31.63	39	73
1764835	1764846	12	0.00	0	0
1765420	1765432	13	2.31	0	10
1766703	1766714	12	0.00	0	0
1766753	1766819	67	1.25	0	13
1767596	1767622	27	0.00	0	0
1768646	1768789	144	30.65	30	109
1769345	1769402	58	210.93	79	551
1770147	1770151	5	81.60	101.5	117
1770947	1770952	6	16.00	19	21
1770981	1771004	24	73.83	77	82
1773562	1773620	59	87.58	65	205
1775997	1776004	8	15.50	19	19
1776563	1776597	35	6.17	10	15
1777639	1777676	38	15.18	15	19
1778124	1778137	14	47.00	54	56
1778164	1778302	139	276.26	50	824
1779017	1779055	39	3.46	0	15
1779836	1779850	15	6.00	10	10
1779887	1780300	414	3.76	0	132
1781690	1781700	11	26.64	29.5	32
1781726	1781770	45	106.64	112.5	121
1783028	1783040	13	0.00	0	0
1783086	1783134	49	15.29	17.5	37
1785970	1785983	14	0.00	0	0
1786032	1786048	17	1.76	0	17
1786511	1787383	873	0.33	0	13
1788179	1788697	519	495.91	0	5357
1789742	1790222	481	52.68	10.5	960
1790256	1790264	9	13.33	15	15
1791183	1791188	6	55.67	68	69
1791450	1791455	6	351.33	426	427
1792269	1792299	31	183.48	180	211
1793011	1793115	105	20.89	17	113
1793147	1793159	13	137.62	151	164
1793526	1793551	26	142.54	156	199
1794536	1794563	28	158.50	134	399
1795182	1795203	22	132.09	130	209
1795597	1795618	22	356.36	387	440
1795979	1796048	70	545.96	440	1803
1796155	1796180	26	1172.00	1232	1349
1796397	1796403	7	323.43	375	463
1797712	1797725	14	2583.29	2577	3165
1798158	1798161	4	168.25	223	231
1798856	1798876	21	596.52	707.5	1138
1799228	1799243	16	350.62	201	1229
1799775	1799790	16	579.31	553	947
1800181	1800198	18	534.11	627	641
1800502	1800506	5	285.80	357.5	360
1801044	1801055	12	456.17	506	555
1801377	1801390	14	102.57	122	125
1801757	1801980	224	1227.21	363	4534
1802242	1802243	2	26.00	52	52
1802433	1802434	2	241.50	483	483
1803525	1803536	12	93.00	76	163
1803864	1803874	11	35.73	38	55
1804151	1804158	8	72.12	85	86
1804990	1804997	8	761.62	865	890
1805927	1805928	2	188.00	376	376
1806571	1806717	147	254.84	94.5	708
1806753	1806790	38	0.00	0	0
1806980	1807188	209	0.00	0	0
1807231	1807358	128	17.10	0	161
1807668	1807687	20	236.75	252	278
1808870	1808902	33	1872.06	1910	2128
1808952	1808959	8	212.38	248	256
1811063	1811083	21	180.05	191	206
1811552	1811671	120	141.43	172	277
1812041	1812221	181	39.23	0	348
1812369	1812377	9	0.00	0	0
1813519	1813690	172	0.00	0	0
1813721	1813760	40	0.00	0	0
1814820	1815055	236	1.39	0	21
1815086	1815109	24	38.71	42	45
1819283	1819437	155	66.05	71	106
1823614	1823806	193	132.32	13	796
1824176	1824235	60	1588.87	1662	2569
1824734	1824963	230	1407.35	562	5454
1825657	1825658	2	393.50	787	787
1826091	1826193	103	531.07	601	1091
1826728	1826731	4	210.75	282	292
1827008	1827124	117	19.45	15	187
1827198	1827206	9	1475.78	390.5	5483
1828389	1828439	51	2366.59	2753	3129
1828512	1828523	12	824.50	222	4233
1828595	1828627	33	1920.79	2244.5	2394
1828709	1828807	99	101.92	10	1885
1829057	1829181	125	3.26	0	18
1829749	1829799	51	15.84	0	45
1829834	1829853	20	0.00	0	0
1830191	1830207	17	0.00	0	0
1830980	1831676	697	40.53	13	202
1831762	1831967	206	4.20	0	17
1832001	1832026	26	5.35	0	25
1834331	1834410	80	11.14	15	28
1834870	1834897	28	14.86	15	17
1836083	1836085	3	85.67	128.5	131
1836118	1836175	58	0.00	0	0
1839564	1839565	2	11.50	23	23
1841388	1841468	81	56.79	64	93
1842393	1842435	43	74.51	76	103
1842469	1842482	14	62.36	67	70
1842984	1843058	75	21.05	0	100
1843254	1843283	30	55.77	29	169
1844619	1844629	11	31.00	35	36
1844662	1844693	32	0.00	0	0
1844856	1845041	186	11.78	13	33
1845690	1845753	64	11.45	0	38
1846210	1846221	12	29.67	34	35
1847140	1847377	238	42.34	32	102
1848218	1848737	520	37.02	29	186
1848972	1849021	50	116.14	142	178
1849610	1849887	278	88.25	19	416
1850437	1850658	222	29.61	17	114
1851090	1851527	438	4.95	0	38
1852998	1853014	17	0.00	0	0
1853058	1853254	197	1.68	0	12
1853754	1853818	65	8.97	0	36
1854579	1854607	29	0.00	0	0
1854647	1854668	22	0.00	0	0
1855089	1855268	180	2.83	0	24
1855419	1855435	17	0.00	0	0
1855631	1855642	12	11.17	12	14
1856657	1856703	47	2.09	0	14
1856739	1856757	19	7.32	10	13
1857970	1858204	235	45.58	0	245
1858504	1858685	182	23.96	18	55
1858810	1859710	901	19.04	19	75
1861710	1861742	33	1.45	0	12
1864014	1864134	121	1.00	0	25
1865149	1865151	3	0.00	0	0
1866190	1866296	107	4.67	0	19
1867161	1867162	2	0.00	0	0
1867199	1867312	114	4.73	0	12
1867824	1867858	35	25.09	25	31
1867889	1867901	13	28.46	30	39
1869918	1870114	197	43.70	0	156
1871234	1871522	289	8.91	0	30
1871704	1872072	369	8.57	0	30
1872106	1872223	118	0.00	0	0
1872515	1872868	354	0.00	0	0
1872981	1873079	99	0.00	0	0
1875967	1876317	351	0.00	0	0
1876391	1876398	8	0.00	0	0
1876473	1876575	103	0.00	0	0
1878114	1878526	413	0.00	0	0
1878564	1878577	14	3.43	0	12
1878992	1879144	153	18.39	20	63
1879949	1879984	36	4.00	0	11
1880390	1880391	2	0.00	0	0
1881076	1881197	122	202.80	22	728
1882239	1882404	166	37.45	41	77
1883629	1883643	15	40.73	43.5	48
1883682	1883747	66	0.00	0	0
1885896	1886379	484	3.87	0	31
1886662	1887184	523	0.95	0	14
1887217	1887810	594	0.00	0	0
1888820	1891119	2300	22.38	0	226
1891510	1891591	82	29.71	0	123
1893038	1893050	13	57.38	65	68
1893081	1893102	22	23.59	22	33
1894372	1894414	43	4.00	0	16
1894862	1894896	35	14.20	15	17
1895936	1895939	4	18.75	25	25
1896013	1896235	223	2.36	0	24
1897487	1897498	12	12.75	15	17
1897525	1897569	45	87.33	120.5	131
1898761	1898764	4	12.50	16	18
1898802	1898814	13	39.08	44	45
1899061	1899109	49	27.00	33.5	37
1899143	1899155	13	8.54	11	12
1900718	1900874	157	20.56	11.5	90
1901394	1901519	126	29.00	0	175
1902524	1902534	11	2.73	0	10
1902580	1902641	62	1.73	0	19
1904034	1904055	22	0.00	0	0
1904450	1904455	6	24.33	29	30
1904945	1904950	6	42.67	49	57
1905079	1905222	144	0.00	0	0
1907815	1908250	436	5.65	0	95
1909253	1909279	27	85.93	89.5	129
1909318	1909406	89	5.85	5	14
1910085	1910546	462	289.78	147	1434
1911180	1911218	39	10.00	11.5	26
1912185	1912412	228	50.13	0	196
1913160	1913172	13	96.00	104.5	136
1914106	1914294	189	23.51	13	85
1914539	1914831	293	39.24	33.5	94
1915135	1915306	172	22.80	19	59
1916576	1916582	7	13.86	16	20
1917212	1917228	17	0.00	0	0
1917742	1917807	66	0.15	0	10
1917853	1917895	43	4.02	0	13
1918316	1918537	222	3.31	0	16
1918566	1918567	2	0.00	0	0
1918745	1918752	8	0.00	0	0
1919338	1919361	24	0.00	0	0
1920938	1921057	120	22.37	16	50
1921394	1921469	76	270.63	388	417
1921917	1922249	333	18.69	0	135
1923150	1923254	105	9.93	0	59
1924356	1924367	12	69.25	77	80
1924402	1924436	35	225.57	17	1476
1924794	1924807	14	344.21	134	1217
1924848	1924853	6	9.17	11	11
1925112	1925125	14	0.00	0	0
1926581	1927363	783	0.13	0	10
1931531	1931587	57	23.12	24	34
1933493	1933805	313	34.12	20	138
1935081	1935185	105	143.28	90.5	260
1936473	1936474	2	0.00	0	0
1936676	1936689	14	14.00	16	16
1936724	1936907	184	0.00	0	0
1936940	1936945	6	0.00	0	0
1937210	1937604	395	6.04	0	23
1938946	1939015	70	8.49	0	27
1939054	1939072	19	0.00	0	0
1939871	1939912	42	3.05	0	11
1940897	1941281	385	8.05	10	30
1941400	1941694	295	4.18	0	26
1941819	1942107	289	0.00	0	0
1942403	1942503	101	11.55	0	32
1942876	1943051	176	49.22	52	81
1943406	1943805	400	38.73	12	216
1944251	1944696	446	49.93	40	196
1945054	1945540	487	2.13	0	14
1945788	1946664	877	16.96	13	81
1947104	1947206	103	0.00	0	0
1947414	1947492	79	30.47	36	62
1947850	1947856	7	0.00	0	0
1949351	1949392	42	0.00	0	0
1950353	1950485	133	8.01	0	39
1951203	1951421	219	10.42	0	131
1952274	1952404	131	40.01	21	112
1953131	1953305	175	33.29	27	81
1953537	1953538	2	0.00	0	0
1954196	1954258	63	3.30	0	11
1954847	1955232	386	96.00	0	395
1956697	1956840	144	56.94	57	114
1956872	1956885	14	4.29	0	12
1957444	1957497	54	0.00	0	0
1957795	1957895	101	35.92	44	76
1958673	1958714	42	0.00	0	0
1959366	1959372	7	23.71	31	32
1959979	1960044	66	7.73	0	22
1960636	1960642	7	51.29	60.5	65
1960988	1961036	49	17.45	17.5	25
1961910	1961934	25	13.76	19	21
1962754	1962755	2	26.50	53	53
1963908	1963916	9	16.56	19	20
1963943	1963963	21	51.81	82.5	106
1965958	1965975	18	12.67	13	15
1967395	1967567	173	3.52	0	13
1968676	1968687	12	0.00	0	0
1969216	1969260	45	11.16	12	19
1969294	1969310	17	27.12	28.5	30
1970424	1970600	177	32.62	18	140
1971180	1971193	14	44.00	52	54
1971226	1971243	18	30.22	32	32
1972096	1972320	225	4.52	0	41
1972396	1972422	27	270.85	290	674
1972497	1972526	30	81.30	43	1462
1972600	1972737	138	29.30	17	857
1975017	1975131	115	6.14	5	19
1975954	1975967	14	34.00	39	39
1976122	1976164	43	38.81	44.5	51
1976285	1976421	137	6.38	0	17
1976673	1976688	16	0.00	0	0
1977475	1977507	33	0.00	0	0
1977554	1977555	2	0.00	0	0
1977748	1978171	424	1.05	0	11
1978787	1978810	24	0.00	0	0
1981132	1981199	68	0.85	0	12
1981302	1981420	119	0.00	0	0
1982861	1982876	16	0.00	0	0
1982909	1983006	98	8.57	0	89
1984322	1984325	4	85.75	113	118
1985055	1985064	10	56.80	69	89
1985095	1985169	75	273.73	220.5	449
1986022	1986402	381	8.62	0	102
1987258	1987345	88	32.38	0	124
1988732	1988734	3	66.33	99.5	101
1988957	1989066	110	113.30	98	237
1989259	1989358	100	54.91	42	120
1990127	1990244	118	11.04	14	24
1992996	1993015	20	12.55	13	14
1993048	1993120	73	60.55	29	156
1994108	1994120	13	6.15	10	10
1994146	1994163	18	66.11	70	72
1994491	1994503	13	24.62	27	29
1994807	1995171	365	5205.68	907.5	28207
1995601	1995615	15	1692.80	1660.5	2591
1996006	1996388	383	12.82	10	130
1996881	1997075	195	6.66	0	18
1998003	1998133	131	1.68	0	15
1998881	1999005	125	22.10	21	57
1999585	1999605	21	129.00	134	146
2000953	2000969	17	252.35	272	284
2001756	2001769	14	87.57	96	102
2001799	2001836	38	0.00	0	0
2001874	2002089	216	5.33	0	19
2003878	2003946	69	11.22	15	24
2004577	2004671	95	0.00	0	0
2005494	2005564	71	3.86	0	38
2006126	2006133	8	0.00	0	0
2006166	2006211	46	27.13	28	38
2006647	2006869	223	2.86	0	19
2007137	2007138	2	0.00	0	0
2008912	2008982	71	4.86	0	19
2009015	2009040	26	0.00	0	0
2009980	2009990	11	21.73	24	25
2010864	2011048	185	8.51	0	57
2011123	2011273	151	29.61	0	1898
2011371	2011463	93	0.00	0	0
2013363	2013377	15	0.00	0	0
2013422	2013873	452	0.00	0	0
2014202	2014257	56	0.00	0	0
2014568	2014645	78	0.00	0	0
2015013	2015246	234	0.00	0	0
2015466	2015501	36	0.00	0	0
2015863	2016321	459	0.00	0	0
2016587	2016725	139	0.00	0	0
2017048	2017050	3	0.00	0	0
2017363	2017385	23	0.00	0	0
2017424	2017439	16	13.00	17	20
2019492	2019547	56	0.27	0	15
2019591	2019609	19	1.05	0	10
2021446	2021481	36	1.89	0	15
2021668	2021720	53	0.00	0	0
2022240	2022524	285	5.32	0	24
2023848	2024067	220	0.00	0	0
2024147	2024173	27	0.00	0	0
2024791	2024899	109	0.00	0	0
2026089	2026372	284	3.89	0	29
2027636	2027652	17	15.59	17	18
2027694	2027709	16	0.00	0	0
2028037	2028071	35	50.03	51	53
2028108	2028113	6	0.00	0	0
2029482	2029497	16	0.00	0	0
2029530	2029538	9	0.00	0	0
2030513	2030573	61	27.79	0	128
2031612	2031668	57	38.39	24.5	76
2032515	2032542	28	49.18	45	64
2033023	2033044	22	9.68	11	12
2033083	2033108	26	0.00	0	0
2034675	2034822	148	0.00	0	0
2036086	2036343	258	5.55	0	38
2036369	2036385	17	0.00	0	0
2037134	2037541	408	0.00	0	0
2037911	2037933	23	0.00	0	0
2038013	2038856	844	0.70	0	15
2039215	2039364	150	2.93	0	12
2040286	2040881	596	0.46	0	14
2041198	2041275	78	21.14	23	41
2041604	2041659	56	0.00	0	0
2042021	2042483	463	0.00	0	0
2042728	2042811	84	0.00	0	0
2043143	2043158	16	0.00	0	0
2043517	2044020	504	0.00	0	0
2044355	2044411	57	0.00	0	0
2044737	2044792	56	0.00	0	0
2045049	2045525	477	0.00	0	0
2045788	2045871	84	0.00	0	0
2046251	2046455	205	3.72	0	17
2046488	2046713	226	0.00	0	0
2048141	2048172	32	0.00	0	0
2048734	2048878	145	4.54	0	14
2050529	2050560	32	4.72	0	13
2050594	2050597	4	0.00	0	0
2051651	2051758	108	0.00	0	0
2051797	2051804	8	0.00	0	0
2053044	2053115	72	0.00	0	0
2053143	2053193	51	1.24	0	11
2053920	2053958	39	8.00	0	19
2054874	2054895	22	13.59	16	30
2054928	2055006	79	5.49	0	16
2055056	2055061	6	0.00	0	0
2055578	2055599	22	0.00	0	0
2056983	2057325	343	4.35	0	32
2058916	2058946	31	0.00	0	0
2060146	2060206	61	30.92	0	95
2060591	2060598	8	39.88	46	46
2060624	2060645	22	54.00	54	64
2061114	2061189	76	87.11	13	336
2061454	2061475	22	27.95	30	36
2061504	2061612	109	30.17	24	67
2062294	2062315	22	68.27	72	77
2062355	2062425	71	62.39	87	99
2062939	2063079	141	6.62	5	17
2065024	2065060	37	0.00	0	0
2065817	2065902	86	16.02	23	30
2066527	2066573	47	0.00	0	0
2068504	2068665	162	4.90	0	15
2068715	2068733	19	0.00	0	0
2069703	2069794	92	0.00	0	0
2069839	2069856	18	0.00	0	0
2071996	2072505	510	11.42	0	217
2072794	2072807	14	109.86	120	130
2072842	2072887	46	1079.67	1442	1583
2074520	2074525	6	124.17	148	160
2074550	2075175	626	9.81	0	149
2076760	2076866	107	86.07	12	345
2076898	2076902	5	0.00	0	0
2077323	2077469	147	0.00	0	0
2077506	2077518	13	10.00	11	12
2078737	2078749	13	0.00	0	0
2078918	2078990	73	16.47	12	42
2079312	2079346	35	24.80	28	32
2079764	2079787	24	12.58	12	17
2080292	2080301	10	11.20	13	13
2080336	2080438	103	8.80	0	24
2083229	2083792	564	8.31	0	129
2084486	2084668	183	56.07	35	225
2084712	2084727	16	21.69	22	27
2089132	2089205	74	18.27	16	31
2089539	2089571	33	7.30	0	20
2091017	2091753	737	8.04	0	30
2091795	2091810	16	0.00	0	0
2094238	2095594	1357	0.60	0	13
2097206	2097218	13	15.38	18	21
2097257	2097268	12	0.00	0	0
2099156	2099284	129	5.13	0	33
2100212	2100231	20	0.00	0	0
2100271	2100318	48	0.00	0	0
2101622	2101917	296	6.94	0	32
2102078	2102862	785	11.83	0	119
2103721	2103770	50	8.44	13	15
2105090	2105122	33	10.27	11	20
2105711	2105763	53	2.64	0	16
2108225	2108228	4	14.75	20	20
2108306	2108307	2	5.50	11	11
2108824	2108957	134	114.43	31	388
2109171	2109187	17	39.29	38.5	68
2109224	2109424	201	8.41	0	117
2110064	2110211	148	0.07	0	10
2111886	2112094	209	4.18	0	28
2112698	2112704	7	0.00	0	0
2112739	2112771	33	20.12	20.5	25
2113204	2113211	8	21.75	28	28
2113903	2113940	38	285.08	283	410
2114151	2114396	246	52.96	38	148
2114433	2114441	9	23.11	26	28
2116290	2116330	41	0.00	0	0
2116514	2116668	155	17.37	21	37
2117404	2117407	4	0.00	0	0
2118092	2118252	161	18.82	0	64
2119117	2119131	15	5.27	5	13
2119173	2119181	9	12.44	18	26
2119752	2119908	157	4.52	0	39
2120767	2120816	50	12.00	13	15
2121237	2121442	206	106.30	64	301
2122650	2122708	59	431.75	486.5	540
2122943	2123014	72	318.96	191	1090
2123483	2123489	7	285.57	331.5	337
2124021	2124033	13	1051.92	1223	1257
2125579	2125605	27	239.33	234	327
2126479	2126518	40	88.33	89	164
2127914	2127926	13	1371.77	1545	1561
2128347	2128520	174	29.57	0	267
2129415	2129418	4	0.00	0	0
2129455	2129533	79	13.41	18	30
2131595	2131610	16	2.50	0	10
2131645	2131669	25	28.20	34	34
2131899	2131923	25	0.00	0	0
2132195	2132699	505	29.54	14.5	202
2133537	2133559	23	0.00	0	0
2133696	2133758	63	10.37	10	29
2134315	2134480	166	29.66	25	61
2134507	2134534	28	21.79	19	39
2135549	2135569	21	24.43	26	27
2136410	2136607	198	136.46	114	322
2137331	2137436	106	16.89	18	39
2138229	2138417	189	5524.92	1113.5	24995
2138447	2138448	2	0.00	0	0
2138932	2138948	17	0.00	0	0
2138983	2138998	16	110.00	118	124
2139743	2139806	64	286.72	347	436
2141370	2141419	50	13.36	15	16
2141465	2141471	7	5.71	10	10
2143338	2143434	97	9.22	15.5	21
2143465	2143478	14	2.86	0	10
2144403	2144430	28	5.75	10	11
2144800	2144809	10	61.20	68	68
2144847	2144848	2	8.00	16	16
2145809	2146002	194	1.60	0	12
2146043	2146658	616	0.58	0	12
2146908	2147001	94	0.00	0	0
2147038	2147047	10	0.00	0	0
2148092	2148183	92	7.96	0	22
2148709	2148885	177	13.93	11	42
2149063	2149098	36	53.50	54	69
2149597	2149746	150	8.41	0	75
2151173	2151189	17	0.00	0	0
2152825	2152851	27	8.44	12	14
2152984	2152999	16	0.00	0	0
2153219	2153285	67	3.45	0	13
2153649	2153653	5	15.20	19.5	20
2153786	2153922	137	5.38	0	66
