#start	end	length	mean	median	max
1	158	158	7.55	0	28
1713	1794	82	32.16	17	70
2896	3046	151	2.34	0	14
5102	5149	48	0.00	0	0
5196	5272	77	0.00	0	0
5714	5838	125	1.99	0	12
6080	6499	420	3.23	0	28
9134	9163	30	0.00	0	0
9206	9364	159	2.09	0	11
10292	10327	36	45.28	60	61
10363	10393	31	6.23	5	14
11069	11090	22	0.00	0	0
11544	11671	128	9.65	0	25
11703	12068	366	4.89	0	21
12305	12416	112	23.99	27	50
12726	12732	7	69.57	82	83
13087	13340	254	10.40	0	116
13623	13981	359	0.09	0	23
14065	14080	16	875.94	351	5087
14429	14437	9	26.56	30	34
15209	15369	161	3.93	0	20
15895	15999	105	15.34	10	60
16654	16668	15	0.00	0	0
16706	16736	31	11.55	12	17
17058	17322	265	17.77	11	64
19498	19762	265	0.11	0	10
20084	20118	35	0.00	0	0
21249	21325	77	0.00	0	0
22280	22324	45	0.00	0	0
22360	22394	35	0.00	0	0
24408	24448	41	1.34	0	24
24482	24505	24	0.00	0	0
26239	26267	29	4.93	0	11
26302	26308	7	0.00	0	0
26948	27011	64	15.44	0	38
28855	28943	89	0.49	0	12
28986	28995	10	0.00	0	0
29851	29940	90	0.00	0	0
29973	29991	19	23.47	27	33
31054	31249	196	3.17	0	38
32165	32251	87	1.11	0	11
34163	34363	201	7.67	0	32
34395	34411	17	0.00	0	0
35738	36106	369	1.13	0	14
36458	36523	66	10.21	11	18
37802	38080	279	16.13	0	56
38475	38535	61	0.00	0	0
38810	39077	268	0.00	0	0
39102	39109	8	0.00	0	0
39671	39690	20	0.00	0	0
40576	40628	53	0.45	0	14
40671	40681	11	23.55	25.5	30
42041	42156	116	16.72	19	29
42855	42973	119	4.30	0	27
44012	44036	25	0.00	0	0
44070	44154	85	0.00	0	0
44197	44214	18	12.78	13	15
47428	47440	13	41.38	41	58
47972	49538	1567	21.71	0	390
49926	50259	334	0.87	0	10
50450	50523	74	1.26	0	11
51655	51926	272	0.27	0	13
52242	52466	225	1.04	0	11
52499	52526	28	10.93	14	17
55668	57121	1454	14.36	0	218
58199	58419	221	1.19	0	16
58493	58574	82	3.70	0	13
59082	59487	406	83.56	53	288
59863	59980	118	35.03	24	84
60479	60496	18	36.61	36	44
61190	61250	61	13.02	10.5	41
61606	61830	225	23.66	24	48
63505	63517	13	12.46	13	16
63554	63620	67	3.15	0	22
64710	64746	37	12.16	16	23
66858	66921	64	1.86	0	14
68215	68230	16	9.94	11	11
68261	68980	720	23.86	12	127
69006	69022	17	0.00	0	0
69777	70213	437	28.41	0	277
71171	71268	98	35.62	30	83
71294	71314	21	24.62	27	30
74102	74115	14	38.64	41	45
74158	74484	327	0.00	0	0
74510	74742	233	1.14	0	14
74768	74782	15	0.00	0	0
75578	76564	987	0.00	0	0
77057	77088	32	47.56	43	66
78055	78310	256	1.26	0	16
78492	78745	254	0.00	0	0
78784	78812	29	0.00	0	0
79470	80057	588	0.00	0	0
80329	80405	77	0.00	0	0
81335	81550	216	0.00	0	0
81584	81943	360	5.08	0	46
81977	81988	12	0.00	0	0
85421	85955	535	0.87	0	19
86411	86664	254	6.96	0	25
87499	87510	12	0.00	0	0
87543	87552	10	0.00	0	0
88843	88884	42	0.00	0	0
90809	90858	50	0.00	0	0
92032	92164	133	0.00	0	0
94563	94578	16	0.00	0	0
97059	97255	197	7.21	0	39
98363	98396	34	0.00	0	0
98847	98877	31	0.00	0	0
99718	99774	57	1.58	0	10
99811	100458	648	9.90	0	46
101536	101617	82	0.00	0	0
102128	103397	1270	18.21	10	180
105567	105587	21	26.81	27	36
106131	106150	20	102.80	84	155
106796	106798	3	72.00	108	108
107396	107400	5	523.80	655	655
108514	108667	154	71.52	82	139
111062	111073	12	21.08	23	23
111107	111183	77	5.30	5	11
111817	112019	203	30.23	26	75
112641	112661	21	89.00	87	118
112695	112857	163	0.52	0	13
116051	116061	11	0.00	0	0
116094	116168	75	14.36	15	20
117231	117233	3	0.00	0	0
117267	117277	11	0.00	0	0
118169	118223	55	0.00	0	0
118332	118489	158	4.56	0	24
119684	119703	20	0.00	0	0
119734	119750	17	0.00	0	0
121158	121353	196	222.65	0	833
122066	122258	193	0.00	0	0
123570	123846	277	0.00	0	0
124127	124243	117	0.00	0	0
124443	124549	107	0.00	0	0
125832	125834	3	0.00	0	0
127326	127546	221	21.74	0	325
128309	128353	45	9.76	0	29
130394	130903	510	0.79	0	12
130945	130949	5	0.00	0	0
130976	130989	14	9.93	11	11
132321	132346	26	0.00	0	0
132473	132574	102	0.00	0	0
133727	133903	177	32.32	29.5	64
134309	134371	63	21.16	26	50
135644	135666	23	0.00	0	0
135695	135830	136	13.46	12	24
136176	136191	16	16.50	19	20
136405	136424	20	28.45	27	36
136453	136550	98	0.67	0	14
136936	137492	557	0.00	0	0
137620	137770	151	4.44	0	15
138995	139095	101	35.05	28	76
139474	139484	11	0.00	0	0
140157	140186	30	20.87	27	32
140700	140789	90	5.10	0	16
141210	141477	268	11.75	10	42
142483	142699	217	15.73	16	33
142901	142977	77	0.00	0	0
144061	144119	59	1.19	0	10
145638	145667	30	0.00	0	0
145815	145842	28	1.79	0	10
147340	147376	37	13.22	17	25
147415	147479	65	0.00	0	0
148107	148155	49	0.00	0	0
148690	148718	29	0.00	0	0
148863	148947	85	0.22	0	19
150226	150240	15	53.33	55.5	68
150273	150435	163	27.80	0	94
150478	150517	40	5.45	10	14
151895	151907	13	0.00	0	0
151948	152039	92	0.00	0	0
152862	152865	4	11.25	15	15
154433	154773	341	22.15	19	64
155081	155151	71	0.00	0	0
155192	155483	292	0.00	0	0
155758	155817	60	0.00	0	0
156212	156292	81	0.00	0	0
156330	156344	15	0.00	0	0
157586	157711	126	2.06	0	14
157749	157761	13	0.00	0	0
159133	159158	26	0.00	0	0
159345	159348	4	0.00	0	0
160351	160449	99	1.82	0	10
161318	161370	53	0.00	0	0
162238	162892	655	8.84	0	145
163026	163143	118	188.26	60	1479
163936	164162	227	16.30	11	46
166764	167174	411	1.51	0	15
167425	167567	143	2.11	0	11
167600	167613	14	0.00	0	0
167803	167837	35	26.31	45	47
168303	168361	59	0.00	0	0
168740	168744	5	0.00	0	0
169120	169179	60	0.00	0	0
170064	170108	45	0.00	0	0
170973	171010	38	0.00	0	0
172119	172197	79	0.00	0	0
173029	173107	79	0.00	0	0
173861	174106	246	7.77	0	28
174134	174153	20	21.55	25	31
174517	174533	17	16.18	17	28
175281	175282	2	71.50	143	143
175790	175807	18	719.72	526	1261
176051	176207	157	13.85	0	112
176446	178181	1736	0.00	0	0
178471	178603	133	0.08	0	10
178632	178638	7	0.00	0	0
180043	180057	15	65.27	70	71
180733	180924	192	35.98	0	134
183080	183090	11	0.00	0	0
183736	183742	7	0.00	0	0
184511	184525	15	6.67	10	10
185210	185215	6	404.00	492	500
185417	185465	49	105.10	129	144
185787	185862	76	13.42	17	28
186184	186271	88	21.09	15	43
186302	186326	25	553.84	532.5	950
187389	187775	387	80.06	0	491
187957	188222	266	0.00	0	0
189372	189504	133	42.13	0	158
189769	189978	210	69.61	67	173
191833	191838	6	111.00	132	136
192772	192777	6	47.17	56	62
192824	192924	101	27.42	31.5	47
193246	193357	112	0.00	0	0
194648	194983	336	0.00	0	0
195947	195948	2	18.00	36	36
196834	196857	24	8.46	0	39
198256	198301	46	30.76	34	37
199816	200205	390	31.27	0	158
200248	200271	24	0.00	0	0
201529	201751	223	1.60	0	16
204134	204490	357	43.12	0	404
205142	205269	128	1.32	0	13
206089	206116	28	11.93	13	19
206152	206176	25	0.00	0	0
207702	208086	385	5.74	0	52
208708	208723	16	0.00	0	0
208759	208982	224	2.39	0	16
210117	210127	11	0.00	0	0
210155	210213	59	0.00	0	0
211195	211237	43	130.60	135	174
211766	211875	110	22.95	24	33
211918	211935	18	0.00	0	0
213529	213637	109	0.00	0	0
214031	214063	33	20.97	28	34
214829	214843	15	10.93	12	13
215579	215613	35	11.51	13	15
216250	216314	65	10.69	10	34
216360	216381	22	18.36	18	27
217882	218068	187	14.63	19	38
219125	219147	23	0.00	0	0
220675	220681	7	9.86	10	15
220714	220732	19	19.21	21.5	26
221726	222118	393	7.46	0	86
222458	222477	20	12.80	14	14
222511	222517	7	40.14	48	48
223892	223912	21	3.86	0	11
224780	224809	30	0.00	0	0
225633	225703	71	0.00	0	0
225733	225742	10	41.70	47	47
226274	226377	104	10.65	0	84
226834	227046	213	0.00	0	0
227121	227203	83	0.47	0	21
227239	227385	147	0.00	0	0
229270	229299	30	410.93	456	933
229720	230199	480	32.68	22	91
230443	230447	5	0.00	0	0
230832	230840	9	0.00	0	0
230881	230923	43	0.00	0	0
231045	231054	10	210.90	233	244
231442	231448	7	20.14	23	26
231482	231483	2	9.50	19	19
232939	232955	17	0.00	0	0
233784	233862	79	1.59	0	13
234250	234398	149	0.00	0	0
234924	235368	445	1.52	0	30
236542	236566	25	0.00	0	0
236595	236600	6	0.00	0	0
239070	239100	31	0.00	0	0
239144	239205	62	1.77	0	10
240490	240659	170	0.39	0	12
241256	241341	86	8.88	11	19
242322	242340	19	0.00	0	0
242375	242397	23	52.13	55	56
243016	243239	224	57.74	52	151
244518	244533	16	69.31	74	80
244566	244632	67	6.43	0	24
244834	244921	88	0.00	0	0
245951	246158	208	24.02	24	44
246690	246913	224	3.93	0	22
247852	247876	25	27.24	28	33
248171	248227	57	0.00	0	0
248390	248548	159	20.23	15	146
248639	248914	276	31.95	0	217
249698	249736	39	36.72	36.5	47
250607	250617	11	18.27	21	21
250657	250668	12	0.00	0	0
251278	251399	122	22.48	0	119
251602	251609	8	26.62	43	45
252027	252029	3	10.00	15	15
252812	253333	522	0.00	0	0
254366	254382	17	0.00	0	0
254415	254446	32	3.22	0	11
254870	254949	80	4.42	0	25
255424	255472	49	0.00	0	0
255794	255966	173	0.00	0	0
256684	256697	14	0.00	0	0
257654	257677	24	10.33	10	13
257710	259241	1532	0.00	0	0
260107	260588	482	6.90	0	45
261213	261273	61	0.82	0	10
261763	261805	43	16.98	18	21
261854	261864	11	28.55	31	35
263407	263602	196	21.51	0	233
265131	265146	16	0.00	0	0
266419	266435	17	18.29	19	23
266890	266896	7	14.86	17	18
267269	267288	20	83.20	88	92
267325	267328	4	9.75	13	13
268055	268098	44	33.14	21	55
268552	268664	113	7.81	0	29
269232	269248	17	4.53	0	17
270026	271015	990	7.21	0	73
272216	272234	19	25.79	28	29
272269	272293	25	8.08	12	15
277073	277496	424	0.87	0	25
279678	279704	27	0.00	0	0
279737	279749	13	17.38	18.5	21
281674	281752	79	4.30	0	13
281812	281858	47	0.00	0	0
282655	282854	200	0.48	0	22
283173	283230	58	0.00	0	0
284008	284061	54	41.39	63	83
284539	284542	4	18.50	25	25
285539	285661	123	14.73	14	36
286079	286102	24	3.38	0	14
286670	286705	36	9.92	12	16
286735	286762	28	15.29	17	17
287645	287839	195	0.65	0	14
288162	288333	172	0.00	0	0
288365	288379	15	39.47	42	44
289250	289506	257	28.16	30	85
291043	291063	21	0.00	0	0
291101	291114	14	0.00	0	0
291853	292058	206	4.54	0	35
294242	294378	137	1.90	0	10
294413	294434	22	0.00	0	0
295443	295486	44	0.00	0	0
295517	295526	10	0.00	0	0
296640	296820	181	1.40	0	14
296895	296949	55	40.44	0	236
298861	298880	20	17.65	18	22
299425	299548	124	915.73	603	1728
299744	299758	15	254.87	276.5	294
300116	300292	177	25.65	15.5	152
301346	301364	19	0.00	0	0
301776	301899	124	20.38	16	46
302099	302131	33	9.24	0	29
302375	302382	8	73.00	83	101
303130	303222	93	82.24	24	157
305584	305659	76	81.92	36	270
306252	306429	178	1.22	0	21
306913	306919	7	0.00	0	0
306953	306982	30	0.00	0	0
307023	307548	526	0.00	0	0
309983	310108	126	4.47	0	17
311394	311403	10	0.00	0	0
311443	311580	138	64.30	46	328
312028	312033	6	49.17	59	60
313829	313838	10	0.00	0	0
313885	313911	27	4.37	0	16
314851	314852	2	0.00	0	0
314917	314953	37	0.00	0	0
315554	315562	9	0.00	0	0
315599	315739	141	29.34	0	138
317411	317523	113	7.12	0	44
317598	317617	20	34.45	37	37
317690	317696	7	15.00	22	22
317725	318157	433	0.00	0	0
319775	319872	98	0.00	0	0
320263	320307	45	26.11	25	41
321043	321058	16	0.00	0	0
321095	321264	170	948.92	0	4879
321742	321825	84	340.27	385	713
321860	321871	12	0.00	0	0
322364	322375	12	0.00	0	0
322748	322817	70	0.00	0	0
323002	323012	11	0.00	0	0
323374	323454	81	77.78	16	207
323746	323876	131	239.92	0	684
324813	325072	260	0.83	0	31
325574	325583	10	0.00	0	0
325612	325627	16	62.88	67	68
326501	326608	108	0.00	0	0
326960	327040	81	11.70	16	22
327272	327274	3	10.00	15	16
327309	327645	337	36.65	0	159
328507	328605	99	46.72	0	140
329563	329575	13	25.54	28	31
329613	329679	67	3.42	0	46
329702	329798	97	108.19	81	340
331920	331933	14	26.86	29	32
331966	331994	29	0.00	0	0
332972	333110	139	6.99	0	36
334562	334759	198	278.19	56	1553
335690	336096	407	85.17	39	787
336431	336689	259	9.63	11	23
336877	337015	139	16.76	10	43
337044	337102	59	13.39	13	26
337337	337477	141	0.08	0	11
337511	337538	28	21.64	25	30
338556	338703	148	3.95	0	26
340495	340638	144	7.98	0	26
341338	341422	85	2.29	0	16
341449	341525	77	471.47	747	809
342636	342671	36	133.86	158	171
343647	343652	6	73.33	88	89
344001	344007	7	40.43	47	48
344785	344812	28	19.14	24	41
345026	345128	103	32.58	24.5	71
345438	345439	2	14.00	28	28
346170	346194	25	43.04	45	48
346513	346519	7	0.00	0	0
346555	346734	180	12.33	0	51
348177	348178	2	15.50	31	31
349145	349425	281	1.44	0	11
349849	349868	20	38.70	42	46
350631	350704	74	112.65	25	404
353191	353213	23	0.43	0	10
353235	353267	33	10.97	15	16
354330	354350	21	0.00	0	0
354390	354394	5	13.20	16.5	17
356282	356284	3	0.00	0	0
358441	358467	27	0.00	0	0
358723	358829	107	11.27	0	38
360207	360212	6	0.00	0	0
360247	360483	237	29.53	28	78
360862	361048	187	1.33	0	15
361082	361087	6	0.00	0	0
365086	365122	37	0.00	0	0
365159	365164	6	0.00	0	0
366071	366357	287	74.84	0	1057
367889	367900	12	24.33	25	38
368654	368670	17	22.18	22	36
368701	368711	11	0.00	0	0
370092	370147	56	11.43	13	14
370184	370261	78	2.26	0	18
370769	370835	67	60.43	70	90
370872	370890	19	0.00	0	0
372304	372534	231	5.95	0	29
372895	373124	230	0.00	0	0
373737	373761	25	0.00	0	0
373788	373791	4	0.00	0	0
374498	374715	218	6.31	0	23
376681	376746	66	7.61	12	19
377365	377476	112	12.21	0	121
377759	377929	171	36.33	34	82
378944	378964	21	0.00	0	0
379000	379009	10	6.20	10	12
380165	380369	205	3.91	0	30
381141	381160	20	16.55	17	24
381180	381339	160	16.58	20	33
382003	382007	5	45.00	56.5	57
382045	382059	15	19.93	21	22
382816	382842	27	0.00	0	0
383731	383752	22	0.00	0	0
384317	384368	52	3.94	0	13
385143	385199	57	0.00	0	0
385848	385861	14	9.29	10	12
386900	386945	46	0.00	0	0
388323	388381	59	2.46	0	21
388568	388661	94	595.98	792	1058
389811	389911	101	31.22	24	65
391214	391228	15	23.80	26	43
391268	391402	135	0.00	0	0
391433	391451	19	0.00	0	0
392289	392505	217	8.60	0	51
393151	393676	526	15.44	13	64
394415	394472	58	21.28	18	36
395433	395498	66	9.18	11	19
396501	396519	19	0.00	0	0
396546	396577	32	0.00	0	0
398120	398237	118	0.00	0	0
399087	399309	223	77.83	0	353
399803	399916	114	0.00	0	0
400410	400466	57	0.00	0	0
400505	400708	204	0.00	0	0
403805	403808	4	0.00	0	0
403839	403846	8	0.00	0	0
406136	406139	4	9.00	12	12
406440	406686	247	456.19	0	1840
406888	406919	32	232.75	242	424
406950	407188	239	14.04	0	302
408518	408607	90	0.00	0	0
408634	408673	40	20.93	12	86
409178	409226	49	29.67	29	39
409938	409944	7	0.00	0	0
409975	410008	34	0.00	0	0
411707	412066	360	1.81	0	12
413423	413597	175	24.65	24	40
413919	413998	80	98.92	45	289
414017	414025	9	87.00	98	130
414977	415004	28	14.89	16	19
415578	415589	12	8.33	10	10
416175	416314	140	4.80	0	16
417047	417057	11	40.55	44	47
417107	417114	8	0.00	0	0
417679	417776	98	0.61	0	10
418164	418217	54	0.00	0	0
419115	419147	33	4.52	0	11
420603	420714	112	40.37	32	74
421382	421384	3	21.67	32.5	33
422678	422769	92	3.98	0	29
422803	422807	5	0.00	0	0
423462	423476	15	0.00	0	0
423507	423519	13	0.00	0	0
423742	423972	231	0.00	0	0
424108	425227	1120	9.01	0	160
425516	426077	562	0.00	0	0
426618	426785	168	0.00	0	0
427707	427787	81	0.00	0	0
428427	428483	57	1.93	0	10
429273	429440	168	0.00	0	0
429514	429657	144	8.05	0	31
430447	430464	18	51.00	54	60
430494	430571	78	0.71	0	11
431406	431421	16	14.81	15	20
431461	433053	1593	15.72	11	108
433469	433711	243	19.15	20	34
434291	434302	12	15.17	18	19
435146	435155	10	1344.60	1468	1619
435229	435243	15	525.20	704	802
435317	435321	5	75.80	95	95
435351	435486	136	94.79	36	237
436468	436536	69	36.94	41.5	68
437107	437162	56	87.93	128	149
437192	437234	43	2.02	0	13
438402	438552	151	1.19	0	14
440077	440089	13	17.77	21	23
440122	440134	13	0.77	0	10
441209	441351	143	0.00	0	0
442171	442381	211	6.17	0	22
442971	443376	406	11.17	0	44
443707	444038	332	88.87	37	357
444546	444721	176	85.45	85	130
444752	444785	34	1.32	0	15
445096	445143	48	14.08	19	28
445352	445523	172	11.56	0	88
446928	447237	310	31.99	17	130
447901	447934	34	12.65	16	17
450586	450599	14	1.57	0	11
450633	450657	25	2.00	0	10
450964	451400	437	0.00	0	0
451612	451839	228	4.45	0	30
452290	452298	9	12.67	14	16
452335	452363	29	67.38	78.5	93
453549	453558	10	24.30	28	28
453592	453862	271	3.92	0	14
454640	454724	85	17.65	15	26
454813	454892	80	191.34	217	566
454980	455172	193	0.46	0	59
456367	456724	358	5.01	0	25
456992	457188	197	5.32	0	25
457870	457882	13	0.00	0	0
458417	458529	113	0.00	0	0
458743	458796	54	0.00	0	0
459465	459606	142	0.00	0	0
460291	460361	71	0.00	0	0
460733	460948	216	0.00	0	0
461234	461421	188	0.00	0	0
462168	462202	35	0.00	0	0
462401	462600	200	0.00	0	0
463446	463488	43	32.16	25.5	70
463924	464038	115	5.46	0	13
464753	465139	387	0.00	0	0
465458	465464	7	0.00	0	0
465858	465977	120	0.00	0	0
468398	468416	19	0.00	0	0
468699	468739	41	0.00	0	0
469232	469410	179	0.00	0	0
469558	469695	138	0.00	0	0
470462	470507	46	17.46	24	27
470913	471137	225	55.94	19	222
471642	471964	323	1432.22	41	9423
472184	472200	17	0.00	0	0
472235	472478	244	8.98	0	46
472926	472989	64	0.00	0	0
476553	476622	70	0.00	0	0
477800	477820	21	0.00	0	0
479687	479691	5	0.00	0	0
480220	480369	150	0.00	0	0
481125	481152	28	0.00	0	0
481924	481986	63	0.00	0	0
482314	482327	14	0.00	0	0
482592	482593	2	0.00	0	0
484042	484045	4	23.75	32	32
484475	484504	30	47.03	58	67
484784	485025	242	135.55	133	410
489169	489215	47	0.00	0	0
489244	489282	39	0.00	0	0
489586	489592	7	0.00	0	0
490526	490590	65	169.02	143	485
490822	490831	10	13.70	15	17
491177	491178	2	29.50	59	59
491413	491621	209	26.74	0	224
492159	492161	3	0.00	0	0
492504	492679	176	0.00	0	0
492989	493003	15	0.00	0	0
493171	493182	12	0.00	0	0
496228	496231	4	0.00	0	0
496265	496289	25	23.80	25	32
496767	496975	209	3280.00	733	12371
497008	497110	103	0.00	0	0
498098	498359	262	10.92	12	30
498546	498788	243	10.29	0	132
499821	499834	14	27.50	29	31
499867	500438	572	2.69	0	31
501472	501652	181	0.28	0	10
503633	503661	29	0.00	0	0
503690	503724	35	0.00	0	0
505276	505290	15	0.00	0	0
505444	505445	2	0.00	0	0
505488	505528	41	0.00	0	0
507700	507712	13	0.00	0	0
509147	509231	85	0.00	0	0
509274	509406	133	0.00	0	0
510167	510722	556	0.00	0	0
511095	511104	10	0.00	0	0
511130	511135	6	0.00	0	0
511173	511428	256	13.84	14	39
511799	511947	149	3.99	0	12
512201	512904	704	10.37	11	44
514000	514118	119	5.66	0	21
514165	514172	8	11.12	13	13
515215	515295	81	13.41	14	34
515334	515355	22	37.27	39	43
515809	515887	79	14.76	15	23
517276	517342	67	9.33	0	33
517898	518015	118	0.00	0	0
520077	520168	92	0.00	0	0
523106	523145	40	0.00	0	0
523186	523201	16	0.00	0	0
524159	524215	57	0.00	0	0
524243	524252	10	0.00	0	0
525117	525150	34	5.09	0	14
525511	525587	77	95.99	44.5	236
526065	526088	24	28.25	31	32
526779	526784	6	14.33	18	19
527658	527679	22	0.00	0	0
527722	527867	146	0.00	0	0
531486	531769	284	0.00	0	0
532718	532939	222	0.00	0	0
534431	534448	18	0.00	0	0
534488	534500	13	0.00	0	0
535896	535923	28	0.00	0	0
536110	536175	66	14.73	19	23
536734	536936	203	3.17	0	18
537588	539364	1777	9.23	0	66
539996	540025	30	0.00	0	0
540058	540133	76	38.39	0	167
541682	541696	15	45.47	48.5	51
541727	542037	311	0.00	0	0
542068	542107	40	42.42	43	57
543890	543909	20	117.30	124	128
544198	544444	247	27.49	24	76
546032	546061	30	470.03	487	501
546091	546183	93	58.48	70.5	109
548845	549543	699	54.50	0	646
551254	551263	10	56.10	63	64
551297	551318	22	10.32	13	15
551973	551984	12	12.08	13	14
552979	552982	4	0.00	0	0
553541	553868	328	4.25	0	30
555663	555791	129	34.53	32	64
557265	557275	11	0.00	0	0
557304	557596	293	17.38	16	60
559622	559745	124	0.00	0	0
559780	559801	22	16.36	19	20
560558	561580	1023	3.61	0	40
561621	561639	19	0.00	0	0
562354	562376	23	0.00	0	0
562488	562578	91	0.00	0	0
562631	562638	8	0.00	0	0
562742	562746	5	0.00	0	0
562826	562946	121	0.00	0	0
563017	563063	47	0.23	0	11
563158	563165	8	0.00	0	0
563215	563255	41	0.00	0	0
563359	563366	8	0.00	0	0
563461	563999	539	0.30	0	10
565884	565940	57	9.37	11	17
568116	568256	141	7.73	0	42
569205	569362	158	479.91	110	2136
569729	569731	3	41.33	62	63
570032	570040	9	332.56	370.5	395
570269	570287	19	49.11	51	59
570738	570743	6	48.83	59	59
570803	571362	560	28.51	19	157
572167	572169	3	0.00	0	0
572914	572970	57	7.25	10	16
573241	573499	259	18.64	12	79
573980	573982	3	0.00	0	0
574015	574028	14	39.00	45	46
575238	575320	83	0.00	0	0
575446	575644	199	25.52	23	52
577898	577910	13	0.00	0	0
577959	578213	255	0.00	0	0
578395	578771	377	34.01	0	219
580083	580180	98	151.52	156	240
580793	580813	21	18.86	22.5	23
580844	580848	5	0.00	0	0
582112	582129	18	7.00	12	13
582889	582893	5	15.00	19	19
583986	584131	146	2.86	0	16
584543	584615	73	33.68	19.5	92
585765	586296	532	1.93	0	25
587056	587780	725	6.94	0	49
588157	588392	236	9.87	0	45
588798	588958	161	0.00	0	0
588982	588995	14	72.00	77	126
589305	589320	16	135.25	155	191
591004	591158	155	49.70	45	108
591813	591995	183	0.00	0	0
592035	592047	13	0.00	0	0
593416	593891	476	29.20	13	122
594582	594651	70	0.00	0	0
596626	596806	181	22.10	0	130
597470	597524	55	0.00	0	0
598378	598439	62	22.52	30	34
599205	599423	219	1.88	0	26
599458	599469	12	48.00	52	54
599779	600311	533	9.53	0	154
602589	602882	294	16.05	13	51
604035	604049	15	15.13	17	20
604086	604157	72	0.00	0	0
604479	604488	10	60.60	69	69
604765	604934	170	16.94	12	69
606219	606267	49	40.90	41	81
606706	606722	17	0.00	0	0
607563	607586	24	0.00	0	0
607968	608007	40	41.02	43	51
608103	608131	29	0.00	0	0
608432	608467	36	0.00	0	0
608585	608619	35	4.29	0	10
608651	608659	9	0.00	0	0
612362	612422	61	5.43	0	14
615213	615223	11	0.00	0	0
615262	615311	50	0.00	0	0
615330	615337	8	0.00	0	0
617342	617566	225	12.44	10	41
618218	618398	181	0.00	0	0
618424	618438	15	0.00	0	0
621187	621286	100	3.20	0	25
621836	621898	63	65.37	71.5	180
622041	622049	9	1.11	0	10
622368	622456	89	26.19	29.5	48
622841	623031	191	23.53	17.5	49
623324	623655	332	33.71	16	151
623944	623951	8	14.38	16	18
625164	625194	31	0.32	0	10
625868	625918	51	1.25	0	11
625959	625990	32	1343.38	1406	1607
627161	627177	17	421.12	445.5	470
627208	627311	104	6.66	0	24
632344	632562	219	0.00	0	0
633481	633506	26	0.00	0	0
633534	633540	7	0.00	0	0
634445	634629	185	63.15	51	126
635872	635882	11	395.00	455	480
635923	635933	11	117.64	128	133
635968	635980	13	36.00	39	39
637172	637577	406	86.32	0	561
638076	638162	87	4.75	0	16
638715	638728	14	4.93	0	12
638929	639218	290	0.00	0	0
639262	639281	20	53.25	60	66
640668	640880	213	53.19	54	111
641943	641952	10	0.00	0	0
641982	641996	15	40.47	50.5	56
642327	642626	300	1.82	0	20
643098	643120	23	9.57	10	10
643161	643170	10	0.00	0	0
643990	644188	199	0.00	0	0
645542	646045	504	0.34	0	19
647585	647599	15	9.73	12	13
647638	647645	8	9.88	11	12
648696	648915	220	1.42	0	28
649546	649556	11	0.00	0	0
649601	649677	77	0.13	0	10
650686	650730	45	5.04	5	12
650773	650779	7	43.57	52	52
652208	652252	45	13.76	12	30
654625	654689	65	36.98	31.5	60
654978	655129	152	24.47	14	83
655781	655787	7	21.14	24	27
657129	657179	51	0.00	0	0
657606	657752	147	1.45	0	12
657939	657953	15	0.00	0	0
659208	659245	38	0.00	0	0
660151	660155	5	0.00	0	0
660969	661031	63	0.00	0	0
661110	661214	105	0.61	0	11
661998	662028	31	22.61	22	28
662080	662117	38	0.00	0	0
662957	662986	30	6.90	0	20
664055	664090	36	6.58	11	17
664820	664837	18	30.50	37	44
666107	666238	132	3.21	0	18
666274	666275	2	0.00	0	0
666915	666938	24	5.00	10	10
666967	666978	12	9.17	10	10
667231	667327	97	12.04	10	34
668735	669042	308	59.50	0	416
670336	670348	13	15.23	16.5	17
670393	670460	68	0.00	0	0
671136	671210	75	0.00	0	0
671934	671940	7	10.00	12	12
671970	672087	118	10.92	10	27
673366	673442	77	1.69	0	17
677019	677178	160	0.00	0	0
677329	677598	270	0.09	0	12
677633	677672	40	0.35	0	14
678447	678589	143	10.68	10.5	44
678617	678636	20	0.00	0	0
679429	679477	49	8.59	11	18
680885	680959	75	20.32	21	28
681326	681533	208	15.67	11	55
681566	681601	36	0.00	0	0
681783	681786	4	0.00	0	0
682259	682266	8	0.00	0	0
682820	682822	3	0.00	0	0
683034	683298	265	3.17	0	16
683468	683632	165	5.99	0	23
684151	684225	75	0.00	0	0
687344	688650	1307	23.61	15	100
689959	690059	101	0.00	0	0
693084	693135	52	0.00	0	0
693367	693415	49	30.76	31	43
695169	695181	13	0.00	0	0
696022	696090	69	23.87	22	44
697690	697718	29	0.00	0	0
697986	698002	17	0.00	0	0
699092	699442	351	1.11	0	12
699485	699916	432	0.00	0	0
700041	700381	341	1.76	0	17
700452	700624	173	3.51	0	13
701022	704011	2990	0.24	0	12
704256	704804	549	0.00	0	0
705214	706350	1137	0.00	0	0
706460	706885	426	2.45	0	16
707121	707365	245	0.00	0	0
708270	708429	160	0.00	0	0
708796	709173	378	10.88	10	34
710221	710376	156	0.00	0	0
711391	711439	49	0.00	0	0
711476	711636	161	0.00	0	0
711820	711957	138	0.09	0	12
711997	712010	14	0.00	0	0
712647	712858	212	6.89	0	64
714692	715213	522	23.96	0	351
716657	716810	154	32.18	31	73
718471	718521	51	33.84	37.5	42
719368	719595	228	3.56	0	20
721240	721252	13	36.77	40	40
721457	721458	2	0.00	0	0
722470	722516	47	0.00	0	0
722655	722895	241	0.73	0	12
723464	725366	1903	0.00	0	0
725485	725960	476	0.00	0	0
726412	726541	130	0.00	0	0
727313	727335	23	0.00	0	0
728236	728324	89	0.00	0	0
728554	728610	57	0.00	0	0
729262	729285	24	0.00	0	0
729568	729606	39	1.46	0	12
729868	730253	386	0.00	0	0
730537	730892	356	0.00	0	0
731146	731377	232	0.00	0	0
732312	732448	137	0.00	0	0
732743	733056	314	9.26	0	41
734113	734142	30	16.13	19	21
734171	734184	14	0.00	0	0
736198	736219	22	0.00	0	0
736982	737183	202	4.81	0	24
738228	738882	655	12.68	0	179
739216	739261	46	17.35	19	25
739288	739298	11	0.00	0	0
741420	741467	48	0.00	0	0
741500	741516	17	0.00	0	0
743491	743636	146	5.90	0	55
743820	743832	13	14.77	16	17
744499	744500	2	0.00	0	0
745212	745261	50	0.00	0	0
745745	745768	24	0.00	0	0
745811	746011	201	0.00	0	0
746406	746466	61	0.00	0	0
746741	747032	292	0.00	0	0
747073	747143	71	0.00	0	0
747451	747668	218	0.00	0	0
748575	748732	158	0.00	0	0
751153	751361	209	0.00	0	0
751974	752049	76	6.18	0	19
752080	752093	14	0.00	0	0
752754	752763	10	4.10	0	11
753625	753639	15	14.20	14.5	24
754072	754219	148	15.47	0	55
754910	754929	20	12.75	13	15
754967	755000	34	288.59	329	330
755146	755150	5	40.80	51	51
756180	756200	21	0.00	0	0
756239	756265	27	26.22	27.5	28
756572	756605	34	8.00	11	17
756744	756991	248	0.00	0	0
758222	758248	27	0.00	0	0
758281	758302	22	0.00	0	0
759929	760080	152	2.44	0	22
760453	760503	51	14.31	15	26
762040	762058	19	30.42	33.5	39
762088	762108	21	0.00	0	0
762724	762738	15	22.27	24	24
762769	762906	138	174.05	144	487
763156	763286	131	0.94	0	11
765220	765229	10	31.20	35	35
765273	765288	16	39.75	41	47
767032	767248	217	2.23	0	18
767667	767721	55	1.87	0	15
768721	768870	150	0.00	0	0
769464	769562	99	23.59	0	84
772638	772651	14	10.07	11	11
774384	774581	198	29.02	30	68
774951	775029	79	21.08	24	32
776950	776977	28	0.00	0	0
777332	777424	93	0.00	0	0
777935	777984	50	11.02	12	28
778159	778407	249	1.51	0	14
778828	778866	39	5.67	5	13
779524	779606	83	13.57	23	36
780012	780028	17	32.00	33	41
780974	780985	12	25.92	29	29
781028	781082	55	6.58	0	15
782151	782210	60	0.00	0	0
782611	782665	55	36.22	37	42
784212	784295	84	0.14	0	12
784336	784688	353	3.99	0	33
785151	785180	30	41.37	43	48
785652	785741	90	476.61	623	1025
786312	786350	39	0.00	0	0
788907	789055	149	5.81	0	40
790517	790538	22	16.45	17	18
790581	790590	10	0.00	0	0
790837	790854	18	16.78	19	19
793228	793318	91	49.16	64	86
793403	793443	41	146.98	0	2518
793532	793538	7	39.71	33.5	108
793567	793664	98	0.00	0	0
795740	795817	78	0.00	0	0
795855	795858	4	0.00	0	0
796747	796831	85	0.98	0	11
797468	797469	2	0.00	0	0
797520	797532	13	0.00	0	0
797569	797897	329	0.00	0	0
798978	799158	181	0.00	0	0
799523	799669	147	0.00	0	0
800241	800341	101	0.00	0	0
800658	801032	375	0.00	0	0
801205	801311	107	0.00	0	0
801802	801875	74	0.00	0	0
802063	802676	614	0.00	0	0
802716	802734	19	0.00	0	0
804592	804635	44	0.00	0	0
805747	805774	28	0.00	0	0
805835	805844	10	0.00	0	0
806895	806914	20	0.00	0	0
807096	807103	8	5.50	11	11
808478	808541	64	47.97	53	65
808845	809471	627	21.91	14	121
809670	809678	9	0.00	0	0
810462	810537	76	21.71	30	35
811816	811915	100	26.65	27	52
812873	813086	214	106.36	17	836
813486	813555	70	38.04	43	65
813751	814523	773	28.24	24	90
814562	814565	4	22.00	29	30
814905	814962	58	10.79	11	14
815719	815759	41	42.22	45	50
816363	816372	10	0.00	0	0
816517	816595	79	23.62	12	52
818456	818628	173	0.71	0	13
819499	819575	77	0.00	0	0
820947	820971	25	0.00	0	0
821689	821856	168	9.02	0	34
822526	822901	376	22.70	16	95
823547	823550	4	0.00	0	0
823730	824046	317	0.00	0	0
824306	824319	14	0.00	0	0
824525	824562	38	0.00	0	0
824996	825234	239	0.00	0	0
825560	825708	149	0.00	0	0
825742	825811	70	9.07	0	36
827143	827146	4	0.00	0	0
827187	827289	103	12.52	0	34
827575	827591	17	19.00	20	23
828486	828529	44	16.05	18	32
828563	828657	95	0.00	0	0
829786	829800	15	0.00	0	0
829843	829861	19	0.00	0	0
830711	830723	13	22.08	23	26
830766	830797	32	7.00	0	46
831458	831604	147	4.18	0	23
831644	831658	15	5.33	0	16
833210	833709	500	5.68	0	51
834398	834557	160	15.99	18	34
834715	834818	104	10.48	10	35
836079	836206	128	0.08	0	10
836240	836256	17	0.00	0	0
839299	839466	168	20.43	0	129
840145	840175	31	0.00	0	0
840533	840760	228	1.88	0	13
840795	840822	28	0.00	0	0
840958	841186	229	37.08	0	160
841500	841710	211	26.28	26	50
842065	842122	58	30.98	13	70
842723	842749	27	13.37	14	17
842787	842816	30	7.80	13	21
843660	843666	7	13.14	15	16
844124	844151	28	187.32	202	224
844398	844640	243	35.17	0	515
845613	845720	108	29.46	33	50
845753	845773	21	182.05	231	232
845990	846191	202	106.91	0	657
846328	846845	518	389.73	104	2657
847033	847066	34	28.71	23	62
847608	847620	13	44.69	50.5	52
848339	848530	192	112.14	79	324
848771	848839	69	24.20	28	58
850088	850109	22	15.86	18	20
850142	850162	21	28.00	32	35
850550	851491	942	9.51	0	52
852281	852306	26	0.00	0	0
852334	852355	22	0.00	0	0
852383	852433	51	0.00	0	0
853076	853096	21	21.67	25	28
855005	855028	24	0.00	0	0
855356	855506	151	0.00	0	0
856980	857065	86	8.24	10	23
858002	858004	3	0.00	0	0
858863	858881	19	0.00	0	0
860016	860064	49	0.00	0	0
860545	861002	458	23.44	24	60
861610	861695	86	0.00	0	0
861899	861992	94	0.00	0	0
862182	862281	100	0.00	0	0
862885	862949	65	8.75	0	54
863310	863629	320	2.76	0	209
864449	864622	174	0.00	0	0
864777	864822	46	0.00	0	0
865722	865779	58	0.00	0	0
865846	865856	11	0.00	0	0
866937	867044	108	0.00	0	0
867068	867076	9	0.00	0	0
867623	867719	97	0.62	0	21
867749	867764	16	4.12	0	16
868089	868109	21	39.81	43	58
868297	868320	24	0.00	0	0
870010	870108	99	10.81	13	24
870526	870644	119	233.80	188.5	583
870924	871107	184	0.00	0	0
874939	874952	14	0.00	0	0
874993	875017	25	6.20	10	11
876017	876038	22	0.00	0	0
876071	876079	9	9.78	13	13
876260	876374	115	4.70	0	17
876419	876434	16	0.00	0	0
876564	876613	50	0.00	0	0
876776	876826	51	0.00	0	0
877740	878295	556	4.70	0	35
878770	879079	310	6.85	0	43
879113	879162	50	0.00	0	0
880462	880470	9	0.00	0	0
880513	880541	29	0.00	0	0
881073	881097	25	0.00	0	0
881130	881131	2	0.00	0	0
882707	882769	63	0.00	0	0
884174	884458	285	0.00	0	0
887385	887402	18	4.50	0	28
887441	887535	95	39.13	24	132
887953	887954	2	0.00	0	0
888189	888396	208	18.89	17	56
889216	889389	174	0.00	0	0
889544	889994	451	0.00	0	0
890239	890562	324	0.00	0	0
890604	890631	28	178.36	182	231
891520	891532	13	202.92	222.5	229
892709	892770	62	27.81	30	64
893056	893140	85	43.51	40	74
893167	893177	11	22.91	27.5	32
894609	894706	98	113.19	110	281
894774	894871	98	38.49	40	71
896051	896113	63	154.14	172	219
896141	896152	12	0.00	0	0
898979	899045	67	124.54	131.5	160
899069	899185	117	140.57	118	284
900467	900580	114	330.32	157	755
900827	900832	6	63.33	76	77
901559	901659	101	45.32	45.5	93
903421	903425	5	113.00	141	142
904136	904198	63	172.19	222	228
904411	904424	14	62.29	66	76
905826	906076	251	178.57	52	2408
906812	906916	105	339.64	105	1014
907079	907092	14	16.00	17	22
909367	909504	138	9.49	0	45
910381	910581	201	1.37	0	11
910855	910856	2	0.00	0	0
910980	911036	57	2.81	0	10
913144	913195	52	0.00	0	0
913241	914205	965	0.50	0	12
914238	914252	15	42.20	49	55
914811	914855	45	67.73	76.5	150
916005	916025	21	0.00	0	0
916332	916341	10	0.00	0	0
916651	916654	4	0.00	0	0
917594	917599	6	0.00	0	0
918317	918323	7	0.00	0	0
918810	918898	89	10.43	11.5	17
919113	919168	56	17.36	13	34
919584	919641	58	0.00	0	0
919678	919828	151	0.00	0	0
920772	920810	39	0.00	0	0
920983	921444	462	1.15	0	19
922318	922327	10	7.20	11	21
923523	923581	59	9.46	0	47
924801	925014	214	0.00	0	0
925778	925794	17	0.00	0	0
925820	926134	315	0.98	0	12
928901	928925	25	0.00	0	0
929147	929778	632	0.00	0	0
929926	929927	2	0.00	0	0
931143	931181	39	17.18	21.5	35
931344	931346	3	0.00	0	0
932073	932156	84	8.18	0	67
932619	932838	220	49.05	34	162
933649	933859	211	0.00	0	0
935961	936054	94	0.00	0	0
937771	939729	1959	1.38	0	24
939993	940061	69	0.00	0	0
940100	940128	29	0.00	0	0
940163	940181	19	12.47	14	17
940926	940994	69	0.00	0	0
941034	941048	15	0.00	0	0
941081	941106	26	0.00	0	0
941834	941846	13	10.23	7	26
942516	942594	79	0.00	0	0
943075	943108	34	5.18	10	11
944527	944684	158	3.49	0	33
946168	946169	2	7.00	14	14
946467	946789	323	48.87	0	322
948014	948484	471	1.52	0	36
948515	948528	14	40.00	42	63
950368	950460	93	0.00	0	0
950929	950948	20	28.90	32	36
950993	951003	11	0.91	0	10
951829	951838	10	35.50	40	43
951877	951902	26	162.77	189	193
952383	952513	131	117.65	0	500
952796	952857	62	68.71	74	110
953122	953140	19	28.95	31	39
953171	953233	63	0.00	0	0
954599	954644	46	0.00	0	0
954820	954973	154	2.86	0	28
955755	957330	1576	17.78	12	131
957781	957831	51	24.84	24	42
958840	958972	133	1.38	0	41
959046	959238	193	6.74	0	35
960106	960532	427	3.88	0	62
960654	960685	32	0.00	0	0
961737	962110	374	2.95	0	17
963254	963274	21	0.00	0	0
963315	963368	54	0.00	0	0
963987	964022	36	0.00	0	0
964530	964626	97	3.70	0	22
965176	965460	285	39.91	17	141
965881	966014	134	15.63	11	56
968763	968776	14	0.00	0	0
968819	968909	91	4.16	0	12
970680	970710	31	20.65	22.5	23
970790	970868	79	14.68	17	21
972795	972800	6	9.00	10	14
972833	972836	4	0.00	0	0
973062	973187	126	0.68	0	11
973671	973679	9	0.00	0	0
974046	974074	29	0.00	0	0
975149	975274	126	0.00	0	0
976139	976190	52	0.00	0	0
976730	976975	246	0.00	0	0
977466	977472	7	0.00	0	0
977758	977847	90	0.00	0	0
977869	977879	11	0.00	0	0
978312	978514	203	7.83	10	30
979909	980126	218	27.50	33	49
980157	980159	3	0.00	0	0
980538	980748	211	31.37	15	124
981311	982211	901	0.00	0	0
984006	984206	201	0.00	0	0
984239	985213	975	0.11	0	10
985662	985850	189	1.23	0	11
985925	985944	20	0.00	0	0
986017	986455	439	3.15	0	83
987629	987657	29	0.00	0	0
987690	987789	100	1.50	0	10
987821	987972	152	24.82	24	47
988519	988523	5	28.00	35	35
990018	990281	264	6.69	0	73
990480	990550	71	8.37	0	25
992531	992549	19	31.05	33	34
992582	992676	95	4.00	0	22
994063	994079	17	21.41	32	34
994113	994129	17	5.29	0	18
995051	995425	375	19.70	20.5	50
995948	995953	6	28.67	35	35
997334	997447	114	5.82	0	20
998069	998125	57	0.00	0	0
998468	998604	137	17.85	0	64
998846	999098	253	13.62	13	29
999328	999362	35	128.91	86	286
999745	999761	17	5.29	10	10
1000507	1000858	352	0.30	0	13
1001690	1001698	9	0.00	0	0
1001731	1001854	124	0.00	0	0
1003361	1003375	15	12.40	13	17
1003408	1003492	85	6.13	0	67
1003520	1003524	5	108.60	138	140
1003915	1004233	319	429.14	92	2706
1004777	1004811	35	65.74	78	88
1005868	1006129	262	21.00	0	209
1008707	1008725	19	17.68	19.5	20
1008767	1008780	14	12.93	14	14
1009993	1010083	91	4.70	0	22
1010291	1010484	194	0.00	0	0
1011289	1011304	16	0.00	0	0
1011339	1011358	20	0.00	0	0
1012056	1012181	126	5.33	0	16
1012381	1012690	310	3.03	0	13
1012928	1012964	37	0.00	0	0
1013673	1013747	75	3.88	0	20
1014207	1014282	76	0.00	0	0
1014442	1014446	5	0.00	0	0
1014487	1014596	110	0.00	0	0
1015077	1015419	343	0.00	0	0
1015452	1015476	25	11.60	14	15
1017336	1017354	19	1.05	0	10
1018909	1019095	187	16.39	0	63
1019129	1019278	150	11.30	0	40
1020062	1020137	76	6.26	0	14
1020170	1020174	5	0.00	0	0
1021606	1022008	403	38.29	0	227
1022942	1023467	526	49.15	16	225
1025731	1025745	15	9.80	13.5	14
1025779	1025840	62	0.00	0	0
1026153	1026288	136	14.92	12	50
1027249	1027290	42	0.00	0	0
1028695	1028712	18	0.00	0	0
1029013	1029092	80	29.41	31	43
1029370	1029706	337	5.46	0	23
1030022	1030108	87	0.00	0	0
1030338	1030402	65	1.82	0	15
1030685	1030689	5	23.20	29	29
1031011	1031164	154	9.58	10	26
1031510	1032744	1235	50.64	36	251
1033064	1033164	101	0.74	0	11
1033256	1034038	783	16.78	0	176
1034805	1035257	453	3.66	0	80
1036331	1036788	458	35.41	12	258
1037233	1037246	14	8.29	10	12
1037280	1037285	6	38.67	47	47
1038105	1038225	121	10.57	11.5	23
1038682	1038695	14	7.07	11	11
1038728	1038826	99	48.15	50.5	70
1039961	1040335	375	5.52	0	82
1042559	1042572	14	89.79	101	107
1042612	1042857	246	0.00	0	0
1043176	1043179	4	0.00	0	0
1043210	1043809	600	0.00	0	0
1043838	1044119	282	119.44	98	395
1044285	1044446	162	1504.78	210	4387
1045477	1045493	17	0.00	0	0
1046636	1046643	8	0.00	0	0
1047115	1047172	58	0.00	0	0
1048466	1048488	23	0.00	0	0
1048885	1049093	209	0.00	0	0
1055025	1055026	2	0.00	0	0
1057636	1057848	213	0.00	0	0
1058320	1058421	102	0.00	0	0
1058635	1058673	39	0.00	0	0
1060924	1060925	2	0.00	0	0
1062421	1062477	57	0.00	0	0
1062718	1062719	2	0.00	0	0
1063032	1063206	175	0.00	0	0
1064991	1065118	128	0.00	0	0
1065612	1065651	40	0.00	0	0
1066144	1066184	41	0.00	0	0
1066467	1066485	19	0.00	0	0
1068972	1069091	120	0.00	0	0
1069317	1069491	175	0.00	0	0
1069810	1069892	83	0.00	0	0
1070079	1070214	136	0.00	0	0
1070905	1071066	162	26.19	0	253
1071604	1071606	3	17.00	25.5	26
1071964	1071982	19	0.00	0	0
1072199	1072683	485	22.34	0	111
1072882	1072916	35	0.00	0	0
1073663	1073805	143	0.00	0	0
1074136	1074306	171	0.00	0	0
1074723	1074793	71	0.00	0	0
1075478	1075619	142	0.00	0	0
1076288	1076341	54	0.00	0	0
1076555	1076667	113	0.00	0	0
1078059	1078086	28	0.00	0	0
1078279	1078336	58	6.48	0	39
1078419	1078571	153	24.37	0	1695
1079830	1079912	83	3.07	0	26
1081145	1082261	1117	0.00	0	0
1083345	1083351	7	0.00	0	0
1083646	1083648	3	0.00	0	0
1085486	1085600	115	0.00	0	0
1085877	1085885	9	0.00	0	0
1086102	1086189	88	0.00	0	0
1086391	1086406	16	0.00	0	0
1086716	1086788	73	0.00	0	0
1088269	1088666	398	1.48	0	15
1088871	1088967	97	16.96	21	35
1090126	1090234	109	5.93	0	26
1091042	1091145	104	2.31	0	13
1091395	1091448	54	20.94	21	29
1092253	1092271	19	17.68	19	21
1092306	1092591	286	0.00	0	0
1093430	1093503	74	0.00	0	0
1094042	1094089	48	0.00	0	0
1094128	1094182	55	0.00	0	0
1095593	1096022	430	2.61	0	25
1096060	1096078	19	0.00	0	0
1096535	1096626	92	3.74	0	15
1097479	1097813	335	11.27	0	41
1099701	1099899	199	3.36	0	61
1099973	1100190	218	0.12	0	13
1100341	1100402	62	30.85	36	43
1101207	1101214	8	0.00	0	0
1101256	1101266	11	0.00	0	0
1102134	1102248	115	1.57	0	10
1102684	1102700	17	0.00	0	0
1102879	1103016	138	0.00	0	0
1103977	1104971	995	0.00	0	0
1106055	1106061	7	0.00	0	0
1106356	1106358	3	0.00	0	0
1107965	1108098	134	0.00	0	0
1108157	1108605	449	0.00	0	0
1108888	1108897	10	0.00	0	0
1109093	1109099	7	0.00	0	0
1109442	1109667	226	0.00	0	0
1110182	1110877	696	0.00	0	0
1111317	1111362	46	0.00	0	0
1111742	1112517	776	15.10	11	63
1112882	1112998	117	35.05	36	55
1113204	1113501	298	16.82	16	51
1113959	1114195	237	13.75	0	41
1114230	1114326	97	0.00	0	0
1114471	1114587	117	0.00	0	0
1114617	1114849	233	37.69	31	94
1115297	1115386	90	29.18	33	43
1115684	1116037	354	0.00	0	0
1116150	1116248	99	0.00	0	0
1119143	1119493	351	0.00	0	0
1119568	1119577	10	0.00	0	0
1119654	1119756	103	0.00	0	0
1121295	1121382	88	0.00	0	0
1121599	1121832	234	3.48	0	19
1122260	1122292	33	0.00	0	0
1122561	1122940	380	197.96	97	573
1123017	1123752	736	8.39	0	137
1123785	1123799	15	35.27	38	39
1124136	1124289	154	90.40	0	351
1128244	1128260	17	0.00	0	0
1128306	1128344	39	0.00	0	0
1129491	1129601	111	0.00	0	0
1129911	1129937	27	0.00	0	0
1130130	1130144	15	18.53	22	23
1130895	1130909	15	0.00	0	0
1130945	1131130	186	0.54	0	10
1132583	1132605	23	0.00	0	0
1132644	1132670	27	0.00	0	0
1133577	1133859	283	3.80	0	19
1134490	1134510	21	8.86	13	16
1134727	1134873	147	0.00	0	0
1135216	1135217	2	5.00	10	10
1135927	1135976	50	8.32	10	18
1137195	1137256	62	0.00	0	0
1138664	1138734	71	0.00	0	0
1138779	1138853	75	0.00	0	0
1141813	1142044	232	0.00	0	0
1143617	1143684	68	4.40	0	13
1146913	1147034	122	0.00	0	0
1147995	1148079	85	0.00	0	0
1148219	1148342	124	0.24	0	10
1148451	1148816	366	0.00	0	0
1148998	1149251	254	0.00	0	0
1149300	1149326	27	0.00	0	0
1150353	1150383	31	29.94	35	43
1151007	1151401	395	8.82	0	39
1153694	1154087	394	18.43	14	164
1154865	1154935	71	4.24	0	28
1154965	1155020	56	0.00	0	0
1157868	1157887	20	0.00	0	0
1158527	1158532	6	0.00	0	0
1159664	1159775	112	0.00	0	0
1160810	1160888	79	0.00	0	0
1160931	1160953	23	22.22	20	33
1162586	1162643	58	0.00	0	0
1162693	1162699	7	0.00	0	0
1164368	1164404	37	0.00	0	0
1164434	1164440	7	10.29	12	12
1165590	1165610	21	0.00	0	0
1165650	1165668	19	414.68	434	492
1166140	1166273	134	46.19	21	139
1166655	1166815	161	100.03	88	251
1167773	1167822	50	13.86	13	27
1169583	1169598	16	17.12	17	22
1170435	1170479	45	81.22	119	127
1171380	1171422	43	13.51	22	26
1171479	1171487	9	0.00	0	0
1171517	1171530	14	0.00	0	0
1172245	1172768	524	273.00	0	3691
1173117	1173288	172	32.01	21	103
1173978	1173995	18	0.00	0	0
1174620	1174637	18	13.72	16	16
1174683	1174690	8	21.38	24	31
1174722	1174728	7	21.71	24	31
1175545	1175781	237	17.97	14.5	63
1176245	1176263	19	14.11	15	15
1176300	1176309	10	17.70	20	21
1177714	1177889	176	18.47	0	92
1180070	1180073	4	12.00	16	17
1180236	1180386	151	9.80	0	44
1182970	1183005	36	179.39	188	307
1183038	1183113	76	15.04	15	70
1184107	1184144	38	39.53	41	43
1184175	1184227	53	33.85	34	48
1185239	1185320	82	113.45	75	242
1185612	1185680	69	70.80	22	193
1186170	1186182	13	51.92	35.5	98
1187908	1188613	706	9.70	0	243
1188696	1188974	279	35.24	0	328
1189626	1189630	5	72.80	91	93
1189677	1189706	30	96.43	102	109
1190370	1190463	94	85.93	84	132
1192635	1192682	48	0.00	0	0
1193760	1193955	196	0.00	0	0
1194688	1194700	13	0.00	0	0
1194736	1194765	30	22.63	17	41
1195633	1195646	14	27.14	31	32
1195690	1195869	180	0.00	0	0
1196299	1196311	13	0.00	0	0
1197176	1197178	3	17.67	26.5	27
1197211	1197228	18	55.67	59	66
1198279	1198384	106	15.39	16	35
1198472	1198489	18	458.22	54	1992
1198562	1198574	13	504.54	14	3113
1198646	1198673	28	536.71	127	5039
1198747	1198774	28	0.00	0	0
1198848	1198875	28	0.00	0	0
1198949	1199031	83	45.02	30	94
1199593	1199700	108	0.00	0	0
1200121	1200188	68	0.00	0	0
1200221	1200252	32	0.00	0	0
1200285	1200301	17	0.00	0	0
1200635	1200817	183	19.10	13	89
1201658	1201676	19	6.95	10	13
1201710	1201721	12	39.67	45	54
1202298	1202357	60	15.57	22	27
1203258	1203260	3	0.00	0	0
1204429	1204634	206	4.17	0	27
1207257	1207270	14	0.00	0	0
1207303	1207320	18	0.00	0	0
1207660	1208061	402	2.99	0	27
1208713	1209531	819	7.82	0	41
1209676	1209691	16	0.00	0	0
1210373	1210523	151	7.76	0	48
1212825	1212846	22	0.00	0	0
1214569	1214670	102	0.00	0	0
1215421	1215966	546	0.90	0	15
1216927	1217921	995	0.00	0	0
1219005	1219016	12	0.00	0	0
1219305	1219307	3	0.00	0	0
1221145	1221259	115	0.00	0	0
1221536	1221544	9	0.00	0	0
1221827	1221836	10	0.00	0	0
1222032	1222038	7	0.00	0	0
1222381	1222606	226	0.00	0	0
1223121	1223789	669	0.00	0	0
1223816	1224368	553	0.00	0	0
1224771	1224812	42	0.00	0	0
1225992	1226007	16	0.00	0	0
1226038	1226095	58	4.48	0	22
1228205	1228724	520	36.53	0	318
1229901	1230033	133	0.83	0	12
1230834	1230860	27	0.00	0	0
1230901	1231550	650	37.36	0	573
1232320	1232336	17	0.00	0	0
1232362	1232380	19	12.89	16.5	19
1232936	1232976	41	46.41	57.5	92
1233005	1233062	58	54.31	66	86
1233946	1234025	80	13.54	18	32
1234471	1234708	238	0.00	0	0
1235037	1235043	7	29.71	35	35
1236148	1236498	351	1.93	0	45
1236946	1236960	15	35.07	39	40
1238476	1238489	14	25.79	28	30
1241319	1241337	19	0.00	0	0
1241362	1241365	4	0.00	0	0
1241396	1241480	85	0.00	0	0
1242819	1242894	76	8.38	0	24
1244233	1244235	3	0.00	0	0
1244265	1244377	113	6.23	0	60
1245002	1245068	67	6.09	0	21
1246485	1246813	329	1.58	0	23
1247540	1247566	27	11.89	13	13
1248087	1248517	431	3.94	0	31
1248800	1249110	311	1005.23	31	7435
1249573	1249796	224	22.13	16	63
1250853	1250868	16	0.00	0	0
1250907	1251142	236	0.00	0	0
1251323	1251346	24	0.00	0	0
1251378	1251396	19	18.26	14	31
1252750	1252766	17	20.71	22.5	24
1253037	1253125	89	23.52	18	65
1253899	1253989	91	0.33	0	10
1254028	1254038	11	27.73	30.5	31
1254948	1255044	97	16.75	0	124
1255753	1255894	142	0.00	0	0
1256546	1257344	799	2.59	0	21
1257378	1257495	118	0.00	0	0
1257787	1258140	354	0.00	0	0
1258253	1258351	99	0.00	0	0
1261240	1261590	351	0.00	0	0
1261664	1261671	8	0.00	0	0
1261746	1261848	103	0.00	0	0
1263387	1263559	173	0.00	0	0
1263845	1263919	75	24.36	20	45
1265102	1265170	69	3.28	0	20
1267325	1267419	95	8.84	11	22
1267624	1267683	60	34.33	29	65
1268299	1268428	130	10.21	0	82
1269026	1269073	48	0.00	0	0
1269881	1269915	35	0.00	0	0
1270024	1270186	163	0.00	0	0
1271540	1271545	6	0.00	0	0
1271582	1271672	91	3.11	0	12
1272144	1272161	18	0.00	0	0
1272195	1272275	81	0.00	0	0
1272316	1272359	44	0.00	0	0
1272610	1272946	337	0.00	0	0
1273260	1274253	994	1.70	0	17
1274588	1274940	353	2.54	0	22
1275592	1275618	27	53.63	57	71
1276309	1276588	280	0.00	0	0
1279545	1279546	2	0.00	0	0
1280063	1280068	6	0.00	0	0
1281249	1281421	173	22.20	21.5	56
1281779	1281811	33	7.36	0	22
1284662	1284682	21	0.00	0	0
1284715	1284824	110	0.00	0	0
1285219	1285279	61	0.00	0	0
1285554	1285804	251	0.00	0	0
1285940	1286025	86	8.74	0	62
1286863	1287149	287	18.14	0	197
1287223	1287230	8	166.62	187	455
1287271	1287289	19	14.21	15	17
1288481	1288502	22	0.00	0	0
1289589	1289737	149	2.31	0	18
1290836	1290928	93	23.97	35.5	53
1291352	1291364	13	22.31	23	28
1291404	1291427	24	0.00	0	0
1293411	1293479	69	4.93	0	20
1294086	1294169	84	2.00	0	26
1295463	1295481	19	23.63	23	33
1295515	1295537	23	77.13	80.5	99
1296534	1296660	127	52.41	14	240
1297735	1297752	18	0.00	0	0
1297777	1297826	50	0.00	0	0
1298595	1298599	5	20.40	25.5	26
1299590	1299658	69	5.86	0	18
1300340	1300416	77	8.77	11	17
1300484	1300530	47	12.38	13	15
1301866	1301936	71	5.99	5	17
1301974	1301994	21	5.95	10	12
1302847	1302881	35	45.14	46.5	50
1302917	1302988	72	0.00	0	0
1303880	1303972	93	22.41	32	38
1306073	1306091	19	4.42	0	19
1306126	1306138	13	37.69	41.5	43
1307615	1307636	22	28.41	31	34
1308150	1308158	9	331.00	373	376
1308498	1308543	46	16.28	26	27
1308709	1308788	80	0.00	0	0
1309536	1309780	245	10.19	0	55
1310986	1311001	16	0.00	0	0
1312241	1312385	145	1.44	0	22
1312459	1312529	71	6.06	0	105
1313292	1313294	3	0.00	0	0
1314357	1314592	236	0.00	0	0
1315928	1315947	20	0.00	0	0
1315980	1316133	154	0.00	0	0
1316765	1317125	361	12.27	11	44
1317918	1318343	426	14.94	0	237
1320694	1320973	280	0.88	0	25
1321259	1321270	12	9.17	12	13
1321436	1321585	150	0.00	0	0
1321623	1321638	16	69.75	75	79
1323040	1323045	6	68.67	83	84
1323090	1323094	5	26.40	33.5	34
1326296	1326309	14	17.21	13	38
1327546	1327797	252	25.04	13	97
1328428	1328445	18	0.00	0	0
1328482	1328522	41	0.00	0	0
1328778	1329066	289	13.24	0	125
1330633	1330646	14	88.07	99	105
1330687	1330702	16	0.00	0	0
1333907	1333975	69	0.00	0	0
1335417	1335762	346	3.95	0	55
1337080	1337105	26	172.15	176	202
1337274	1337280	7	227.57	264	276
1337890	1337918	29	357.90	377	414
1339362	1339677	316	48.13	0	673
1341424	1341451	28	2.64	0	13
1341917	1342369	453	9.75	0	41
1342402	1342419	18	0.00	0	0
1342852	1342856	5	96.40	120	127
1343565	1343584	20	17.90	17	24
1344434	1344691	258	2.53	0	16
1345328	1345401	74	15.92	14	50
1346041	1346185	145	19.82	13	61
1348397	1348404	8	0.00	0	0
1348445	1348462	18	0.00	0	0
1348838	1348908	71	13.45	5	57
1349972	1350046	75	5.24	0	15
1350086	1350443	358	2.00	0	18
1350485	1350800	316	49.28	48	100
1351503	1351578	76	0.00	0	0
1351618	1351640	23	0.00	0	0
1352181	1352259	79	8.99	0	27
1352302	1352309	8	0.00	0	0
1352535	1352595	61	24.74	28	38
1353260	1353502	243	3.40	0	24
1353543	1353558	16	0.00	0	0
1355912	1355917	6	0.00	0	0
1356857	1356930	74	0.00	0	0
1356974	1356998	25	0.00	0	0
1357650	1357718	69	0.00	0	0
1360088	1360170	83	0.00	0	0
1360212	1360223	12	15.25	17	17
1362466	1362719	254	0.00	0	0
1363075	1363088	14	0.00	0	0
1363726	1363922	197	0.00	0	0
1363953	1363959	7	0.00	0	0
1363998	1364028	31	0.00	0	0
1364309	1366424	2116	1.17	0	16
1366531	1366697	167	0.00	0	0
1366837	1367872	1036	0.61	0	14
1367910	1367927	18	0.00	0	0
1368175	1368622	448	0.00	0	0
1368658	1368672	15	15.07	25	26
1369918	1370072	155	23.44	14	84
1370457	1370510	54	171.13	164	302
1371048	1371196	149	39.94	46	76
1372295	1372808	514	2469.26	124	15910
1373289	1373337	49	5.84	0	26
1374297	1374585	289	13.10	0	79
1376111	1376152	42	15.43	18	19
1376804	1377043	240	14.84	0	112
1378385	1378389	5	69.00	86.5	87
1380389	1380390	2	18.00	36	36
1381015	1381020	6	127.33	153	154
1381612	1381627	16	34.94	40	42
1382843	1382899	57	0.00	0	0
1382928	1383026	99	0.00	0	0
1383192	1383263	72	0.00	0	0
1383296	1383361	66	0.00	0	0
1384415	1384442	28	0.00	0	0
1384656	1384667	12	2.50	0	17
1384715	1384781	67	26.64	32	39
1385358	1385542	185	17.75	11	118
1386359	1386370	12	29.67	33	34
1386411	1386564	154	15.19	15	34
1388074	1388684	611	21.76	21	59
1388710	1388727	18	47.22	55	61
1389064	1389198	135	99.44	31	454
1389907	1390071	165	7.42	0	107
1390342	1390551	210	14.09	0	103
1392478	1392493	16	61.00	66	83
1392525	1392702	178	0.00	0	0
1394621	1394679	59	0.00	0	0
1395655	1395662	8	0.00	0	0
1395727	1396209	483	0.41	0	17
1396909	1397101	193	135.10	64.5	315
1397708	1397889	182	62.98	40	216
1398514	1398908	395	36.09	14.5	140
1399882	1399906	25	0.00	0	0
1399944	1399953	10	10.20	11	12
1402141	1402282	142	8.03	0	52
1403066	1403078	13	0.00	0	0
1403109	1403111	3	30.67	46	46
1403155	1403166	12	18.75	16	31
1405099	1405121	23	50.09	52	55
1405162	1405166	5	0.00	0	0
1406343	1406570	228	6.77	0	52
1406958	1406987	30	0.00	0	0
1407021	1407233	213	848.73	0	4053
1408278	1408301	24	525.21	561	587
1408334	1408580	247	8.81	0	47
1412227	1412493	267	51.67	25	147
1413617	1413676	60	0.00	0	0
1413703	1413741	39	0.00	0	0
1414548	1414549	2	0.00	0	0
1414581	1414818	238	13.67	0	61
1416403	1416513	111	33.11	27.5	70
1416553	1416570	18	13.00	14	15
1416772	1416889	118	20.40	0	98
1417385	1417468	84	13.55	15	22
1418657	1418712	56	2.86	0	10
1419107	1419167	61	0.00	0	0
1419442	1419714	273	7.14	0	69
1421224	1421336	113	0.00	0	0
1421365	1421380	16	0.00	0	0
1422632	1423092	461	21.79	0	246
1424887	1424902	16	0.00	0	0
1424938	1425017	80	9.99	0	47
1425690	1425713	24	0.00	0	0
1425969	1425992	24	0.00	0	0
1426170	1426489	320	17.20	0	129
1427030	1427070	41	0.00	0	0
1427431	1427460	30	0.00	0	0
1428394	1428737	344	0.00	0	0
1429156	1429168	13	0.00	0	0
1430747	1430867	121	2.98	0	16
1430900	1430909	10	0.00	0	0
1432050	1432149	100	20.43	16	41
1432185	1432196	12	0.00	0	0
1433028	1433075	48	0.00	0	0
1433202	1433318	117	11.32	15	20
1434855	1434860	6	11.33	13	15
1435242	1435248	7	0.00	0	0
1435289	1435323	35	84.51	88	90
1436707	1436916	210	15.24	14	62
1437493	1437733	241	9.34	0	85
1438643	1439142	500	18.44	0	497
1439216	1439309	94	0.48	0	15
1439667	1439689	23	7.74	11.5	15
1440203	1440362	160	19.35	22	35
1440694	1440880	187	0.96	0	10
1441124	1441349	226	0.04	0	10
1441977	1443639	1663	20.86	0	250
1445055	1445066	12	21.50	23	25
1446207	1446431	225	1.32	0	13
1447506	1447623	118	21.31	18	44
1447654	1447711	58	7.78	11	30
1449176	1449375	200	18.07	16	44
1450297	1450397	101	26.29	34.5	58
1452288	1452400	113	9.07	0	43
1452431	1452456	26	0.00	0	0
1452739	1452890	152	5.38	0	21
1454439	1454442	4	0.00	0	0
1454695	1454733	39	25.67	28	34
1455490	1455597	108	0.71	0	13
1456744	1456832	89	40.31	40	157
1456862	1456905	44	20.80	15	43
1457167	1457472	306	15.23	0	89
1458613	1458627	15	75.20	81	84
1458660	1460179	1520	10.83	0	238
1460211	1460227	17	19.76	21.5	22
1462964	1463052	89	15.84	0	51
1465162	1465246	85	16.28	0	57
1465388	1465499	112	6.12	0	37
1465659	1467068	1410	2.94	0	71
1468176	1468641	466	0.36	0	12
1468673	1468906	234	12.84	0	52
1469717	1469907	191	1.18	0	18
1471614	1471643	30	6.63	11	12
1472547	1472561	15	0.67	0	10
1473702	1473752	51	14.63	15	23
1474975	1475022	48	3.29	0	18
1475434	1475455	22	25.36	27	28
1475476	1475485	10	21.80	24	25
1476212	1476266	55	6.91	0	20
1477008	1477046	39	43.54	32	103
1479256	1479513	258	0.29	0	11
1480406	1480695	290	0.91	0	16
1481087	1481444	358	0.00	0	0
1482279	1482293	15	0.00	0	0
1482319	1482931	613	0.00	0	0
1484715	1484737	23	14.70	15	19
1484770	1484774	5	0.00	0	0
1487113	1487120	8	8.75	10	10
1487826	1487851	26	0.00	0	0
1489049	1489091	43	0.00	0	0
1489140	1489315	176	0.00	0	0
1489362	1489376	15	0.00	0	0
1490514	1491301	788	0.00	0	0
1491696	1492063	368	0.00	0	0
1493019	1493025	7	0.00	0	0
1493447	1493756	310	0.00	0	0
1494543	1494696	154	0.00	0	0
1495843	1495929	87	0.00	0	0
1496806	1497376	571	0.00	0	0
1497409	1497425	17	0.00	0	0
1498734	1498871	138	58.36	28	126
1500048	1500168	121	31.10	24	142
1501411	1501498	88	5.40	0	23
1503129	1503168	40	76.47	77	85
1503209	1503242	34	4.53	0	14
1504761	1504762	2	8.00	16	16
1504796	1504806	11	100.18	112	115
1505872	1505877	6	0.00	0	0
1507174	1507236	63	9.90	11	27
1508663	1508749	87	5.21	0	18
1509128	1509218	91	38.64	39	54
1510335	1510581	247	2.38	0	14
1512117	1512243	127	7.10	10	22
1513888	1513912	25	17.12	20.5	26
1515389	1515415	27	16.81	16	22
1517162	1517224	63	30.25	30	38
1517486	1517514	29	64.31	68.5	72
1518921	1519201	281	32.47	0	164
1520447	1520544	98	10.90	0	138
1520619	1520628	10	107.00	33	427
1520702	1520847	146	3.97	0	64
1520882	1520889	8	0.00	0	0
1521709	1521743	35	31.06	32	38
1522386	1522390	5	28.40	35.5	36
1523258	1523359	102	29.93	35	42
1525524	1525687	164	203.48	124	578
1527203	1527903	701	24.70	22	92
1528904	1529151	248	13.10	11	46
1530479	1531094	616	2.17	0	16
1531127	1531364	238	41.55	0	182
1532116	1532132	17	0.00	0	0
1532158	1532252	95	77.60	0	247
1532613	1532653	41	0.00	0	0
1532990	1533129	140	0.00	0	0
1533346	1533467	122	1.23	0	10
1534143	1534160	18	17.94	19	19
1534191	1534232	42	0.00	0	0
1534405	1534418	14	0.00	0	0
1535187	1535203	17	0.00	0	0
1535228	1535248	21	0.00	0	0
1535528	1535586	59	12.05	13	21
1535770	1535782	13	0.00	0	0
1536032	1536151	120	0.00	0	0
1536185	1536264	80	0.00	0	0
1537144	1537221	78	62.41	86	93
1538158	1538361	204	12.22	0	38
1539472	1539525	54	14.81	16	30
1541032	1541386	355	0.00	0	0
1541568	1541811	244	0.00	0	0
1541845	1542018	174	0.00	0	0
1542491	1542546	56	0.00	0	0
1542696	1542709	14	0.00	0	0
1543293	1543300	8	0.00	0	0
1543819	1543985	167	0.00	0	0
1544737	1545041	305	0.00	0	0
1545307	1545354	48	0.00	0	0
1545620	1545628	9	0.00	0	0
1545918	1547576	1659	7.45	0	176
1549251	1549259	9	19.33	22	22
1549294	1549312	19	19.05	23	25
1550745	1551326	582	12.28	13	38
1551489	1551521	33	5830.48	6295.5	6377
1552230	1552595	366	955.56	0	3864
1553544	1553658	115	14.94	14	45
1554391	1554527	137	64.15	84	170
1555947	1555963	17	3.24	0	11
1555998	1556142	145	10.66	0	40
1556181	1556188	8	38.12	48	49
1557761	1557792	32	85.72	90	139
1557988	1558057	70	0.00	0	0
1559186	1559191	6	0.00	0	0
1559233	1559306	74	0.00	0	0
1560246	1560251	6	0.00	0	0
1562239	1562253	15	45.60	49	50
1562294	1562302	9	215.67	244	256
1562916	1562940	25	431.60	426.5	550
1563355	1563375	21	109.29	114.5	121
1563417	1563492	76	36.22	56	140
1564168	1564175	8	0.00	0	0
1564572	1564604	33	141.91	151	163
1564980	1564997	18	0.00	0	0
1565047	1565112	66	0.00	0	0
1565848	1565903	56	0.00	0	0
1566264	1566315	52	0.00	0	0
1566357	1566513	157	3.80	0	18
1566784	1566797	14	15.14	17	18
1566827	1566906	80	0.00	0	0
1567450	1567471	22	10.82	13	14
1567512	1567855	344	11.45	0	41
1568255	1568297	43	7.07	10	13
1568338	1568598	261	18.64	0	126
1570261	1570344	84	13.14	12	46
1571922	1572020	99	0.00	0	0
1572052	1572072	21	11.81	14.5	15
1573639	1573709	71	0.00	0	0
1573745	1573801	57	0.00	0	0
1574609	1574613	5	20.80	26	26
1575313	1575326	14	7.14	10	10
1575567	1575588	22	0.00	0	0
1575662	1575854	193	5.65	0	228
1576587	1576615	29	2.76	0	10
1578310	1578350	41	2.07	0	11
1579404	1579421	18	40.56	43	46
1580475	1580485	11	25.00	27.5	28
1580518	1580934	417	25.27	25	70
1581820	1581841	22	2.82	0	11
1581872	1581891	20	9.00	14	16
1582936	1583027	92	13.48	11	44
1584180	1584231	52	1.27	0	22
1584496	1584605	110	4.96	0	21
1586732	1586844	113	0.00	0	0
1587058	1587111	54	0.00	0	0
1587780	1587921	142	0.00	0	0
1588423	1588676	254	0.00	0	0
1589108	1589262	155	0.00	0	0
1589548	1589735	188	18.46	0	97
1589934	1590176	243	8.02	0	79
1590591	1590601	11	197.55	217	250
1591247	1591368	122	17.56	0	76
1591768	1591872	105	32.80	42	88
1592053	1592224	172	24.34	0	147
1593041	1593315	275	0.00	0	0
1594069	1594210	142	0.00	0	0
1594380	1594481	102	0.33	0	12
1594800	1594974	175	0.00	0	0
1595748	1596025	278	1.26	0	12
1596239	1596418	180	1.12	0	14
1597034	1597105	72	0.00	0	0
1597259	1597351	93	0.00	0	0
1597844	1597883	40	0.00	0	0
1598385	1598473	89	0.00	0	0
1599047	1599377	331	0.00	0	0
1600338	1600890	553	0.00	0	0
1601212	1601334	123	0.00	0	0
1602418	1602429	12	0.00	0	0
1602718	1602739	22	0.00	0	0
1603647	1603893	247	0.00	0	0
1604176	1604178	3	0.00	0	0
1605364	1605385	22	0.00	0	0
1605429	1605580	152	0.00	0	0
1606535	1606827	293	0.00	0	0
1607365	1607367	3	0.00	0	0
1607710	1608051	342	0.00	0	0
1608132	1608228	97	8.16	0	38
1608607	1608773	167	127.37	124.5	304
1608803	1608809	7	0.00	0	0
1609806	1610150	345	1976.42	41	17459
1610325	1610654	330	73.03	0	928
1611144	1611170	27	86.89	91	96
1611203	1611219	17	58.82	67	74
1611976	1612047	72	224.29	205	499
1612912	1612962	51	40.82	20.5	128
1613239	1613240	2	36.50	73	73
1613529	1613533	5	1157.20	1448	1462
1614062	1614857	796	27.04	13	125
1615009	1616716	1708	1.22	0	23
1616739	1616811	73	0.00	0	0
1616849	1616907	59	28.14	29	67
1617254	1617305	52	81.23	88	102
1618473	1618485	13	19.38	20	27
1618798	1618902	105	18.29	20	24
1619077	1619109	33	75.88	83	95
1620106	1620121	16	82.06	108	120
1620162	1620352	191	31.00	32	75
1621136	1621232	97	29.42	32	43
1621266	1621292	27	39.41	43	45
1622112	1622323	212	3.67	0	15
1623965	1624475	511	26.09	0	312
1625706	1625781	76	6.61	0	38
1627471	1627507	37	18.35	15	43
1627545	1627558	14	95.29	101	115
1629233	1629480	248	80.57	19	454
1629550	1629572	23	154.61	0	1778
1630017	1630022	6	60.00	75	76
1630995	1631220	226	28.73	0	192
1631527	1631553	27	266.22	279.5	343
1631824	1632014	191	6.74	0	36
1632037	1632060	24	25.83	29	32
1633243	1633253	11	16.82	19.5	22
1633285	1633390	106	1.17	0	19
1633421	1633433	13	6.62	10	12
1633587	1633620	34	340.09	345	693
1633852	1633925	74	183.11	98	638
1635625	1635650	26	6.96	10	15
1636833	1637045	213	0.95	0	13
1637088	1637093	6	2.00	0	12
1637565	1637641	77	0.00	0	0
1638326	1638611	286	34.55	14	138
1638657	1638677	21	10.24	13	13
1641013	1641036	24	6.67	10	11
1641075	1641215	141	0.00	0	0
1642683	1642753	71	3.46	0	12
1642788	1642970	183	6.26	0	24
1643230	1644373	1144	36.93	21	315
1645157	1645170	14	58.21	66	70
1645671	1645676	6	8.83	11	11
1646163	1646177	15	11.47	12	13
1646208	1646232	25	0.00	0	0
1647286	1648563	1278	0.76	0	13
1648599	1648919	321	3.76	0	28
1648953	1649135	183	0.00	0	0
1649293	1649716	424	0.00	0	0
1649829	1649927	99	0.00	0	0
1652815	1653165	351	0.00	0	0
1653239	1653246	8	0.00	0	0
1653321	1653423	103	0.00	0	0
1654962	1655375	414	0.00	0	0
1655412	1655424	13	57.15	61.5	78
1656229	1656450	222	39.82	29	142
1657819	1657831	13	0.00	0	0
1657865	1658076	212	90.09	50	213
1658530	1658538	9	20.44	24	29
1658571	1658586	16	1.88	0	10
1660016	1660137	122	0.00	0	0
1660333	1660383	51	0.00	0	0
1660780	1660889	110	2.14	0	15
1663087	1663095	9	10.67	12	12
1663134	1663269	136	0.00	0	0
1665418	1665455	38	0.00	0	0
1666068	1666205	138	2.34	0	19
1668072	1668104	33	22.79	24	28
1668141	1668153	13	0.00	0	0
1669522	1669595	74	6.23	0	21
1670226	1670356	131	0.23	0	10
1672262	1672743	482	11.94	11	45
1673743	1673846	104	10.67	0	28
1676250	1676321	72	32.18	28	64
1677324	1677334	11	17.73	21	22
1677370	1677382	13	33.38	36	41
1678085	1678524	440	5.28	0	37
1680061	1680195	135	0.00	0	0
1682011	1682050	40	1.32	0	11
1684380	1684390	11	0.00	0	0
1685690	1686026	337	1.17	0	11
1686067	1686073	7	0.00	0	0
1688330	1688396	67	0.00	0	0
1688859	1688988	130	0.00	0	0
1689673	1689735	63	0.00	0	0
1690060	1690070	11	13.64	15	15
1690113	1690143	31	9.81	10	43
1690726	1690727	2	0.00	0	0
1690863	1690891	29	5.72	0	14
1693674	1693698	25	16.60	17	20
1693742	1693788	47	0.00	0	0
1694891	1694957	67	0.00	0	0
1694990	1695009	20	15.80	16	19
1695358	1695420	63	0.00	0	0
1696864	1696875	12	34.00	40	41
1698370	1698485	116	18.03	19	41
1699647	1699832	186	19.12	16	39
1701855	1701859	5	47.80	57.5	70
1702831	1702844	14	34.21	37	39
1703322	1703404	83	37.36	18	81
1704479	1704483	5	14.00	17.5	18
1706743	1706788	46	110.28	155	160
1706820	1707457	638	16.47	14	51
1708757	1709148	392	29.05	27	155
1709620	1709621	2	15.00	30	30
1711459	1711473	15	33.87	38.5	40
1712301	1712795	495	5.48	0	57
1714888	1715117	230	62.85	42	130
1715463	1715637	175	0.00	0	0
1715836	1716171	336	0.00	0	0
1716484	1716627	144	0.00	0	0
1718833	1719208	376	0.03	0	12
1719252	1719258	7	0.00	0	0
1721947	1722142	196	0.00	0	0
1722483	1722491	9	0.00	0	0
1722963	1723105	143	0.00	0	0
1723147	1723161	15	0.00	0	0
1724167	1724400	234	54.25	0	266
1724635	1724793	159	26.81	22	67
1726039	1726065	27	37.89	35	58
1726098	1726493	396	10.15	0	60
1726918	1727672	755	2.91	0	43
1727703	1728024	322	0.00	0	0
1729153	1729567	415	2.71	0	24
1729686	1729809	124	0.00	0	0
1730180	1730256	77	3.05	0	12
1730390	1730756	367	6.21	0	40
1732269	1732343	75	34.91	43	54
1732386	1732786	401	0.61	0	12
1733351	1733364	14	0.00	0	0
1733403	1733574	172	0.00	0	0
1734736	1734753	18	0.00	0	0
1734793	1735098	306	0.00	0	0
1735131	1735318	188	24.65	19	67
1737353	1737442	90	1.56	0	11
1738433	1738580	148	11.94	10	38
1740969	1741069	101	0.00	0	0
1742453	1742470	18	9.44	10	10
1742506	1742539	34	0.00	0	0
1742631	1743195	565	21.54	10	115
1743270	1743304	35	0.69	0	12
1743378	1743419	42	36.86	12	487
1743494	1743528	35	1232.71	0	21356
1743602	1743698	97	35.59	0	275
1745649	1745796	148	0.00	0	0
1746634	1746644	11	0.00	0	0
1746678	1746834	157	0.00	0	0
1747864	1747883	20	0.00	0	0
1748060	1748120	61	0.00	0	0
1748844	1748915	72	8.86	11	21
1749348	1749576	229	9.89	0	63
1749952	1749963	12	0.00	0	0
1750771	1750782	12	0.00	0	0
1750819	1751412	594	22.80	17	95
1752583	1752699	117	6.66	0	31
1752730	1752735	6	13.50	16	20
1753726	1753809	84	22.11	28	54
1754113	1754220	108	42.13	32	83
1756978	1756993	16	9.81	11	15
1757022	1757209	188	12.74	15	26
1758200	1758360	161	27.25	0	96
1759786	1759891	106	10.77	0	77
1759916	1759969	54	7.74	12	16
1761854	1761866	13	0.00	0	0
1761900	1761923	24	5.00	10	10
1762506	1762517	12	0.00	0	0
1762546	1763255	710	3.42	0	21
1764027	1764128	102	1.46	0	13
1764750	1764792	43	18.14	22	45
1764835	1764846	12	0.00	0	0
1765420	1765432	13	5.31	5	12
1766703	1766714	12	0.00	0	0
1766753	1766819	67	0.90	0	10
1767596	1767622	27	0.00	0	0
1768646	1768789	144	19.44	12	83
1769345	1769402	58	172.02	53	476
1770147	1770151	5	65.20	81	92
1770947	1770952	6	10.00	12	12
1770981	1771004	24	65.00	66	77
1773562	1773620	59	88.00	73	198
1775997	1776004	8	8.12	13	13
1776563	1776597	35	4.06	0	12
1777639	1777676	38	9.74	11	13
1778124	1778137	14	24.86	32	39
1778164	1778302	139	129.74	33	384
1779017	1779055	39	4.10	0	14
1779836	1779850	15	0.00	0	0
1779887	1780300	414	4.88	0	199
1781690	1781700	11	47.36	53	59
1781726	1781770	45	141.44	148	166
1783028	1783040	13	0.00	0	0
1783086	1783134	49	15.10	16.5	38
1785970	1785983	14	0.00	0	0
1786032	1786048	17	0.00	0	0
1786511	1787383	873	0.14	0	11
1788179	1788697	519	697.95	0	7532
1789742	1790222	481	48.58	0	1164
1790256	1790264	9	8.22	10.5	11
1791183	1791188	6	47.17	57	57
1791450	1791455	6	258.17	316	319
1792269	1792299	31	158.45	159.5	181
1793011	1793115	105	6.90	0	61
1793147	1793159	13	108.15	119	129
1793526	1793551	26	140.31	151	174
1794536	1794563	28	148.25	124	409
1795182	1795203	22	110.09	104	208
1795597	1795618	22	216.95	224	279
1795979	1796048	70	362.59	361	951
1796155	1796180	26	808.15	844	943
1796397	1796403	7	176.43	205.5	264
1797712	1797725	14	1564.71	1589	1869
1798158	1798161	4	164.00	217	225
1798856	1798876	21	504.52	518.5	829
1799228	1799243	16	245.81	128	894
1799775	1799790	16	363.88	374	540
1800181	1800198	18	461.72	545	548
1800502	1800506	5	217.40	270	279
1801044	1801055	12	287.67	326	351
1801377	1801390	14	80.29	94	99
1801757	1801980	224	708.04	258	2596
1802242	1802243	2	13.50	27	27
1802433	1802434	2	179.50	359	359
1803525	1803536	12	94.67	84	156
1803864	1803874	11	26.73	29.5	49
1804151	1804158	8	64.12	76	78
1804990	1804997	8	735.62	835	860
1805927	1805928	2	193.50	387	387
1806571	1806717	147	161.68	57	468
1806753	1806790	38	0.00	0	0
1806980	1807188	209	0.00	0	0
1807231	1807358	128	12.70	0	114
1807668	1807687	20	226.15	237	261
1808870	1808902	33	1538.27	1575	1747
1808952	1808959	8	191.00	222	224
1811063	1811083	21	168.90	180.5	194
1811552	1811671	120	141.35	136	296
1812041	1812221	181	37.19	0	336
1812369	1812377	9	0.00	0	0
1813519	1813690	172	0.00	0	0
1813721	1813760	40	0.00	0	0
1814820	1815055	236	1.55	0	19
1815086	1815109	24	38.92	40	45
1819283	1819437	155	47.40	48	79
1823614	1823806	193	49.04	19	355
1824176	1824235	60	1160.92	1132	2031
1824734	1824963	230	736.80	328	2754
1825657	1825658	2	332.50	665	665
1826091	1826193	103	337.41	379.5	660
1826728	1826731	4	103.00	138	139
1827008	1827124	117	16.75	15	299
1827198	1827206	9	3064.89	447.5	12470
1828389	1828439	51	1513.39	1773.5	2029
1828512	1828523	12	473.50	101	2493
1828595	1828627	33	890.64	1023	1121
1828709	1828807	99	38.99	0	1042
1829057	1829181	125	3.30	0	27
1829749	1829799	51	16.10	0	46
1829834	1829853	20	0.00	0	0
1830191	1830207	17	0.00	0	0
1830980	1831676	697	32.31	18	173
1831762	1831967	206	2.17	0	17
1832001	1832026	26	0.00	0	0
1834331	1834410	80	11.43	18	28
1834870	1834897	28	24.00	24	28
1836083	1836085	3	47.33	71	75
1836118	1836175	58	0.00	0	0
1839564	1839565	2	9.50	19	19
1841388	1841468	81	42.83	48	82
1842393	1842435	43	67.28	69	109
1842469	1842482	14	61.14	64	73
1842984	1843058	75	18.07	0	84
1843254	1843283	30	34.80	17	113
1844619	1844629	11	38.73	42	45
1844662	1844693	32	0.00	0	0
1844856	1845041	186	4.33	0	13
1845690	1845753	64	6.23	0	20
1846210	1846221	12	35.75	38	42
1847140	1847377	238	23.63	21	92
1848218	1848737	520	15.78	15	69
1848972	1849021	50	41.18	55	70
1849610	1849887	278	63.42	17	294
1850437	1850658	222	29.86	17	121
1851090	1851527	438	2.69	0	23
1852998	1853014	17	13.06	13	16
1853058	1853254	197	0.00	0	0
1853754	1853818	65	3.72	0	15
1854579	1854607	29	0.00	0	0
1854647	1854668	22	0.00	0	0
1855089	1855268	180	0.68	0	17
1855419	1855435	17	0.00	0	0
1855631	1855642	12	16.17	19	21
1856657	1856703	47	7.98	11	15
1856739	1856757	19	10.84	13.5	18
1857970	1858204	235	41.06	0	239
1858504	1858685	182	8.51	11	24
1858810	1859710	901	10.65	0	63
1861710	1861742	33	8.42	12	14
1864014	1864134	121	1.40	0	36
1865149	1865151	3	0.00	0	0
1866190	1866296	107	0.09	0	10
1867161	1867162	2	0.00	0	0
1867199	1867312	114	0.00	0	0
1867824	1867858	35	18.46	18	31
1867889	1867901	13	24.85	23	35
1869918	1870114	197	30.24	0	129
1871234	1871522	289	3.37	0	19
1871704	1872072	369	6.93	0	22
1872106	1872223	118	0.00	0	0
1872515	1872868	354	0.00	0	0
1872981	1873079	99	0.00	0	0
1875967	1876317	351	0.00	0	0
1876391	1876398	8	0.00	0	0
1876473	1876575	103	0.00	0	0
1878114	1878526	413	0.00	0	0
1878564	1878577	14	3.86	0	11
1878992	1879144	153	7.09	0	41
1879949	1879984	36	0.00	0	0
1880390	1880391	2	0.00	0	0
1881076	1881197	122	158.53	15	552
1882239	1882404	166	26.81	29	46
1883629	1883643	15	14.47	16	17
1883682	1883747	66	0.00	0	0
1885896	1886379	484	2.45	0	22
1886662	1887184	523	0.00	0	0
1887217	1887810	594	0.00	0	0
1888820	1891119	2300	20.57	0	199
1891510	1891591	82	15.17	0	61
1893038	1893050	13	74.15	81	85
1893081	1893102	22	23.91	25	28
1894372	1894414	43	0.00	0	0
1894862	1894896	35	13.63	15	18
1895936	1895939	4	20.25	27	27
1896013	1896235	223	0.87	0	16
1897487	1897498	12	17.17	19	23
1897525	1897569	45	79.73	111	120
1898761	1898764	4	15.00	20	20
1898802	1898814	13	31.69	35	36
1899061	1899109	49	16.67	21	22
1899143	1899155	13	0.00	0	0
1900718	1900874	157	54.16	0	298
1901394	1901519	126	31.60	0	183
1902524	1902534	11	0.00	0	0
1902580	1902641	62	1.76	0	20
1904034	1904055	22	0.00	0	0
1904450	1904455	6	24.50	27	43
1904945	1904950	6	15.00	17	21
1905079	1905222	144	0.00	0	0
1907815	1908250	436	7.17	0	118
1909253	1909279	27	103.04	107	148
1909318	1909406	89	0.00	0	0
1910085	1910546	462	199.98	69	919
1911180	1911218	39	5.97	5	16
1912185	1912412	228	25.71	0	103
1913160	1913172	13	121.62	126	170
1914106	1914294	189	26.82	0	103
1914539	1914831	293	19.97	17.5	47
1915135	1915306	172	12.99	10	42
1916576	1916582	7	21.86	25.5	26
1917212	1917228	17	0.00	0	0
1917742	1917807	66	0.00	0	0
1917853	1917895	43	0.00	0	0
1918316	1918537	222	0.00	0	0
1918566	1918567	2	0.00	0	0
1918745	1918752	8	0.00	0	0
1919338	1919361	24	0.00	0	0
1920938	1921057	120	25.43	19	69
1921394	1921469	76	247.33	346	388
1921917	1922249	333	11.43	0	103
1923150	1923254	105	12.52	12	45
1924356	1924367	12	58.92	63	79
1924402	1924436	35	176.14	15	1152
1924794	1924807	14	336.93	140	1149
1924848	1924853	6	13.00	16	16
1925112	1925125	14	0.00	0	0
1926581	1927363	783	0.83	0	14
1931531	1931587	57	21.44	21	31
1933493	1933805	313	23.83	15	102
1935081	1935185	105	118.02	62	221
1936473	1936474	2	0.00	0	0
1936676	1936689	14	9.29	10	10
1936724	1936907	184	0.00	0	0
1936940	1936945	6	0.00	0	0
1937210	1937604	395	6.42	0	21
1938946	1939015	70	7.14	0	24
1939054	1939072	19	0.00	0	0
1939871	1939912	42	3.95	0	12
1940897	1941281	385	7.79	0	29
1941400	1941694	295	1.93	0	13
1941819	1942107	289	0.00	0	0
1942403	1942503	101	5.61	0	20
1942876	1943051	176	39.92	41	73
1943406	1943805	400	22.22	0	116
1944251	1944696	446	32.67	26	114
1945054	1945540	487	0.00	0	0
1945788	1946664	877	8.26	0	42
1947104	1947206	103	0.00	0	0
1947414	1947492	79	10.25	13	26
1947850	1947856	7	8.57	10	10
1949351	1949392	42	0.00	0	0
1950353	1950485	133	7.22	0	34
1951203	1951421	219	15.20	0	180
1952274	1952404	131	27.74	14	93
1953131	1953305	175	24.26	22	74
1953537	1953538	2	0.00	0	0
1954196	1954258	63	0.00	0	0
1954847	1955232	386	106.74	0	378
1956697	1956840	144	54.99	49	111
1956872	1956885	14	12.21	15	18
1957444	1957497	54	0.00	0	0
1957795	1957895	101	40.60	48	96
1958673	1958714	42	0.00	0	0
1959366	1959372	7	7.57	13	14
1959979	1960044	66	3.74	0	16
1960636	1960642	7	49.71	56.5	65
1960988	1961036	49	1.59	0	16
1961910	1961934	25	10.64	14	18
1962754	1962755	2	20.50	41	41
1963908	1963916	9	0.00	0	0
1963943	1963963	21	34.29	57	64
1965958	1965975	18	0.00	0	0
1967395	1967567	173	3.70	0	15
1968676	1968687	12	0.00	0	0
1969216	1969260	45	11.98	12	23
1969294	1969310	17	14.53	16	17
1970424	1970600	177	25.61	0	118
1971180	1971193	14	28.93	34	36
1971226	1971243	18	27.22	28	30
1972096	1972320	225	4.84	0	47
1972396	1972422	27	128.96	83.5	930
1972497	1972526	30	83.87	17	2083
1972600	1972737	138	31.91	0	1580
1975017	1975131	115	3.24	0	15
1975954	1975967	14	41.71	45	46
1976122	1976164	43	8.51	11	14
1976285	1976421	137	0.00	0	0
1976673	1976688	16	0.00	0	0
1977475	1977507	33	0.00	0	0
1977554	1977555	2	0.00	0	0
1977748	1978171	424	1.34	0	14
1978787	1978810	24	0.00	0	0
1981132	1981199	68	2.54	0	12
1981302	1981420	119	0.00	0	0
1982861	1982876	16	0.00	0	0
1982909	1983006	98	6.37	0	58
1984322	1984325	4	66.25	88	90
1985055	1985064	10	56.90	67	89
1985095	1985169	75	258.88	181	433
1986022	1986402	381	6.75	0	75
1987258	1987345	88	26.55	0	102
1988732	1988734	3	66.00	99	99
1988957	1989066	110	97.65	92	204
1989259	1989358	100	43.51	24	102
1990127	1990244	118	9.59	11	25
1992996	1993015	20	10.60	11	13
1993048	1993120	73	68.01	26	180
1994108	1994120	13	6.85	11	12
1994146	1994163	18	65.50	67	76
1994491	1994503	13	30.08	32.5	35
1994807	1995171	365	3568.11	804.5	18409
1995601	1995615	15	1438.93	1368	2333
1996006	1996388	383	7.46	0	125
1996881	1997075	195	0.94	0	12
1998003	1998133	131	0.00	0	0
1998881	1999005	125	28.97	31	74
1999585	1999605	21	129.43	134	150
2000953	2000969	17	336.76	362.5	379
2001756	2001769	14	50.29	54	56
2001799	2001836	38	0.00	0	0
2001874	2002089	216	0.00	0	0
2003878	2003946	69	6.72	5	16
2004577	2004671	95	0.00	0	0
2005494	2005564	71	1.76	0	24
2006126	2006133	8	0.00	0	0
2006166	2006211	46	29.65	29	40
2006647	2006869	223	0.00	0	0
2007137	2007138	2	0.00	0	0
2008912	2008982	71	0.00	0	0
2009015	2009040	26	0.00	0	0
2009980	2009990	11	16.73	18.5	19
2010864	2011048	185	4.68	0	73
2011123	2011273	151	59.28	0	4289
2011371	2011463	93	0.00	0	0
2013363	2013377	15	0.00	0	0
2013422	2013873	452	0.00	0	0
2014202	2014257	56	0.00	0	0
2014568	2014645	78	0.00	0	0
2015013	2015246	234	0.00	0	0
2015466	2015501	36	0.00	0	0
2015863	2016321	459	0.00	0	0
2016587	2016725	139	0.00	0	0
2017048	2017050	3	0.00	0	0
2017363	2017385	23	0.00	0	0
2017424	2017439	16	14.31	20	21
2019492	2019547	56	0.29	0	16
2019591	2019609	19	0.00	0	0
2021446	2021481	36	1.53	0	16
2021668	2021720	53	0.00	0	0
2022240	2022524	285	4.72	0	22
2023848	2024067	220	0.00	0	0
2024147	2024173	27	0.00	0	0
2024791	2024899	109	0.00	0	0
2026089	2026372	284	0.00	0	0
2027636	2027652	17	11.65	11	16
2027694	2027709	16	0.00	0	0
2028037	2028071	35	38.80	40	41
2028108	2028113	6	0.00	0	0
2029482	2029497	16	0.00	0	0
2029530	2029538	9	3.67	0	11
2030513	2030573	61	29.46	0	127
2031612	2031668	57	31.96	33.5	55
2032515	2032542	28	65.21	65	79
2033023	2033044	22	11.09	12	12
2033083	2033108	26	0.00	0	0
2034675	2034822	148	0.00	0	0
2036086	2036343	258	6.28	0	42
2036369	2036385	17	0.00	0	0
2037134	2037541	408	0.00	0	0
2037911	2037933	23	0.00	0	0
2038013	2038856	844	0.69	0	14
2039215	2039364	150	3.73	0	15
2040286	2040881	596	0.00	0	0
2041198	2041275	78	11.28	14	23
2041604	2041659	56	0.00	0	0
2042021	2042483	463	0.00	0	0
2042728	2042811	84	0.00	0	0
2043143	2043158	16	0.00	0	0
2043517	2044020	504	0.00	0	0
2044355	2044411	57	0.00	0	0
2044737	2044792	56	0.00	0	0
2045049	2045525	477	0.00	0	0
2045788	2045871	84	0.00	0	0
2046251	2046455	205	1.20	0	13
2046488	2046713	226	0.00	0	0
2048141	2048172	32	0.00	0	0
2048734	2048878	145	4.56	0	17
2050529	2050560	32	7.62	10	15
2050594	2050597	4	0.00	0	0
2051651	2051758	108	0.00	0	0
2051797	2051804	8	0.00	0	0
2053044	2053115	72	0.00	0	0
2053143	2053193	51	0.00	0	0
2053920	2053958	39	13.36	12	18
2054874	2054895	22	19.18	27	47
2054928	2055006	79	9.99	0	27
2055056	2055061	6	7.33	11	11
2055578	2055599	22	0.00	0	0
2056983	2057325	343	1.93	0	16
2058916	2058946	31	0.00	0	0
2060146	2060206	61	21.33	0	60
2060591	2060598	8	20.88	24	24
2060624	2060645	22	57.64	59	68
2061114	2061189	76	62.26	18	207
2061454	2061475	22	26.14	29	31
2061504	2061612	109	41.53	34	124
2062294	2062315	22	81.05	78	103
2062355	2062425	71	39.97	60	65
2062939	2063079	141	8.98	13.5	18
2065024	2065060	37	0.00	0	0
2065817	2065902	86	0.99	0	13
2066527	2066573	47	0.00	0	0
2068504	2068665	162	1.80	0	12
2068715	2068733	19	0.00	0	0
2069703	2069794	92	0.00	0	0
2069839	2069856	18	0.00	0	0
2071996	2072505	510	10.18	0	198
2072794	2072807	14	99.57	106	120
2072842	2072887	46	913.54	1240	1317
2074520	2074525	6	122.83	143	165
2074550	2075175	626	8.56	0	163
2076760	2076866	107	153.35	30.5	561
2076898	2076902	5	8.80	11	11
2077323	2077469	147	0.00	0	0
2077506	2077518	13	0.00	0	0
2078737	2078749	13	0.00	0	0
2078918	2078990	73	2.58	0	14
2079312	2079346	35	31.54	36	38
2079764	2079787	24	12.92	14	15
2080292	2080301	10	10.50	13	14
2080336	2080438	103	7.06	11	15
2083229	2083792	564	3.91	0	66
2084486	2084668	183	35.27	21	140
2084712	2084727	16	15.88	17	19
2089132	2089205	74	18.59	17	29
2089539	2089571	33	2.12	0	10
2091017	2091753	737	3.25	0	19
2091795	2091810	16	0.00	0	0
2094238	2095594	1357	0.79	0	17
2097206	2097218	13	2.92	0	13
2097257	2097268	12	0.00	0	0
2099156	2099284	129	6.53	0	36
2100212	2100231	20	0.00	0	0
2100271	2100318	48	0.00	0	0
2101622	2101917	296	0.00	0	0
2102078	2102862	785	8.76	0	74
2103721	2103770	50	19.80	30	34
2105090	2105122	33	9.21	14	21
2105711	2105763	53	4.02	0	21
2108225	2108228	4	12.75	17	17
2108306	2108307	2	9.50	19	19
2108824	2108957	134	84.78	14	291
2109171	2109187	17	31.24	30	52
2109224	2109424	201	1.92	0	87
2110064	2110211	148	0.00	0	0
2111886	2112094	209	5.59	0	37
2112698	2112704	7	0.00	0	0
2112739	2112771	33	23.52	25.5	28
2113204	2113211	8	18.38	22	23
2113903	2113940	38	234.29	201	371
2114151	2114396	246	26.23	23	77
2114433	2114441	9	21.56	24	26
2116290	2116330	41	2.46	0	11
2116514	2116668	155	15.95	13	42
2117404	2117407	4	0.00	0	0
2118092	2118252	161	18.29	0	54
2119117	2119131	15	1.87	0	14
2119173	2119181	9	9.11	13	19
2119752	2119908	157	4.31	0	40
2120767	2120816	50	14.16	16	18
2121237	2121442	206	57.85	40	162
2122650	2122708	59	359.17	403.5	463
2122943	2123014	72	323.82	189	1086
2123483	2123489	7	240.57	280	284
2124021	2124033	13	866.54	1024.5	1045
2125579	2125605	27	160.89	140.5	263
2126479	2126518	40	86.30	73	171
2127914	2127926	13	1159.46	1299.5	1327
2128347	2128520	174	22.11	0	210
2129415	2129418	4	8.25	11	11
2129455	2129533	79	7.89	5.5	19
2131595	2131610	16	0.00	0	0
2131645	2131669	25	17.24	19	20
2131899	2131923	25	0.00	0	0
2132195	2132699	505	27.59	15	214
2133537	2133559	23	0.00	0	0
2133696	2133758	63	13.67	14	41
2134315	2134480	166	27.19	28	48
2134507	2134534	28	20.11	17	35
2135549	2135569	21	32.76	34.5	36
2136410	2136607	198	83.98	60	214
2137331	2137436	106	2.79	0	20
2138229	2138417	189	4112.69	796	18827
2138447	2138448	2	0.00	0	0
2138932	2138948	17	0.00	0	0
2138983	2138998	16	113.75	122	131
2139743	2139806	64	222.06	263	345
2141370	2141419	50	3.00	0	11
2141465	2141471	7	0.00	0	0
2143338	2143434	97	10.29	13	24
2143465	2143478	14	0.00	0	0
2144403	2144430	28	12.64	15	17
2144800	2144809	10	69.80	77	80
2144847	2144848	2	13.00	26	26
2145809	2146002	194	0.31	0	10
2146043	2146658	616	0.42	0	13
2146908	2147001	94	0.11	0	10
2147038	2147047	10	0.00	0	0
2148092	2148183	92	6.28	0	19
2148709	2148885	177	12.80	0	52
2149063	2149098	36	38.39	39	44
2149597	2149746	150	9.71	0	32
2151173	2151189	17	0.00	0	0
2152825	2152851	27	8.74	11	12
2152984	2152999	16	0.00	0	0
2153219	2153285	67	7.94	13	15
2153649	2153653	5	13.40	18	19
2153786	2153922	137	2.96	0	35
