#start	end	length	mean	median	max
1	158	158	10.42	0	38
1713	1794	82	41.41	19	100
2896	3046	151	3.15	0	18
5102	5149	48	0.00	0	0
5196	5272	77	1.17	0	10
5714	5838	125	0.00	0	0
6080	6499	420	7.45	0	89
9134	9163	30	0.37	0	11
9206	9364	159	4.69	0	20
10292	10327	36	37.86	49	52
10363	10393	31	13.00	13	16
11069	11090	22	4.09	0	10
11544	11671	128	45.38	21	103
11703	12068	366	12.31	13	34
12305	12416	112	135.25	132	245
12726	12732	7	162.57	189.5	191
13087	13340	254	41.94	0	434
13623	13981	359	0.25	0	40
14065	14080	16	960.25	511	4682
14429	14437	9	26.78	30	33
15209	15369	161	9.88	0	37
15895	15999	105	29.02	11	119
16654	16668	15	1.33	0	10
16706	16736	31	5.55	0	24
17058	17322	265	25.71	13.5	95
19498	19762	265	0.00	0	0
20084	20118	35	0.00	0	0
21249	21325	77	0.00	0	0
22280	22324	45	0.00	0	0
22360	22394	35	0.00	0	0
24408	24448	41	1.05	0	16
24482	24505	24	0.00	0	0
26239	26267	29	3.03	0	12
26302	26308	7	0.00	0	0
26948	27011	64	15.92	0	43
28855	28943	89	14.10	0	65
28986	28995	10	0.00	0	0
29851	29940	90	2.23	0	21
29973	29991	19	51.84	60	74
31054	31249	196	6.72	0	88
32165	32251	87	13.61	0	45
34163	34363	201	9.46	0	32
34395	34411	17	0.00	0	0
35738	36106	369	7.79	0	29
36458	36523	66	44.21	42	60
37802	38080	279	32.04	21	104
38475	38535	61	0.00	0	0
38810	39077	268	0.00	0	0
39102	39109	8	0.00	0	0
39671	39690	20	0.00	0	0
40576	40628	53	0.00	0	0
40671	40681	11	16.91	19	21
42041	42156	116	16.67	17	24
42855	42973	119	4.50	0	31
44012	44036	25	5.56	0	15
44070	44154	85	0.00	0	0
44197	44214	18	0.00	0	0
47428	47440	13	53.23	55	71
47972	49538	1567	54.02	0	891
49926	50259	334	7.37	10	19
50450	50523	74	10.66	13	30
51655	51926	272	11.69	0	52
52242	52466	225	2.97	0	15
52499	52526	28	16.00	16	20
55668	57121	1454	26.93	0	367
58199	58419	221	2.99	0	29
58493	58574	82	3.02	0	18
59082	59487	406	322.28	213	1091
59863	59980	118	96.46	54	227
60479	60496	18	78.00	81	95
61190	61250	61	39.33	18.5	115
61606	61830	225	27.62	28	56
63505	63517	13	11.85	13	15
63554	63620	67	10.63	0	71
64710	64746	37	13.86	19.5	24
66858	66921	64	8.70	0	35
68215	68230	16	24.12	26	27
68261	68980	720	121.40	32	736
69006	69022	17	11.29	13.5	17
69777	70213	437	120.43	0	1123
71171	71268	98	34.88	39	59
71294	71314	21	29.19	32	36
74102	74115	14	30.21	31	38
74158	74484	327	10.22	0	40
74510	74742	233	7.88	0	40
74768	74782	15	0.00	0	0
75578	76564	987	5.48	0	56
77057	77088	32	88.59	94	110
78055	78310	256	0.04	0	10
78492	78745	254	0.00	0	0
78784	78812	29	0.00	0	0
79470	80057	588	0.00	0	0
80329	80405	77	5.21	0	24
81335	81550	216	1.28	0	12
81584	81943	360	21.49	0	189
81977	81988	12	0.00	0	0
85421	85955	535	2.66	0	65
86411	86664	254	25.51	14	75
87499	87510	12	0.00	0	0
87543	87552	10	0.00	0	0
88843	88884	42	0.00	0	0
90809	90858	50	0.00	0	0
92032	92164	133	7.55	0	26
94563	94578	16	0.00	0	0
97059	97255	197	41.40	26	148
98363	98396	34	0.00	0	0
98847	98877	31	0.00	0	0
99718	99774	57	6.51	10	14
99811	100458	648	12.65	11	48
101536	101617	82	0.00	0	0
102128	103397	1270	22.15	10	109
105567	105587	21	26.48	28.5	32
106131	106150	20	41.80	35	64
106796	106798	3	42.67	64	64
107396	107400	5	511.00	639	641
108514	108667	154	111.40	117	148
111062	111073	12	34.17	37	38
111107	111183	77	10.13	17	22
111817	112019	203	59.63	61	122
112641	112661	21	117.00	112	170
112695	112857	163	0.59	0	14
116051	116061	11	0.00	0	0
116094	116168	75	25.95	29	36
117231	117233	3	10.00	15	15
117267	117277	11	0.91	0	10
118169	118223	55	0.00	0	0
118332	118489	158	10.37	11	31
119684	119703	20	0.00	0	0
119734	119750	17	1.18	0	10
121158	121353	196	91.65	0	330
122066	122258	193	0.00	0	0
123570	123846	277	0.07	0	10
124127	124243	117	0.00	0	0
124443	124549	107	3.21	0	14
125832	125834	3	0.00	0	0
127326	127546	221	87.26	0	1646
128309	128353	45	3.20	0	19
130394	130903	510	5.13	0	34
130945	130949	5	0.00	0	0
130976	130989	14	0.00	0	0
132321	132346	26	0.00	0	0
132473	132574	102	9.13	0	27
133727	133903	177	56.63	55.5	117
134309	134371	63	21.10	16.5	84
135644	135666	23	0.00	0	0
135695	135830	136	9.46	0	28
136176	136191	16	17.62	19	20
136405	136424	20	22.55	24	25
136453	136550	98	0.28	0	15
136936	137492	557	2.95	0	28
137620	137770	151	5.34	0	14
138995	139095	101	79.53	38	185
139474	139484	11	33.73	37	38
140157	140186	30	25.23	31	37
140700	140789	90	0.00	0	0
141210	141477	268	13.54	12	44
142483	142699	217	11.22	5	41
142901	142977	77	2.91	0	39
144061	144119	59	0.00	0	0
145638	145667	30	0.00	0	0
145815	145842	28	0.00	0	0
147340	147376	37	14.97	20	31
147415	147479	65	0.00	0	0
148107	148155	49	0.00	0	0
148690	148718	29	0.00	0	0
148863	148947	85	0.00	0	0
150226	150240	15	15.20	15.5	22
150273	150435	163	1.07	0	12
150478	150517	40	0.75	0	10
151895	151907	13	0.00	0	0
151948	152039	92	0.00	0	0
152862	152865	4	13.00	17	18
154433	154773	341	34.29	24.5	104
155081	155151	71	0.00	0	0
155192	155483	292	0.00	0	0
155758	155817	60	0.00	0	0
156212	156292	81	0.00	0	0
156330	156344	15	0.00	0	0
157586	157711	126	1.58	0	11
157749	157761	13	0.00	0	0
159133	159158	26	6.54	10	10
159345	159348	4	11.00	15	15
160351	160449	99	0.00	0	0
161318	161370	53	0.00	0	0
162238	162892	655	20.56	12	333
163026	163143	118	133.81	38	880
163936	164162	227	9.60	12	23
166764	167174	411	0.40	0	13
167425	167567	143	4.69	0	14
167600	167613	14	0.00	0	0
167803	167837	35	31.60	49.5	59
168303	168361	59	0.00	0	0
168740	168744	5	6.00	10	10
169120	169179	60	12.28	16	25
170064	170108	45	0.00	0	0
170973	171010	38	0.00	0	0
172119	172197	79	2.48	0	14
173029	173107	79	0.00	0	0
173861	174106	246	17.24	18	48
174134	174153	20	41.80	48	59
174517	174533	17	33.59	35	50
175281	175282	2	79.00	158	158
175790	175807	18	1277.61	1028	2089
176051	176207	157	20.95	0	165
176446	178181	1736	0.41	0	14
178471	178603	133	0.16	0	11
178632	178638	7	0.00	0	0
180043	180057	15	156.87	168	170
180733	180924	192	53.76	0	189
183080	183090	11	0.00	0	0
183736	183742	7	0.00	0	0
184511	184525	15	4.87	5	11
185210	185215	6	382.67	464	472
185417	185465	49	107.57	112	137
185787	185862	76	27.97	33	51
186184	186271	88	99.00	57	269
186302	186326	25	696.48	668.5	1199
187389	187775	387	138.13	0	746
187957	188222	266	0.00	0	0
189372	189504	133	105.75	39	338
189769	189978	210	88.47	83	297
191833	191838	6	82.67	99	101
192772	192777	6	34.00	41	43
192824	192924	101	37.68	29	104
193246	193357	112	5.33	0	23
194648	194983	336	0.00	0	0
195947	195948	2	16.00	32	32
196834	196857	24	11.21	11	29
198256	198301	46	5.87	10	10
199816	200205	390	30.76	0	185
200248	200271	24	0.00	0	0
201529	201751	223	5.67	0	27
204134	204490	357	108.31	11	950
205142	205269	128	1.39	0	13
206089	206116	28	3.36	0	11
206152	206176	25	9.76	10	11
207702	208086	385	18.95	10	76
208708	208723	16	15.81	17	17
208759	208982	224	3.56	0	16
210117	210127	11	1.82	0	10
210155	210213	59	0.00	0	0
211195	211237	43	92.95	95	103
211766	211875	110	14.99	15	25
211918	211935	18	0.00	0	0
213529	213637	109	4.92	0	15
214031	214063	33	0.00	0	0
214829	214843	15	0.00	0	0
215579	215613	35	0.00	0	0
216250	216314	65	15.60	0	64
216360	216381	22	0.50	0	11
217882	218068	187	11.65	14	32
219125	219147	23	0.00	0	0
220675	220681	7	13.00	15	16
220714	220732	19	5.53	10	11
221726	222118	393	1.39	0	20
222458	222477	20	3.50	0	10
222511	222517	7	19.00	23	24
223892	223912	21	0.00	0	0
224780	224809	30	0.00	0	0
225633	225703	71	6.18	0	26
225733	225742	10	129.50	147	150
226274	226377	104	19.17	0	158
226834	227046	213	0.39	0	12
227121	227203	83	0.57	0	26
227239	227385	147	2.24	0	16
229270	229299	30	786.47	905	1788
229720	230199	480	68.46	46	220
230443	230447	5	0.00	0	0
230832	230840	9	0.00	0	0
230881	230923	43	0.00	0	0
231045	231054	10	254.40	281	290
231442	231448	7	21.86	26	27
231482	231483	2	7.50	15	15
232939	232955	17	0.00	0	0
233784	233862	79	6.89	0	17
234250	234398	149	0.00	0	0
234924	235368	445	0.25	0	10
236542	236566	25	0.00	0	0
236595	236600	6	0.00	0	0
239070	239100	31	0.00	0	0
239144	239205	62	2.29	0	11
240490	240659	170	9.84	13	25
241256	241341	86	29.17	35	44
242322	242340	19	0.00	0	0
242375	242397	23	45.65	48	49
243016	243239	224	84.29	60	223
244518	244533	16	48.38	52	54
244566	244632	67	23.69	23	40
244834	244921	88	0.00	0	0
245951	246158	208	47.24	41	87
246690	246913	224	7.75	0	32
247852	247876	25	25.48	25	32
248171	248227	57	0.18	0	10
248390	248548	159	95.91	25	1257
248639	248914	276	59.96	10	369
249698	249736	39	51.56	52	61
250607	250617	11	18.36	20	22
250657	250668	12	4.17	0	10
251278	251399	122	59.53	0	335
251602	251609	8	55.00	80	83
252027	252029	3	31.00	46.5	47
252812	253333	522	0.00	0	0
254366	254382	17	0.00	0	0
254415	254446	32	5.06	10	11
254870	254949	80	3.74	0	19
255424	255472	49	8.27	11	12
255794	255966	173	4.50	0	29
256684	256697	14	0.00	0	0
257654	257677	24	3.67	0	16
257710	259241	1532	0.63	0	17
260107	260588	482	7.25	0	48
261213	261273	61	0.00	0	0
261763	261805	43	13.67	14	17
261854	261864	11	45.91	52.5	57
263407	263602	196	42.22	0	451
265131	265146	16	0.00	0	0
266419	266435	17	43.47	46.5	48
266890	266896	7	0.00	0	0
267269	267288	20	85.70	94	95
267325	267328	4	20.25	27	27
268055	268098	44	54.23	41	82
268552	268664	113	22.11	23	40
269232	269248	17	32.71	32	50
270026	271015	990	18.91	0	197
272216	272234	19	33.21	36.5	40
272269	272293	25	1.28	0	11
277073	277496	424	2.38	0	25
279678	279704	27	3.85	0	12
279737	279749	13	28.38	32.5	34
281674	281752	79	11.48	14	28
281812	281858	47	9.11	11	12
282655	282854	200	0.00	0	0
283173	283230	58	5.81	0	17
284008	284061	54	78.33	124	173
284539	284542	4	24.75	33	33
285539	285661	123	12.91	13	30
286079	286102	24	0.00	0	0
286670	286705	36	13.31	12	21
286735	286762	28	20.04	21	23
287645	287839	195	3.72	0	45
288162	288333	172	0.84	0	12
288365	288379	15	26.07	28	29
289250	289506	257	108.24	123	269
291043	291063	21	10.00	12	12
291101	291114	14	0.00	0	0
291853	292058	206	9.01	0	59
294242	294378	137	4.48	0	18
294413	294434	22	0.00	0	0
295443	295486	44	0.00	0	0
295517	295526	10	10.00	11	12
296640	296820	181	10.02	0	54
296895	296949	55	106.31	0	615
298861	298880	20	64.30	66	77
299425	299548	124	1537.18	998	2899
299744	299758	15	324.07	352	381
300116	300292	177	32.99	31	124
301346	301364	19	0.00	0	0
301776	301899	124	20.94	18	48
302099	302131	33	17.76	20	29
302375	302382	8	37.12	41	50
303130	303222	93	65.06	19.5	124
305584	305659	76	85.62	33	334
306252	306429	178	6.17	0	23
306913	306919	7	0.00	0	0
306953	306982	30	22.40	24	25
307023	307548	526	3.50	0	23
309983	310108	126	22.42	16	60
311394	311403	10	0.00	0	0
311443	311580	138	81.86	43	534
312028	312033	6	42.33	51	52
313829	313838	10	0.00	0	0
313885	313911	27	17.89	18.5	22
314851	314852	2	0.00	0	0
314917	314953	37	0.00	0	0
315554	315562	9	0.00	0	0
315599	315739	141	142.79	0	639
317411	317523	113	82.76	90	129
317598	317617	20	175.85	197	220
317690	317696	7	20.86	27.5	28
317725	318157	433	0.00	0	0
319775	319872	98	6.66	0	38
320263	320307	45	46.42	42	76
321043	321058	16	11.62	11	17
321095	321264	170	576.84	0	2952
321742	321825	84	134.06	125	303
321860	321871	12	0.00	0	0
322364	322375	12	0.00	0	0
322748	322817	70	1.51	0	17
323002	323012	11	0.00	0	0
323374	323454	81	122.99	22.5	329
323746	323876	131	236.20	0	704
324813	325072	260	6.93	0	46
325574	325583	10	9.50	11	11
325612	325627	16	46.44	50	51
326501	326608	108	5.30	0	16
326960	327040	81	22.15	27	39
327272	327274	3	47.67	71.5	76
327309	327645	337	301.18	77	967
328507	328605	99	91.25	0	292
329563	329575	13	35.85	39	39
329613	329679	67	28.60	10	291
329702	329798	97	297.73	253	594
331920	331933	14	14.29	15	17
331966	331994	29	1.90	0	12
332972	333110	139	23.16	12	86
334562	334759	198	162.99	46	918
335690	336096	407	58.35	44	337
336431	336689	259	12.34	14	23
336877	337015	139	13.25	19	27
337044	337102	59	23.20	22.5	37
337337	337477	141	3.46	0	15
337511	337538	28	36.93	44	47
338556	338703	148	8.11	0	42
340495	340638	144	29.72	32	50
341338	341422	85	10.66	0	52
341449	341525	77	822.53	1279.5	1394
342636	342671	36	118.14	135	164
343647	343652	6	180.67	216	221
344001	344007	7	49.71	57	61
344785	344812	28	31.36	32	63
345026	345128	103	38.72	34	66
345438	345439	2	14.50	29	29
346170	346194	25	80.04	84	88
346513	346519	7	10.14	11.5	14
346555	346734	180	46.00	0	162
348177	348178	2	100.50	201	201
349145	349425	281	16.80	20	30
349849	349868	20	68.90	72	75
350631	350704	74	350.80	65	1279
353191	353213	23	4.13	0	13
353235	353267	33	0.00	0	0
354330	354350	21	3.33	0	10
354390	354394	5	11.60	14.5	15
356282	356284	3	0.00	0	0
358441	358467	27	0.00	0	0
358723	358829	107	31.48	19.5	88
360207	360212	6	0.00	0	0
360247	360483	237	35.54	19	112
360862	361048	187	0.00	0	0
361082	361087	6	0.00	0	0
365086	365122	37	0.00	0	0
365159	365164	6	17.83	21	23
366071	366357	287	17.11	0	198
367889	367900	12	0.83	0	10
368654	368670	17	22.94	23	31
368701	368711	11	10.09	14	20
370092	370147	56	21.50	20	40
370184	370261	78	6.40	0	48
370769	370835	67	117.06	121.5	275
370872	370890	19	0.00	0	0
372304	372534	231	0.00	0	0
372895	373124	230	0.00	0	0
373737	373761	25	34.92	39	40
373788	373791	4	0.00	0	0
374498	374715	218	8.07	0	35
376681	376746	66	14.77	17	30
377365	377476	112	30.22	0	226
377759	377929	171	66.17	64.5	152
378944	378964	21	10.19	11	11
379000	379009	10	13.70	20	22
380165	380369	205	20.21	16	56
381141	381160	20	3.70	0	13
381180	381339	160	17.05	20	34
382003	382007	5	51.40	64	68
382045	382059	15	13.80	15	16
382816	382842	27	0.00	0	0
383731	383752	22	3.05	0	16
384317	384368	52	30.69	38	51
385143	385199	57	0.00	0	0
385848	385861	14	13.14	14	16
386900	386945	46	0.70	0	11
388323	388381	59	28.68	28	93
388568	388661	94	738.20	975	1239
389811	389911	101	33.43	28.5	56
391214	391228	15	12.27	14	17
391268	391402	135	1.42	0	23
391433	391451	19	9.05	14	15
392289	392505	217	24.21	0	126
393151	393676	526	14.85	14	66
394415	394472	58	16.62	12	29
395433	395498	66	8.52	0	21
396501	396519	19	0.00	0	0
396546	396577	32	0.00	0	0
398120	398237	118	1.61	0	10
399087	399309	223	65.00	12	272
399803	399916	114	0.00	0	0
400410	400466	57	0.00	0	0
400505	400708	204	2.01	0	16
403805	403808	4	0.00	0	0
403839	403846	8	0.00	0	0
406136	406139	4	25.50	34	34
406440	406686	247	368.12	37	1533
406888	406919	32	189.66	200	347
406950	407188	239	11.54	12	118
408518	408607	90	3.19	0	13
408634	408673	40	87.60	75	296
409178	409226	49	50.88	54	64
409938	409944	7	11.29	13.5	14
409975	410008	34	5.44	10	11
411707	412066	360	15.48	13	78
413423	413597	175	68.41	74	126
413919	413998	80	142.35	64	400
414017	414025	9	86.44	97.5	145
414977	415004	28	32.46	34	43
415578	415589	12	10.42	11	13
416175	416314	140	11.85	14	22
417047	417057	11	71.82	79	82
417107	417114	8	0.00	0	0
417679	417776	98	0.90	0	12
418164	418217	54	0.00	0	0
419115	419147	33	15.39	17	17
420603	420714	112	47.48	59	84
421382	421384	3	50.00	75	77
422678	422769	92	10.16	0	72
422803	422807	5	0.00	0	0
423462	423476	15	0.00	0	0
423507	423519	13	0.00	0	0
423742	423972	231	1.95	0	11
424108	425227	1120	53.67	15	1012
425516	426077	562	0.00	0	0
426618	426785	168	0.00	0	0
427707	427787	81	0.00	0	0
428427	428483	57	11.16	15	23
429273	429440	168	0.40	0	15
429514	429657	144	12.93	0	52
430447	430464	18	19.17	20	28
430494	430571	78	10.49	10	35
431406	431421	16	21.44	23	24
431461	433053	1593	17.30	15	70
433469	433711	243	3.53	0	20
434291	434302	12	8.17	10	12
435146	435155	10	3518.80	3793	4179
435229	435243	15	1657.27	2153	2542
435317	435321	5	158.60	198.5	199
435351	435486	136	336.54	129	877
436468	436536	69	44.58	40.5	90
437107	437162	56	112.36	159	194
437192	437234	43	4.19	0	26
438402	438552	151	6.08	0	55
440077	440089	13	36.31	41	44
440122	440134	13	0.00	0	0
441209	441351	143	0.00	0	0
442171	442381	211	9.29	0	28
442971	443376	406	0.00	0	0
443707	444038	332	262.82	70	1159
444546	444721	176	288.45	282	421
444752	444785	34	3.03	0	14
445096	445143	48	46.10	51	66
445352	445523	172	30.06	0	196
446928	447237	310	95.13	35	431
447901	447934	34	28.00	33	36
450586	450599	14	36.57	38	50
450633	450657	25	2.16	0	11
450964	451400	437	0.00	0	0
451612	451839	228	11.79	14	48
452290	452298	9	13.33	15.5	16
452335	452363	29	83.83	90	112
453549	453558	10	19.50	22	22
453592	453862	271	3.95	0	32
454640	454724	85	94.48	92	133
454813	454892	80	595.61	599	1028
454980	455172	193	3.16	0	35
456367	456724	358	58.84	53	170
456992	457188	197	88.07	78.5	198
457870	457882	13	14.38	15	20
458417	458529	113	0.00	0	0
458743	458796	54	0.00	0	0
459465	459606	142	0.00	0	0
460291	460361	71	0.00	0	0
460733	460948	216	0.00	0	0
461234	461421	188	0.00	0	0
462168	462202	35	0.00	0	0
462401	462600	200	0.53	0	16
463446	463488	43	57.14	50.5	133
463924	464038	115	14.77	15	28
464753	465139	387	38.80	36.5	117
465458	465464	7	0.00	0	0
465858	465977	120	0.00	0	0
468398	468416	19	0.00	0	0
468699	468739	41	19.10	0	95
469232	469410	179	8.40	0	23
469558	469695	138	0.00	0	0
470462	470507	46	90.70	102	121
470913	471137	225	53.39	19	205
471642	471964	323	1231.71	627.5	5859
472184	472200	17	0.00	0	0
472235	472478	244	31.74	19	119
472926	472989	64	4.61	0	13
476553	476622	70	0.00	0	0
477800	477820	21	10.86	14	16
479687	479691	5	55.20	67	76
480220	480369	150	6.36	0	22
481125	481152	28	0.00	0	0
481924	481986	63	0.00	0	0
482314	482327	14	0.00	0	0
482592	482593	2	8.00	16	16
484042	484045	4	42.25	58	59
484475	484504	30	53.83	56	75
484784	485025	242	325.07	352	877
489169	489215	47	0.00	0	0
489244	489282	39	0.00	0	0
489586	489592	7	0.00	0	0
490526	490590	65	531.88	402	1561
490822	490831	10	25.00	28	29
491177	491178	2	45.50	91	91
491413	491621	209	65.52	0	542
492159	492161	3	0.00	0	0
492504	492679	176	0.00	0	0
492989	493003	15	0.00	0	0
493171	493182	12	0.00	0	0
496228	496231	4	3.00	0	12
496265	496289	25	70.80	77	82
496767	496975	209	14732.08	3139.5	55421
497008	497110	103	2.66	0	14
498098	498359	262	24.40	21	54
498546	498788	243	57.13	11	576
499821	499834	14	107.71	124	140
499867	500438	572	8.34	0	60
501472	501652	181	3.09	0	12
503633	503661	29	0.00	0	0
503690	503724	35	0.00	0	0
505276	505290	15	16.13	17	18
505444	505445	2	0.00	0	0
505488	505528	41	0.00	0	0
507700	507712	13	0.00	0	0
509147	509231	85	0.00	0	0
509274	509406	133	0.00	0	0
510167	510722	556	0.00	0	0
511095	511104	10	0.00	0	0
511130	511135	6	0.00	0	0
511173	511428	256	42.32	35	96
511799	511947	149	16.52	18	27
512201	512904	704	23.31	22	78
514000	514118	119	8.45	12	20
514165	514172	8	44.00	51	52
515215	515295	81	22.30	22.5	35
515334	515355	22	85.86	90	95
515809	515887	79	26.54	26.5	38
517276	517342	67	18.49	0	62
517898	518015	118	0.00	0	0
520077	520168	92	2.42	0	14
523106	523145	40	0.00	0	0
523186	523201	16	0.00	0	0
524159	524215	57	0.00	0	0
524243	524252	10	0.00	0	0
525117	525150	34	10.15	12	20
525511	525587	77	122.53	110	250
526065	526088	24	67.62	73	77
526779	526784	6	17.00	21	21
527658	527679	22	0.00	0	0
527722	527867	146	0.00	0	0
531486	531769	284	0.00	0	0
532718	532939	222	0.00	0	0
534431	534448	18	0.00	0	0
534488	534500	13	0.00	0	0
535896	535923	28	0.00	0	0
536110	536175	66	6.91	11	13
536734	536936	203	3.34	0	19
537588	539364	1777	4.05	0	33
539996	540025	30	0.00	0	0
540058	540133	76	77.12	0	356
541682	541696	15	62.33	66	72
541727	542037	311	13.48	10	49
542068	542107	40	24.35	26	28
543890	543909	20	146.10	154	160
544198	544444	247	25.96	18	59
546032	546061	30	177.07	183	191
546091	546183	93	32.82	42	61
548845	549543	699	65.30	0	784
551254	551263	10	39.40	44	46
551297	551318	22	0.00	0	0
551973	551984	12	12.83	13	16
552979	552982	4	13.50	18	18
553541	553868	328	29.41	24	88
555663	555791	129	55.49	52	97
557265	557275	11	17.09	19	20
557304	557596	293	32.41	29	110
559622	559745	124	0.00	0	0
559780	559801	22	23.73	30	33
560558	561580	1023	4.29	0	40
561621	561639	19	0.00	0	0
562354	562376	23	0.00	0	0
562488	562578	91	0.00	0	0
562631	562638	8	0.00	0	0
562742	562746	5	0.00	0	0
562826	562946	121	0.00	0	0
563017	563063	47	0.00	0	0
563158	563165	8	0.00	0	0
563215	563255	41	0.00	0	0
563359	563366	8	0.00	0	0
563461	563999	539	5.70	0	36
565884	565940	57	13.65	15	24
568116	568256	141	16.65	14	42
569205	569362	158	319.85	44	1522
569729	569731	3	32.33	48.5	51
570032	570040	9	316.00	351	396
570269	570287	19	63.37	66.5	73
570738	570743	6	51.83	62	64
570803	571362	560	29.06	22	128
572167	572169	3	0.00	0	0
572914	572970	57	26.46	37	51
573241	573499	259	21.37	0	173
573980	573982	3	0.00	0	0
574015	574028	14	33.50	38	41
575238	575320	83	6.37	0	19
575446	575644	199	63.86	60	137
577898	577910	13	0.00	0	0
577959	578213	255	0.00	0	0
578395	578771	377	62.43	0	309
580083	580180	98	167.50	196	275
580793	580813	21	24.38	27	28
580844	580848	5	0.00	0	0
582112	582129	18	0.00	0	0
582889	582893	5	16.00	20	20
583986	584131	146	15.12	16	34
584543	584615	73	47.27	19	159
585765	586296	532	5.14	0	46
587056	587780	725	7.17	0	27
588157	588392	236	22.43	11	88
588798	588958	161	2.76	0	16
588982	588995	14	44.21	51	81
589305	589320	16	114.50	123	153
591004	591158	155	67.19	75.5	131
591813	591995	183	0.87	0	11
592035	592047	13	0.00	0	0
593416	593891	476	92.44	84	267
594582	594651	70	1.73	0	11
596626	596806	181	43.61	0	275
597470	597524	55	4.15	0	29
598378	598439	62	42.26	57	63
599205	599423	219	7.52	0	61
599458	599469	12	56.75	61	70
599779	600311	533	26.40	0	446
602589	602882	294	17.98	15	64
604035	604049	15	28.73	31.5	34
604086	604157	72	6.21	0	18
604479	604488	10	79.20	91	96
604765	604934	170	22.09	17	104
606219	606267	49	65.08	66.5	134
606706	606722	17	0.00	0	0
607563	607586	24	12.54	14	15
607968	608007	40	90.67	91	115
608103	608131	29	0.00	0	0
608432	608467	36	0.00	0	0
608585	608619	35	0.00	0	0
608651	608659	9	0.00	0	0
612362	612422	61	18.67	18.5	46
615213	615223	11	0.00	0	0
615262	615311	50	0.00	0	0
615330	615337	8	0.00	0	0
617342	617566	225	133.00	51	473
618218	618398	181	5.30	0	20
618424	618438	15	0.00	0	0
621187	621286	100	14.10	0	93
621836	621898	63	669.33	744	1629
622041	622049	9	0.00	0	0
622368	622456	89	6.27	0	16
622841	623031	191	10.49	11	31
623324	623655	332	12.23	0	37
623944	623951	8	15.75	18	20
625164	625194	31	0.00	0	0
625868	625918	51	0.00	0	0
625959	625990	32	339.19	367	394
627161	627177	17	45.35	48	51
627208	627311	104	14.89	12	34
632344	632562	219	3.29	0	36
633481	633506	26	6.38	10	12
633534	633540	7	11.86	14	15
634445	634629	185	189.59	171.5	358
635872	635882	11	963.27	1127	1163
635923	635933	11	90.91	100	100
635968	635980	13	21.23	23	23
637172	637577	406	232.48	28	1488
638076	638162	87	3.85	0	16
638715	638728	14	6.14	10	11
638929	639218	290	0.00	0	0
639262	639281	20	106.30	124	131
640668	640880	213	107.73	92	272
641943	641952	10	0.00	0	0
641982	641996	15	71.73	88	93
642327	642626	300	11.22	0	111
643098	643120	23	34.65	38.5	43
643161	643170	10	0.00	0	0
643990	644188	199	0.13	0	13
645542	646045	504	0.37	0	19
647585	647599	15	8.87	13.5	14
647638	647645	8	0.00	0	0
648696	648915	220	10.96	0	160
649546	649556	11	15.45	17	20
649601	649677	77	11.99	7	31
650686	650730	45	11.09	12	16
650773	650779	7	34.14	40	42
652208	652252	45	16.36	17	27
654625	654689	65	40.98	36	61
654978	655129	152	41.31	38	112
655781	655787	7	15.00	17	20
657129	657179	51	0.00	0	0
657606	657752	147	2.03	0	14
657939	657953	15	0.00	0	0
659208	659245	38	0.00	0	0
660151	660155	5	0.00	0	0
660969	661031	63	5.17	0	14
661110	661214	105	25.06	23	46
661998	662028	31	34.87	36	43
662080	662117	38	0.00	0	0
662957	662986	30	4.10	0	14
664055	664090	36	17.94	19	21
664820	664837	18	36.72	42	55
666107	666238	132	7.75	0	22
666274	666275	2	7.50	15	15
666915	666938	24	16.75	18	20
666967	666978	12	0.00	0	0
667231	667327	97	16.60	14	49
668735	669042	308	110.30	0	848
670336	670348	13	13.62	15	15
670393	670460	68	0.00	0	0
671136	671210	75	2.20	0	11
671934	671940	7	11.86	13	16
671970	672087	118	5.30	0	20
673366	673442	77	20.05	21	29
677019	677178	160	2.64	0	13
677329	677598	270	1.89	0	17
677633	677672	40	0.42	0	17
678447	678589	143	35.16	27.5	129
678617	678636	20	0.00	0	0
679429	679477	49	12.29	14.5	21
680885	680959	75	39.75	43	60
681326	681533	208	62.58	64	147
681566	681601	36	0.00	0	0
681783	681786	4	0.00	0	0
682259	682266	8	0.00	0	0
682820	682822	3	0.00	0	0
683034	683298	265	3.51	0	21
683468	683632	165	4.71	0	14
684151	684225	75	4.88	0	14
687344	688650	1307	109.10	58	708
689959	690059	101	0.00	0	0
693084	693135	52	8.60	12	15
693367	693415	49	60.96	54.5	83
695169	695181	13	0.00	0	0
696022	696090	69	50.65	45	107
697690	697718	29	18.72	18	28
697986	698002	17	0.00	0	0
699092	699442	351	27.42	21	104
699485	699916	432	0.00	0	0
700041	700381	341	14.90	0	80
700452	700624	173	24.43	10	74
701022	704011	2990	1.01	0	20
704256	704804	549	0.00	0	0
705214	706350	1137	0.00	0	0
706460	706885	426	0.35	0	10
707121	707365	245	0.00	0	0
708270	708429	160	0.00	0	0
708796	709173	378	20.14	15	76
710221	710376	156	0.00	0	0
711391	711439	49	0.00	0	0
711476	711636	161	0.00	0	0
711820	711957	138	0.00	0	0
711997	712010	14	0.00	0	0
712647	712858	212	5.24	0	48
714692	715213	522	73.24	28	1054
716657	716810	154	47.55	47	99
718471	718521	51	50.96	52	61
719368	719595	228	10.04	11	29
721240	721252	13	79.38	87.5	89
721457	721458	2	0.00	0	0
722470	722516	47	0.00	0	0
722655	722895	241	3.69	0	27
723464	725366	1903	0.00	0	0
725485	725960	476	0.00	0	0
726412	726541	130	0.00	0	0
727313	727335	23	0.00	0	0
728236	728324	89	2.22	0	32
728554	728610	57	0.63	0	13
729262	729285	24	8.50	12	16
729568	729606	39	29.72	17.5	115
729868	730253	386	0.08	0	11
730537	730892	356	0.00	0	0
731146	731377	232	1.44	0	12
732312	732448	137	0.00	0	0
732743	733056	314	31.80	15	150
734113	734142	30	0.00	0	0
734171	734184	14	0.00	0	0
736198	736219	22	0.00	0	0
736982	737183	202	13.38	0	50
738228	738882	655	16.58	0	362
739216	739261	46	34.28	34	42
739288	739298	11	0.00	0	0
741420	741467	48	0.00	0	0
741500	741516	17	0.00	0	0
743491	743636	146	11.90	0	92
743820	743832	13	32.54	35	38
744499	744500	2	0.00	0	0
745212	745261	50	0.00	0	0
745745	745768	24	11.17	11	14
745811	746011	201	0.00	0	0
746406	746466	61	0.00	0	0
746741	747032	292	0.00	0	0
747073	747143	71	0.00	0	0
747451	747668	218	0.00	0	0
748575	748732	158	0.78	0	14
751153	751361	209	6.63	0	40
751974	752049	76	18.33	0	58
752080	752093	14	0.00	0	0
752754	752763	10	20.40	23	25
753625	753639	15	46.60	41.5	75
754072	754219	148	22.16	0	224
754910	754929	20	0.00	0	0
754967	755000	34	50.09	56	56
755146	755150	5	8.00	10	10
756180	756200	21	0.00	0	0
756239	756265	27	0.00	0	0
756572	756605	34	7.97	12	14
756744	756991	248	0.00	0	0
758222	758248	27	0.00	0	0
758281	758302	22	7.00	10	14
759929	760080	152	13.45	0	63
760453	760503	51	34.90	37.5	49
762040	762058	19	27.47	28.5	45
762088	762108	21	0.00	0	0
762724	762738	15	229.73	247	250
762769	762906	138	806.34	649	2166
763156	763286	131	17.43	0	80
765220	765229	10	18.90	21	21
765273	765288	16	58.81	62	73
767032	767248	217	1.99	0	12
767667	767721	55	0.00	0	0
768721	768870	150	0.13	0	10
769464	769562	99	112.92	12	442
772638	772651	14	18.50	20	21
774384	774581	198	71.57	59	163
774951	775029	79	28.71	30.5	45
776950	776977	28	0.00	0	0
777332	777424	93	2.47	0	20
777935	777984	50	22.44	21	50
778159	778407	249	8.60	10	26
778828	778866	39	4.46	0	11
779524	779606	83	16.88	16	56
780012	780028	17	21.29	21.5	30
780974	780985	12	29.67	34	35
781028	781082	55	0.00	0	0
782151	782210	60	0.00	0	0
782611	782665	55	130.18	133	168
784212	784295	84	0.13	0	11
784336	784688	353	47.10	0	316
785151	785180	30	344.77	351	390
785652	785741	90	2839.97	3889	6194
786312	786350	39	0.00	0	0
788907	789055	149	7.61	0	53
790517	790538	22	19.36	20	23
790581	790590	10	0.00	0	0
790837	790854	18	39.06	43	45
793228	793318	91	163.09	204	248
793403	793443	41	240.71	102	3141
793532	793538	7	68.43	73	132
793567	793664	98	1.22	0	23
795740	795817	78	5.95	0	27
795855	795858	4	0.00	0	0
796747	796831	85	20.79	20.5	33
797468	797469	2	0.00	0	0
797520	797532	13	0.00	0	0
797569	797897	329	0.00	0	0
798978	799158	181	0.00	0	0
799523	799669	147	0.00	0	0
800241	800341	101	0.00	0	0
800658	801032	375	0.00	0	0
801205	801311	107	0.00	0	0
801802	801875	74	0.00	0	0
802063	802676	614	1.17	0	16
802716	802734	19	0.00	0	0
804592	804635	44	0.00	0	0
805747	805774	28	16.07	17	18
805835	805844	10	0.00	0	0
806895	806914	20	0.00	0	0
807096	807103	8	11.38	16	18
808478	808541	64	33.91	39	47
808845	809471	627	26.79	14	146
809670	809678	9	4.44	5	10
810462	810537	76	43.97	58	70
811816	811915	100	37.52	38	61
812873	813086	214	209.33	67	1413
813486	813555	70	29.13	29	53
813751	814523	773	42.28	32	174
814562	814565	4	9.25	12	13
814905	814962	58	0.00	0	0
815719	815759	41	16.05	17	19
816363	816372	10	0.00	0	0
816517	816595	79	12.67	0	30
818456	818628	173	0.19	0	11
819499	819575	77	0.52	0	10
820947	820971	25	11.24	11	16
821689	821856	168	2.87	0	17
822526	822901	376	10.43	11	37
823547	823550	4	0.00	0	0
823730	824046	317	0.19	0	11
824306	824319	14	0.00	0	0
824525	824562	38	0.00	0	0
824996	825234	239	0.00	0	0
825560	825708	149	0.00	0	0
825742	825811	70	21.97	0	82
827143	827146	4	0.00	0	0
827187	827289	103	12.15	13.5	25
827575	827591	17	0.00	0	0
828486	828529	44	12.61	17	23
828563	828657	95	0.16	0	15
829786	829800	15	14.00	15	15
829843	829861	19	0.00	0	0
830711	830723	13	25.77	28	29
830766	830797	32	11.03	0	74
831458	831604	147	15.54	0	50
831644	831658	15	43.00	40.5	61
833210	833709	500	56.46	22	244
834398	834557	160	1.66	0	12
834715	834818	104	2.37	0	16
836079	836206	128	0.00	0	0
836240	836256	17	0.00	0	0
839299	839466	168	63.65	0	401
840145	840175	31	16.52	19	21
840533	840760	228	11.88	0	59
840795	840822	28	29.89	34	46
840958	841186	229	47.41	15	177
841500	841710	211	32.40	31	82
842065	842122	58	62.05	32	128
842723	842749	27	21.44	23	26
842787	842816	30	6.30	0	34
843660	843666	7	21.57	25	26
844124	844151	28	233.29	249	280
844398	844640	243	56.03	0	672
845613	845720	108	22.74	16	55
845753	845773	21	45.24	54	54
845990	846191	202	74.12	28	336
846328	846845	518	782.17	229	5122
847033	847066	34	45.85	33	97
847608	847620	13	57.08	63	67
848339	848530	192	218.84	145	617
848771	848839	69	58.65	59	128
850088	850109	22	24.50	25	29
850142	850162	21	29.86	34.5	35
850550	851491	942	22.81	11	125
852281	852306	26	0.00	0	0
852334	852355	22	0.00	0	0
852383	852433	51	8.22	5.5	23
853076	853096	21	24.90	28	36
855005	855028	24	0.00	0	0
855356	855506	151	0.65	0	11
856980	857065	86	7.02	0	20
858002	858004	3	0.00	0	0
858863	858881	19	1.74	0	11
860016	860064	49	0.00	0	0
860545	861002	458	0.00	0	0
861610	861695	86	0.00	0	0
861899	861992	94	0.00	0	0
862182	862281	100	0.00	0	0
862885	862949	65	38.03	13	230
863310	863629	320	19.68	16	802
864449	864622	174	0.00	0	0
864777	864822	46	0.00	0	0
865722	865779	58	0.00	0	0
865846	865856	11	0.00	0	0
866937	867044	108	0.00	0	0
867068	867076	9	0.00	0	0
867623	867719	97	0.00	0	0
867749	867764	16	1.94	0	11
868089	868109	21	24.38	26	32
868297	868320	24	0.00	0	0
870010	870108	99	7.65	0	20
870526	870644	119	137.18	138	308
870924	871107	184	9.95	11	32
874939	874952	14	0.00	0	0
874993	875017	25	0.00	0	0
876017	876038	22	21.14	23	23
876071	876079	9	33.78	37	43
876260	876374	115	30.97	27	78
876419	876434	16	9.50	11	11
876564	876613	50	7.22	12	15
876776	876826	51	9.18	15	17
877740	878295	556	7.77	0	43
878770	879079	310	40.25	0	225
879113	879162	50	0.00	0	0
880462	880470	9	0.00	0	0
880513	880541	29	0.00	0	0
881073	881097	25	19.52	20	21
881130	881131	2	0.00	0	0
882707	882769	63	0.00	0	0
884174	884458	285	0.00	0	0
887385	887402	18	2.56	0	16
887441	887535	95	13.47	11	40
887953	887954	2	0.00	0	0
888189	888396	208	20.74	16	66
889216	889389	174	0.00	0	0
889544	889994	451	0.00	0	0
890239	890562	324	0.00	0	0
890604	890631	28	51.57	54	62
891520	891532	13	66.00	73	74
892709	892770	62	27.50	28	64
893056	893140	85	63.69	16	192
893167	893177	11	13.73	16.5	20
894609	894706	98	439.99	329	1103
894774	894871	98	17.58	11	225
896051	896113	63	81.11	96	117
896141	896152	12	0.00	0	0
898979	899045	67	162.72	194	243
899069	899185	117	36.60	30.5	63
900467	900580	114	138.60	80	311
900827	900832	6	174.17	209	209
901559	901659	101	18.06	18	40
903421	903425	5	22.40	28	29
904136	904198	63	134.16	174	194
904411	904424	14	51.00	55	63
905826	906076	251	213.29	52	2579
906812	906916	105	468.22	368.5	1113
907079	907092	14	12.07	13	15
909367	909504	138	8.86	0	42
910381	910581	201	7.28	10.5	17
910855	910856	2	7.50	15	15
910980	911036	57	14.44	15	19
913144	913195	52	0.00	0	0
913241	914205	965	1.72	0	22
914238	914252	15	54.80	58.5	72
914811	914855	45	248.40	325.5	475
916005	916025	21	0.00	0	0
916332	916341	10	0.00	0	0
916651	916654	4	0.00	0	0
917594	917599	6	0.00	0	0
918317	918323	7	0.00	0	0
918810	918898	89	33.25	23.5	76
919113	919168	56	22.82	15	50
919584	919641	58	19.12	26	33
919678	919828	151	0.00	0	0
920772	920810	39	0.00	0	0
920983	921444	462	1.26	0	25
922318	922327	10	3.20	0	12
923523	923581	59	10.34	0	46
924801	925014	214	0.00	0	0
925778	925794	17	0.00	0	0
925820	926134	315	2.88	0	17
928901	928925	25	0.00	0	0
929147	929778	632	0.00	0	0
929926	929927	2	0.00	0	0
931143	931181	39	3.77	0	12
931344	931346	3	0.00	0	0
932073	932156	84	13.74	14	58
932619	932838	220	109.07	81	298
933649	933859	211	1.40	0	14
935961	936054	94	10.23	14	23
937771	939729	1959	1.16	0	22
939993	940061	69	8.86	10	19
940100	940128	29	0.69	0	10
940163	940181	19	24.32	27	29
940926	940994	69	16.97	19.5	36
941034	941048	15	0.00	0	0
941081	941106	26	0.00	0	0
941834	941846	13	23.15	21	39
942516	942594	79	1.67	0	14
943075	943108	34	12.56	14	15
944527	944684	158	6.93	0	39
946168	946169	2	9.50	19	19
946467	946789	323	75.89	17	434
948014	948484	471	13.86	12	43
948515	948528	14	103.86	107	160
950368	950460	93	8.69	15	17
950929	950948	20	23.90	26	28
950993	951003	11	15.45	17	17
951829	951838	10	36.60	37	47
951877	951902	26	210.38	239	252
952383	952513	131	214.98	0	919
952796	952857	62	171.73	190	287
953122	953140	19	50.84	58	77
953171	953233	63	11.46	13.5	18
954599	954644	46	6.67	10	15
954820	954973	154	12.33	0	84
955755	957330	1576	26.47	19	109
957781	957831	51	47.82	47	72
958840	958972	133	7.10	0	55
959046	959238	193	4.69	0	56
960106	960532	427	10.78	11	127
960654	960685	32	4.66	0	12
961737	962110	374	6.85	10	18
963254	963274	21	0.00	0	0
963315	963368	54	3.09	0	12
963987	964022	36	0.00	0	0
964530	964626	97	6.82	0	26
965176	965460	285	81.52	87	209
965881	966014	134	78.57	74	219
968763	968776	14	0.00	0	0
968819	968909	91	2.20	0	10
970680	970710	31	146.94	150	171
970790	970868	79	74.91	82	131
972795	972800	6	30.67	32	62
972833	972836	4	0.00	0	0
973062	973187	126	3.74	0	20
973671	973679	9	1.22	0	11
974046	974074	29	5.28	0	16
975149	975274	126	0.00	0	0
976139	976190	52	4.85	0	11
976730	976975	246	0.00	0	0
977466	977472	7	16.00	19	19
977758	977847	90	12.81	12	16
977869	977879	11	10.64	13	15
978312	978514	203	32.71	28	109
979909	980126	218	50.19	51	99
980157	980159	3	0.00	0	0
980538	980748	211	114.92	97	250
981311	982211	901	0.00	0	0
984006	984206	201	0.00	0	0
984239	985213	975	9.81	10	44
985662	985850	189	15.58	0	56
985925	985944	20	74.00	77	90
986017	986455	439	37.87	11	357
987629	987657	29	35.00	36.5	45
987690	987789	100	11.33	15	30
987821	987972	152	38.38	41	61
988519	988523	5	31.20	39	39
990018	990281	264	63.34	0	382
990480	990550	71	14.80	10	39
992531	992549	19	29.37	31	34
992582	992676	95	0.00	0	0
994063	994079	17	8.18	14	15
994113	994129	17	5.82	0	21
995051	995425	375	15.10	16	41
995948	995953	6	19.67	24	24
997334	997447	114	25.43	24	51
998069	998125	57	1.93	0	10
998468	998604	137	81.67	0	291
998846	999098	253	30.39	32	52
999328	999362	35	301.51	219.5	583
999745	999761	17	0.00	0	0
1000507	1000858	352	0.65	0	25
1001690	1001698	9	0.00	0	0
1001731	1001854	124	1.10	0	11
1003361	1003375	15	11.80	13	13
1003408	1003492	85	2.84	0	51
1003520	1003524	5	113.20	142.5	146
1003915	1004233	319	586.95	145	3533
1004777	1004811	35	99.71	114	127
1005868	1006129	262	143.76	0	1422
1008707	1008725	19	94.47	103.5	115
1008767	1008780	14	7.21	10	11
1009993	1010083	91	12.58	0	57
1010291	1010484	194	0.00	0	0
1011289	1011304	16	0.00	0	0
1011339	1011358	20	0.00	0	0
1012056	1012181	126	2.79	0	11
1012381	1012690	310	16.20	19	38
1012928	1012964	37	7.41	0	24
1013673	1013747	75	20.29	0	86
1014207	1014282	76	0.00	0	0
1014442	1014446	5	0.00	0	0
1014487	1014596	110	0.00	0	0
1015077	1015419	343	0.00	0	0
1015452	1015476	25	21.64	25	27
1017336	1017354	19	16.00	17.5	21
1018909	1019095	187	51.39	19	174
1019129	1019278	150	29.40	24	68
1020062	1020137	76	6.99	11	15
1020170	1020174	5	0.00	0	0
1021606	1022008	403	114.50	15.5	608
1022942	1023467	526	23.80	0	275
1025731	1025745	15	0.00	0	0
1025779	1025840	62	0.00	0	0
1026153	1026288	136	19.54	12	66
1027249	1027290	42	0.00	0	0
1028695	1028712	18	6.17	10	12
1029013	1029092	80	36.16	41	54
1029370	1029706	337	13.89	11	39
1030022	1030108	87	5.44	0	17
1030338	1030402	65	4.08	0	14
1030685	1030689	5	28.00	35	35
1031011	1031164	154	12.06	14	31
1031510	1032744	1235	38.27	30	152
1033064	1033164	101	0.00	0	0
1033256	1034038	783	5.84	0	76
1034805	1035257	453	10.29	0	232
1036331	1036788	458	108.09	29	785
1037233	1037246	14	13.79	15	17
1037280	1037285	6	36.67	44	44
1038105	1038225	121	15.07	15	38
1038682	1038695	14	9.29	10	10
1038728	1038826	99	86.10	90	118
1039961	1040335	375	6.80	0	103
1042559	1042572	14	80.50	88	96
1042612	1042857	246	0.00	0	0
1043176	1043179	4	0.00	0	0
1043210	1043809	600	2.08	0	20
1043838	1044119	282	238.70	225	676
1044285	1044446	162	1481.20	344	4750
1045477	1045493	17	0.00	0	0
1046636	1046643	8	0.00	0	0
1047115	1047172	58	0.00	0	0
1048466	1048488	23	6.61	11	13
1048885	1049093	209	0.00	0	0
1055025	1055026	2	0.00	0	0
1057636	1057848	213	0.00	0	0
1058320	1058421	102	0.00	0	0
1058635	1058673	39	0.00	0	0
1060924	1060925	2	0.00	0	0
1062421	1062477	57	0.00	0	0
1062718	1062719	2	0.00	0	0
1063032	1063206	175	1.06	0	11
1064991	1065118	128	0.00	0	0
1065612	1065651	40	0.00	0	0
1066144	1066184	41	0.00	0	0
1066467	1066485	19	0.00	0	0
1068972	1069091	120	0.00	0	0
1069317	1069491	175	0.00	0	0
1069810	1069892	83	0.00	0	0
1070079	1070214	136	0.00	0	0
1070905	1071066	162	49.03	0	456
1071604	1071606	3	17.33	26	28
1071964	1071982	19	0.00	0	0
1072199	1072683	485	106.46	0	519
1072882	1072916	35	0.00	0	0
1073663	1073805	143	0.00	0	0
1074136	1074306	171	0.00	0	0
1074723	1074793	71	0.00	0	0
1075478	1075619	142	0.00	0	0
1076288	1076341	54	0.00	0	0
1076555	1076667	113	0.00	0	0
1078059	1078086	28	34.86	37	42
1078279	1078336	58	37.43	41	49
1078419	1078571	153	41.92	0	2700
1079830	1079912	83	3.84	0	24
1081145	1082261	1117	0.00	0	0
1083345	1083351	7	0.00	0	0
1083646	1083648	3	0.00	0	0
1085486	1085600	115	0.00	0	0
1085877	1085885	9	0.00	0	0
1086102	1086189	88	0.00	0	0
1086391	1086406	16	0.00	0	0
1086716	1086788	73	0.00	0	0
1088269	1088666	398	9.83	0	38
1088871	1088967	97	22.07	24.5	49
1090126	1090234	109	7.89	0	49
1091042	1091145	104	26.70	20	61
1091395	1091448	54	24.81	24	42
1092253	1092271	19	15.37	15.5	21
1092306	1092591	286	2.55	0	16
1093430	1093503	74	0.00	0	0
1094042	1094089	48	0.00	0	0
1094128	1094182	55	0.00	0	0
1095593	1096022	430	2.12	0	22
1096060	1096078	19	0.00	0	0
1096535	1096626	92	4.49	0	21
1097479	1097813	335	32.82	18	144
1099701	1099899	199	6.84	0	61
1099973	1100190	218	15.68	17	36
1100341	1100402	62	23.39	26	43
1101207	1101214	8	0.00	0	0
1101256	1101266	11	12.64	12.5	18
1102134	1102248	115	3.87	0	22
1102684	1102700	17	0.00	0	0
1102879	1103016	138	0.00	0	0
1103977	1104971	995	0.00	0	0
1106055	1106061	7	0.00	0	0
1106356	1106358	3	0.00	0	0
1107965	1108098	134	0.00	0	0
1108157	1108605	449	0.00	0	0
1108888	1108897	10	0.00	0	0
1109093	1109099	7	0.00	0	0
1109442	1109667	226	0.00	0	0
1110182	1110877	696	0.00	0	0
1111317	1111362	46	0.00	0	0
1111742	1112517	776	14.42	14	43
1112882	1112998	117	20.50	20	34
1113204	1113501	298	17.98	16	67
1113959	1114195	237	11.76	0	37
1114230	1114326	97	0.00	0	0
1114471	1114587	117	0.85	0	18
1114617	1114849	233	179.46	187	405
1115297	1115386	90	91.44	97	142
1115684	1116037	354	0.00	0	0
1116150	1116248	99	0.00	0	0
1119143	1119493	351	0.00	0	0
1119568	1119577	10	0.00	0	0
1119654	1119756	103	0.00	0	0
1121295	1121382	88	0.00	0	0
1121599	1121832	234	13.50	13	40
1122260	1122292	33	0.00	0	0
1122561	1122940	380	396.46	222	1145
1123017	1123752	736	21.01	0	423
1123785	1123799	15	48.53	51.5	54
1124136	1124289	154	177.64	0	645
1128244	1128260	17	0.00	0	0
1128306	1128344	39	3.05	0	12
1129491	1129601	111	6.82	0	19
1129911	1129937	27	12.89	13.5	16
1130130	1130144	15	30.00	37	39
1130895	1130909	15	0.00	0	0
1130945	1131130	186	4.68	0	17
1132583	1132605	23	0.00	0	0
1132644	1132670	27	52.67	56	56
1133577	1133859	283	20.91	0	75
1134490	1134510	21	51.90	64	87
1134727	1134873	147	0.00	0	0
1135216	1135217	2	5.00	10	10
1135927	1135976	50	0.00	0	0
1137195	1137256	62	0.00	0	0
1138664	1138734	71	0.00	0	0
1138779	1138853	75	0.00	0	0
1141813	1142044	232	0.00	0	0
1143617	1143684	68	2.01	0	12
1146913	1147034	122	0.00	0	0
1147995	1148079	85	2.49	0	14
1148219	1148342	124	10.05	14	18
1148451	1148816	366	1.36	0	19
1148998	1149251	254	0.00	0	0
1149300	1149326	27	0.00	0	0
1150353	1150383	31	22.97	26	31
1151007	1151401	395	15.80	0	77
1153694	1154087	394	72.15	60	308
1154865	1154935	71	7.66	0	53
1154965	1155020	56	0.00	0	0
1157868	1157887	20	0.00	0	0
1158527	1158532	6	0.00	0	0
1159664	1159775	112	0.00	0	0
1160810	1160888	79	7.41	0	18
1160931	1160953	23	7.65	5	19
1162586	1162643	58	0.45	0	14
1162693	1162699	7	0.00	0	0
1164368	1164404	37	10.35	11	13
1164434	1164440	7	31.29	38	40
1165590	1165610	21	0.00	0	0
1165650	1165668	19	513.53	544	629
1166140	1166273	134	51.58	0	219
1166655	1166815	161	86.98	99	193
1167773	1167822	50	7.74	10	21
1169583	1169598	16	32.19	33	37
1170435	1170479	45	272.80	423.5	446
1171380	1171422	43	25.91	40	45
1171479	1171487	9	0.00	0	0
1171517	1171530	14	0.00	0	0
1172245	1172768	524	552.53	26	5368
1173117	1173288	172	65.64	54	184
1173978	1173995	18	4.56	0	12
1174620	1174637	18	28.56	31	31
1174683	1174690	8	41.12	42	69
1174722	1174728	7	31.71	36.5	42
1175545	1175781	237	79.36	51.5	271
1176245	1176263	19	6.32	10	10
1176300	1176309	10	0.00	0	0
1177714	1177889	176	44.15	16	220
1180070	1180073	4	24.00	33	33
1180236	1180386	151	14.44	0	56
1182970	1183005	36	70.42	69	111
1183038	1183113	76	15.05	14	36
1184107	1184144	38	17.42	18	20
1184175	1184227	53	15.09	15	21
1185239	1185320	82	117.89	90	228
1185612	1185680	69	41.80	14	110
1186170	1186182	13	21.77	19	35
1187908	1188613	706	8.09	0	268
1188696	1188974	279	82.91	5	773
1189626	1189630	5	41.60	52	52
1189677	1189706	30	59.33	60	80
1190370	1190463	94	16.23	18	32
1192635	1192682	48	0.42	0	10
1193760	1193955	196	4.57	0	14
1194688	1194700	13	18.00	19	21
1194736	1194765	30	6.57	0	18
1195633	1195646	14	17.29	19	22
1195690	1195869	180	0.17	0	10
1196299	1196311	13	18.54	22	23
1197176	1197178	3	32.00	48	48
1197211	1197228	18	65.56	72	77
1198279	1198384	106	62.94	61	119
1198472	1198489	18	441.83	90	1561
1198562	1198574	13	563.00	81	3195
1198646	1198673	28	1357.89	269	9696
1198747	1198774	28	0.00	0	0
1198848	1198875	28	0.00	0	0
1198949	1199031	83	94.42	40	287
1199593	1199700	108	0.00	0	0
1200121	1200188	68	21.49	24	29
1200221	1200252	32	0.00	0	0
1200285	1200301	17	0.00	0	0
1200635	1200817	183	42.33	31	144
1201658	1201676	19	0.00	0	0
1201710	1201721	12	284.75	329	364
1202298	1202357	60	17.93	18	27
1203258	1203260	3	0.00	0	0
1204429	1204634	206	5.72	0	25
1207257	1207270	14	0.00	0	0
1207303	1207320	18	0.00	0	0
1207660	1208061	402	3.63	0	31
1208713	1209531	819	8.97	11	27
1209676	1209691	16	0.00	0	0
1210373	1210523	151	2.23	0	20
1212825	1212846	22	0.00	0	0
1214569	1214670	102	0.00	0	0
1215421	1215966	546	1.51	0	19
1216927	1217921	995	0.00	0	0
1219005	1219016	12	0.00	0	0
1219305	1219307	3	0.00	0	0
1221145	1221259	115	0.00	0	0
1221536	1221544	9	0.00	0	0
1221827	1221836	10	0.00	0	0
1222032	1222038	7	0.00	0	0
1222381	1222606	226	0.00	0	0
1223121	1223789	669	0.00	0	0
1223816	1224368	553	2.94	0	28
1224771	1224812	42	0.00	0	0
1225992	1226007	16	0.00	0	0
1226038	1226095	58	12.72	12	42
1228205	1228724	520	94.55	0	783
1229901	1230033	133	38.28	24	172
1230834	1230860	27	0.00	0	0
1230901	1231550	650	78.17	0	1169
1232320	1232336	17	0.00	0	0
1232362	1232380	19	1.05	0	10
1232936	1232976	41	44.49	43	70
1233005	1233062	58	23.98	29	42
1233946	1234025	80	9.65	11	24
1234471	1234708	238	5.50	0	21
1235037	1235043	7	0.00	0	0
1236148	1236498	351	3.56	0	66
1236946	1236960	15	34.00	39	41
1238476	1238489	14	28.71	31	32
1241319	1241337	19	0.00	0	0
1241362	1241365	4	0.00	0	0
1241396	1241480	85	11.33	14	20
1242819	1242894	76	5.91	0	16
1244233	1244235	3	0.00	0	0
1244265	1244377	113	14.04	0	131
1245002	1245068	67	18.42	15	42
1246485	1246813	329	17.94	0	134
1247540	1247566	27	24.22	25.5	30
1248087	1248517	431	11.75	0	68
1248800	1249110	311	3258.81	84.5	23010
1249573	1249796	224	49.49	35	209
1250853	1250868	16	9.81	12	13
1250907	1251142	236	4.65	0	22
1251323	1251346	24	0.42	0	10
1251378	1251396	19	23.89	22	34
1252750	1252766	17	61.06	67	70
1253037	1253125	89	63.88	25	171
1253899	1253989	91	18.54	11	69
1254028	1254038	11	50.45	57	59
1254948	1255044	97	80.33	0	595
1255753	1255894	142	0.00	0	0
1256546	1257344	799	7.35	0	38
1257378	1257495	118	0.00	0	0
1257787	1258140	354	0.00	0	0
1258253	1258351	99	0.00	0	0
1261240	1261590	351	0.00	0	0
1261664	1261671	8	0.00	0	0
1261746	1261848	103	0.00	0	0
1263387	1263559	173	0.00	0	0
1263845	1263919	75	26.40	21.5	43
1265102	1265170	69	5.14	0	19
1267325	1267419	95	28.44	31	49
1267624	1267683	60	76.07	54	119
1268299	1268428	130	35.79	14	215
1269026	1269073	48	0.00	0	0
1269881	1269915	35	0.00	0	0
1270024	1270186	163	19.82	0	73
1271540	1271545	6	0.00	0	0
1271582	1271672	91	11.14	12	26
1272144	1272161	18	0.00	0	0
1272195	1272275	81	9.07	0	20
1272316	1272359	44	0.00	0	0
1272610	1272946	337	0.00	0	0
1273260	1274253	994	0.20	0	10
1274588	1274940	353	6.31	0	24
1275592	1275618	27	10.44	15	16
1276309	1276588	280	0.00	0	0
1279545	1279546	2	0.00	0	0
1280063	1280068	6	0.00	0	0
1281249	1281421	173	85.36	48	218
1281779	1281811	33	5.61	0	15
1284662	1284682	21	11.14	13	13
1284715	1284824	110	0.00	0	0
1285219	1285279	61	0.00	0	0
1285554	1285804	251	0.00	0	0
1285940	1286025	86	8.35	0	61
1286863	1287149	287	100.29	85	385
1287223	1287230	8	171.12	134	549
1287271	1287289	19	11.79	12	15
1288481	1288502	22	0.00	0	0
1289589	1289737	149	5.41	0	28
1290836	1290928	93	44.72	59	120
1291352	1291364	13	41.31	45	48
1291404	1291427	24	0.00	0	0
1293411	1293479	69	13.65	0	43
1294086	1294169	84	5.06	0	56
1295463	1295481	19	19.05	20	24
1295515	1295537	23	43.74	46.5	56
1296534	1296660	127	103.94	32	460
1297735	1297752	18	0.00	0	0
1297777	1297826	50	0.00	0	0
1298595	1298599	5	16.20	20.5	21
1299590	1299658	69	15.93	18	38
1300340	1300416	77	73.26	60	155
1300484	1300530	47	18.45	19.5	23
1301866	1301936	71	15.75	15	40
1301974	1301994	21	0.00	0	0
1302847	1302881	35	38.49	36.5	57
1302917	1302988	72	0.00	0	0
1303880	1303972	93	35.34	50.5	78
1306073	1306091	19	9.68	0	40
1306126	1306138	13	77.69	83	87
1307615	1307636	22	51.86	54	59
1308150	1308158	9	497.56	560.5	567
1308498	1308543	46	66.76	88	96
1308709	1308788	80	0.00	0	0
1309536	1309780	245	5.36	0	33
1310986	1311001	16	0.00	0	0
1312241	1312385	145	5.99	0	104
1312459	1312529	71	15.49	11	130
1313292	1313294	3	0.00	0	0
1314357	1314592	236	0.00	0	0
1315928	1315947	20	0.00	0	0
1315980	1316133	154	0.00	0	0
1316765	1317125	361	31.53	15.5	153
1317918	1318343	426	13.44	0	145
1320694	1320973	280	3.90	0	46
1321259	1321270	12	0.00	0	0
1321436	1321585	150	0.00	0	0
1321623	1321638	16	62.62	66	75
1323040	1323045	6	43.17	51	54
1323090	1323094	5	2.00	0	10
1326296	1326309	14	14.29	14	28
1327546	1327797	252	67.26	22	231
1328428	1328445	18	17.83	19	19
1328482	1328522	41	14.41	17	18
1328778	1329066	289	3.88	0	26
1330633	1330646	14	23.86	26	27
1330687	1330702	16	0.00	0	0
1333907	1333975	69	0.00	0	0
1335417	1335762	346	6.34	0	50
1337080	1337105	26	114.85	117	136
1337274	1337280	7	137.00	161	168
1337890	1337918	29	263.48	277.5	293
1339362	1339677	316	48.88	0	570
1341424	1341451	28	6.32	0	28
1341917	1342369	453	12.43	0	72
1342402	1342419	18	0.00	0	0
1342852	1342856	5	52.00	64.5	70
1343565	1343584	20	4.70	0	11
1344434	1344691	258	2.85	0	16
1345328	1345401	74	4.14	0	19
1346041	1346185	145	27.68	0	113
1348397	1348404	8	0.00	0	0
1348445	1348462	18	6.78	12	17
1348838	1348908	71	26.96	0	103
1349972	1350046	75	7.19	0	21
1350086	1350443	358	6.16	0	36
1350485	1350800	316	95.60	81	188
1351503	1351578	76	0.00	0	0
1351618	1351640	23	0.00	0	0
1352181	1352259	79	10.09	0	26
1352302	1352309	8	0.00	0	0
1352535	1352595	61	32.21	33.5	45
1353260	1353502	243	3.30	0	24
1353543	1353558	16	0.00	0	0
1355912	1355917	6	0.00	0	0
1356857	1356930	74	0.00	0	0
1356974	1356998	25	0.00	0	0
1357650	1357718	69	6.42	0	16
1360088	1360170	83	0.41	0	12
1360212	1360223	12	15.25	17	17
1362466	1362719	254	0.00	0	0
1363075	1363088	14	0.00	0	0
1363726	1363922	197	3.05	0	17
1363953	1363959	7	0.00	0	0
1363998	1364028	31	0.00	0	0
1364309	1366424	2116	10.89	12	36
1366531	1366697	167	4.44	0	18
1366837	1367872	1036	10.20	11	42
1367910	1367927	18	15.39	16	18
1368175	1368622	448	12.72	0	53
1368658	1368672	15	35.47	44	56
1369918	1370072	155	25.63	10	102
1370457	1370510	54	105.74	92	219
1371048	1371196	149	26.54	29	49
1372295	1372808	514	911.76	187	4899
1373289	1373337	49	11.90	13.5	27
1374297	1374585	289	11.32	0	78
1376111	1376152	42	0.00	0	0
1376804	1377043	240	9.83	0	64
1378385	1378389	5	15.20	19	19
1380389	1380390	2	5.50	11	11
1381015	1381020	6	35.83	43	43
1381612	1381627	16	0.00	0	0
1382843	1382899	57	0.00	0	0
1382928	1383026	99	0.00	0	0
1383192	1383263	72	0.00	0	0
1383296	1383361	66	1.26	0	14
1384415	1384442	28	3.11	0	12
1384656	1384667	12	12.67	0	43
1384715	1384781	67	118.43	125.5	170
1385358	1385542	185	57.23	20	398
1386359	1386370	12	78.83	86	87
1386411	1386564	154	30.58	38	63
1388074	1388684	611	57.14	55	192
1388710	1388727	18	151.72	179	193
1389064	1389198	135	400.87	92	1647
1389907	1390071	165	41.56	18	430
1390342	1390551	210	119.20	56	620
1392478	1392493	16	480.38	513	597
1392525	1392702	178	0.00	0	0
1394621	1394679	59	0.00	0	0
1395655	1395662	8	3.75	0	15
1395727	1396209	483	7.16	0	23
1396909	1397101	193	296.72	140.5	746
1397708	1397889	182	75.45	64	228
1398514	1398908	395	89.24	20	403
1399882	1399906	25	0.00	0	0
1399944	1399953	10	9.00	10	10
1402141	1402282	142	16.29	0	113
1403066	1403078	13	0.00	0	0
1403109	1403111	3	31.33	47	47
1403155	1403166	12	18.50	15	32
1405099	1405121	23	72.83	75	81
1405162	1405166	5	17.20	22	22
1406343	1406570	228	149.53	0	929
1406958	1406987	30	16.23	18	21
1407021	1407233	213	1600.15	0	7570
1408278	1408301	24	588.71	638	672
1408334	1408580	247	38.81	0	187
1412227	1412493	267	54.29	51.5	133
1413617	1413676	60	0.00	0	0
1413703	1413741	39	0.00	0	0
1414548	1414549	2	0.00	0	0
1414581	1414818	238	0.29	0	10
1416403	1416513	111	10.07	0	28
1416553	1416570	18	13.94	15	16
1416772	1416889	118	31.23	0	165
1417385	1417468	84	10.01	12	18
1418657	1418712	56	5.21	0	21
1419107	1419167	61	0.00	0	0
1419442	1419714	273	8.34	0	85
1421224	1421336	113	0.73	0	12
1421365	1421380	16	0.00	0	0
1422632	1423092	461	41.41	0	398
1424887	1424902	16	0.00	0	0
1424938	1425017	80	4.51	0	22
1425690	1425713	24	0.00	0	0
1425969	1425992	24	0.00	0	0
1426170	1426489	320	17.43	0	143
1427030	1427070	41	0.00	0	0
1427431	1427460	30	0.00	0	0
1428394	1428737	344	0.00	0	0
1429156	1429168	13	0.00	0	0
1430747	1430867	121	22.00	0	76
1430900	1430909	10	0.00	0	0
1432050	1432149	100	21.24	10	56
1432185	1432196	12	0.00	0	0
1433028	1433075	48	0.00	0	0
1433202	1433318	117	10.91	14.5	23
1434855	1434860	6	7.00	10	11
1435242	1435248	7	0.00	0	0
1435289	1435323	35	47.14	49	51
1436707	1436916	210	7.56	0	48
1437493	1437733	241	16.34	0	188
1438643	1439142	500	27.84	0	687
1439216	1439309	94	3.71	0	25
1439667	1439689	23	7.22	10	14
1440203	1440362	160	20.37	23	33
1440694	1440880	187	5.09	0	20
1441124	1441349	226	0.71	0	11
1441977	1443639	1663	32.72	16	222
1445055	1445066	12	41.33	43	49
1446207	1446431	225	28.09	28	68
1447506	1447623	118	18.20	16	49
1447654	1447711	58	4.00	0	24
1449176	1449375	200	11.73	15	25
1450297	1450397	101	15.76	19	35
1452288	1452400	113	27.85	0	122
1452431	1452456	26	0.00	0	0
1452739	1452890	152	3.70	0	34
1454439	1454442	4	9.75	13	13
1454695	1454733	39	97.31	101	123
1455490	1455597	108	16.13	11	44
1456744	1456832	89	105.79	115	273
1456862	1456905	44	80.45	52	195
1457167	1457472	306	11.32	0	253
1458613	1458627	15	1.33	0	10
1458660	1460179	1520	35.24	0	701
1460211	1460227	17	26.06	27.5	31
1462964	1463052	89	31.38	21	75
1465162	1465246	85	0.47	0	14
1465388	1465499	112	22.37	17	79
1465659	1467068	1410	13.29	0	297
1468176	1468641	466	7.25	0	43
1468673	1468906	234	39.92	28	116
1469717	1469907	191	5.84	0	54
1471614	1471643	30	0.00	0	0
1472547	1472561	15	5.33	10	10
1473702	1473752	51	4.02	0	14
1474975	1475022	48	0.00	0	0
1475434	1475455	22	13.91	15	17
1475476	1475485	10	16.40	19	19
1476212	1476266	55	17.64	17	24
1477008	1477046	39	39.23	28	81
1479256	1479513	258	3.54	0	15
1480406	1480695	290	6.86	0	41
1481087	1481444	358	0.00	0	0
1482279	1482293	15	5.33	10	10
1482319	1482931	613	0.74	0	14
1484715	1484737	23	17.57	21	22
1484770	1484774	5	0.00	0	0
1487113	1487120	8	0.00	0	0
1487826	1487851	26	0.00	0	0
1489049	1489091	43	0.00	0	0
1489140	1489315	176	0.00	0	0
1489362	1489376	15	0.00	0	0
1490514	1491301	788	0.00	0	0
1491696	1492063	368	0.00	0	0
1493019	1493025	7	0.00	0	0
1493447	1493756	310	0.00	0	0
1494543	1494696	154	9.26	0	31
1495843	1495929	87	0.00	0	0
1496806	1497376	571	2.58	0	24
1497409	1497425	17	0.00	0	0
1498734	1498871	138	75.13	46	187
1500048	1500168	121	78.75	21	467
1501411	1501498	88	28.02	29	41
1503129	1503168	40	70.25	73	77
1503209	1503242	34	14.74	14	20
1504761	1504762	2	5.00	10	10
1504796	1504806	11	77.00	84.5	86
1505872	1505877	6	9.33	11	12
1507174	1507236	63	33.83	37.5	51
1508663	1508749	87	5.09	0	17
1509128	1509218	91	22.13	25	37
1510335	1510581	247	3.91	0	15
1512117	1512243	127	19.25	22.5	44
1513888	1513912	25	8.32	8.5	18
1515389	1515415	27	20.44	23.5	27
1517162	1517224	63	64.27	60	100
1517486	1517514	29	96.97	101	106
1518921	1519201	281	81.25	0	404
1520447	1520544	98	135.11	0	1760
1520619	1520628	10	135.00	93	361
1520702	1520847	146	20.72	20	63
1520882	1520889	8	25.12	30	30
1521709	1521743	35	36.97	38.5	45
1522386	1522390	5	35.80	44	48
1523258	1523359	102	73.23	57	125
1525524	1525687	164	81.74	40	244
1527203	1527903	701	13.09	13	42
1528904	1529151	248	4.65	0	31
1530479	1531094	616	2.87	0	52
1531127	1531364	238	125.79	0	514
1532116	1532132	17	0.00	0	0
1532158	1532252	95	71.89	0	236
1532613	1532653	41	0.00	0	0
1532990	1533129	140	0.00	0	0
1533346	1533467	122	15.41	10	63
1534143	1534160	18	32.50	34	37
1534191	1534232	42	0.00	0	0
1534405	1534418	14	7.43	11	12
1535187	1535203	17	4.71	5	10
1535228	1535248	21	31.29	40	49
1535528	1535586	59	78.20	71.5	180
1535770	1535782	13	0.00	0	0
1536032	1536151	120	0.00	0	0
1536185	1536264	80	0.00	0	0
1537144	1537221	78	96.95	127	146
1538158	1538361	204	37.02	32	123
1539472	1539525	54	24.44	30	36
1541032	1541386	355	0.00	0	0
1541568	1541811	244	0.00	0	0
1541845	1542018	174	0.00	0	0
1542491	1542546	56	0.00	0	0
1542696	1542709	14	0.00	0	0
1543293	1543300	8	0.00	0	0
1543819	1543985	167	1.93	0	11
1544737	1545041	305	0.62	0	11
1545307	1545354	48	0.00	0	0
1545620	1545628	9	0.00	0	0
1545918	1547576	1659	15.29	0	175
1549251	1549259	9	44.67	49.5	54
1549294	1549312	19	24.47	28	30
1550745	1551326	582	26.79	24	75
1551489	1551521	33	3108.48	3306.5	3328
1552230	1552595	366	1041.62	25	4289
1553544	1553658	115	25.26	27	66
1554391	1554527	137	94.96	65	272
1555947	1555963	17	0.00	0	0
1555998	1556142	145	5.39	0	16
1556181	1556188	8	18.88	22	23
1557761	1557792	32	35.38	35	59
1557988	1558057	70	0.00	0	0
1559186	1559191	6	0.00	0	0
1559233	1559306	74	0.00	0	0
1560246	1560251	6	0.00	0	0
1562239	1562253	15	33.80	36	38
1562294	1562302	9	122.22	140	151
1562916	1562940	25	147.20	126	240
1563355	1563375	21	57.33	60	62
1563417	1563492	76	15.88	22	62
1564168	1564175	8	0.00	0	0
1564572	1564604	33	208.76	224.5	235
1564980	1564997	18	8.11	10	11
1565047	1565112	66	0.00	0	0
1565848	1565903	56	14.93	18	24
1566264	1566315	52	18.62	18	32
1566357	1566513	157	8.68	12	22
1566784	1566797	14	19.64	21	22
1566827	1566906	80	5.25	0	17
1567450	1567471	22	5.45	10	10
1567512	1567855	344	19.86	18	72
1568255	1568297	43	31.19	33.5	39
1568338	1568598	261	30.41	0	157
1570261	1570344	84	29.32	29	46
1571922	1572020	99	5.81	0	36
1572052	1572072	21	0.00	0	0
1573639	1573709	71	5.08	0	15
1573745	1573801	57	0.00	0	0
1574609	1574613	5	52.00	65	65
1575313	1575326	14	13.07	14	15
1575567	1575588	22	0.00	0	0
1575662	1575854	193	14.06	0	505
1576587	1576615	29	15.17	19	24
1578310	1578350	41	5.46	0	19
1579404	1579421	18	21.22	23	24
1580475	1580485	11	18.64	21	22
1580518	1580934	417	19.52	15	66
1581820	1581841	22	12.95	14	14
1581872	1581891	20	20.50	26	37
1582936	1583027	92	56.70	46	113
1584180	1584231	52	17.21	15	47
1584496	1584605	110	41.23	36	94
1586732	1586844	113	0.00	0	0
1587058	1587111	54	0.00	0	0
1587780	1587921	142	0.00	0	0
1588423	1588676	254	0.00	0	0
1589108	1589262	155	0.00	0	0
1589548	1589735	188	372.16	0	1831
1589934	1590176	243	236.52	0	2394
1590591	1590601	11	492.09	545	656
1591247	1591368	122	152.30	78	437
1591768	1591872	105	200.41	245.5	544
1592053	1592224	172	219.59	0	1403
1593041	1593315	275	1.16	0	12
1594069	1594210	142	20.78	0	254
1594380	1594481	102	60.45	0	285
1594800	1594974	175	4.66	0	58
1595748	1596025	278	75.20	62	238
1596239	1596418	180	27.07	24	116
1597034	1597105	72	46.03	23	118
1597259	1597351	93	0.00	0	0
1597844	1597883	40	0.00	0	0
1598385	1598473	89	0.00	0	0
1599047	1599377	331	8.14	0	52
1600338	1600890	553	0.00	0	0
1601212	1601334	123	0.00	0	0
1602418	1602429	12	0.00	0	0
1602718	1602739	22	0.00	0	0
1603647	1603893	247	0.00	0	0
1604176	1604178	3	0.00	0	0
1605364	1605385	22	0.00	0	0
1605429	1605580	152	0.00	0	0
1606535	1606827	293	0.00	0	0
1607365	1607367	3	0.00	0	0
1607710	1608051	342	0.00	0	0
1608132	1608228	97	10.21	0	50
1608607	1608773	167	299.68	305	676
1608803	1608809	7	10.00	11	13
1609806	1610150	345	1514.08	172	10571
1610325	1610654	330	179.87	0	2316
1611144	1611170	27	98.04	103	110
1611203	1611219	17	50.53	54.5	59
1611976	1612047	72	161.79	172	321
1612912	1612962	51	33.63	24	104
1613239	1613240	2	66.00	132	132
1613529	1613533	5	1754.40	2194	2221
1614062	1614857	796	51.34	21	243
1615009	1616716	1708	1.58	0	24
1616739	1616811	73	0.00	0	0
1616849	1616907	59	32.24	35	71
1617254	1617305	52	68.23	75	78
1618473	1618485	13	23.31	25	31
1618798	1618902	105	43.45	42	61
1619077	1619109	33	103.12	108	132
1620106	1620121	16	52.12	65	79
1620162	1620352	191	29.74	31	65
1621136	1621232	97	61.29	27	164
1621266	1621292	27	30.07	32	33
1622112	1622323	212	7.53	0	36
1623965	1624475	511	54.60	0	568
1625706	1625781	76	4.54	0	25
1627471	1627507	37	24.51	19	63
1627545	1627558	14	131.29	142	146
1629233	1629480	248	201.66	77	963
1629550	1629572	23	335.39	18.5	3508
1630017	1630022	6	87.67	111	111
1630995	1631220	226	86.41	43	419
1631527	1631553	27	494.11	482.5	672
1631824	1632014	191	19.66	12	63
1632037	1632060	24	91.88	103	108
1633243	1633253	11	46.45	51.5	57
1633285	1633390	106	29.14	30	38
1633421	1633433	13	27.69	30	31
1633587	1633620	34	821.50	592	1743
1633852	1633925	74	298.22	107	1295
1635625	1635650	26	21.81	22	26
1636833	1637045	213	5.61	0	58
1637088	1637093	6	19.67	23	26
1637565	1637641	77	0.00	0	0
1638326	1638611	286	71.27	34	291
1638657	1638677	21	19.62	22	22
1641013	1641036	24	8.21	10	11
1641075	1641215	141	0.00	0	0
1642683	1642753	71	3.06	0	12
1642788	1642970	183	8.90	0	33
1643230	1644373	1144	88.50	46	892
1645157	1645170	14	53.21	62	64
1645671	1645676	6	0.00	0	0
1646163	1646177	15	13.47	15	16
1646208	1646232	25	1.36	0	14
1647286	1648563	1278	7.03	0	48
1648599	1648919	321	20.71	0	94
1648953	1649135	183	0.00	0	0
1649293	1649716	424	0.00	0	0
1649829	1649927	99	0.00	0	0
1652815	1653165	351	0.00	0	0
1653239	1653246	8	0.00	0	0
1653321	1653423	103	0.00	0	0
1654962	1655375	414	0.00	0	0
1655412	1655424	13	101.38	107	137
1656229	1656450	222	87.68	78	291
1657819	1657831	13	0.00	0	0
1657865	1658076	212	91.27	57	215
1658530	1658538	9	26.89	29.5	32
1658571	1658586	16	0.00	0	0
1660016	1660137	122	0.00	0	0
1660333	1660383	51	0.00	0	0
1660780	1660889	110	6.99	0	39
1663087	1663095	9	9.78	11	11
1663134	1663269	136	0.00	0	0
1665418	1665455	38	0.00	0	0
1666068	1666205	138	2.40	0	30
1668072	1668104	33	23.15	25	26
1668141	1668153	13	0.00	0	0
1669522	1669595	74	3.68	0	21
1670226	1670356	131	0.30	0	13
1672262	1672743	482	11.81	10	41
1673743	1673846	104	6.00	0	15
1676250	1676321	72	80.88	81	136
1677324	1677334	11	16.27	20	22
1677370	1677382	13	30.08	33	37
1678085	1678524	440	19.57	0	78
1680061	1680195	135	0.00	0	0
1682011	1682050	40	16.12	20	25
1684380	1684390	11	0.00	0	0
1685690	1686026	337	3.17	0	17
1686067	1686073	7	0.00	0	0
1688330	1688396	67	0.00	0	0
1688859	1688988	130	6.72	0	19
1689673	1689735	63	0.00	0	0
1690060	1690070	11	13.27	15	15
1690113	1690143	31	53.90	55.5	72
1690726	1690727	2	0.00	0	0
1690863	1690891	29	27.38	24	44
1693674	1693698	25	11.32	13	14
1693742	1693788	47	3.64	0	18
1694891	1694957	67	0.00	0	0
1694990	1695009	20	22.35	24	25
1695358	1695420	63	2.21	0	16
1696864	1696875	12	15.00	16	18
1698370	1698485	116	21.47	21	32
1699647	1699832	186	22.23	20	46
1701855	1701859	5	44.00	54	62
1702831	1702844	14	16.07	17	18
1703322	1703404	83	34.78	33.5	68
1704479	1704483	5	0.00	0	0
1706743	1706788	46	74.24	78	99
1706820	1707457	638	22.36	19	91
1708757	1709148	392	21.79	17	118
1709620	1709621	2	5.00	10	10
1711459	1711473	15	25.00	28	29
1712301	1712795	495	17.86	0	160
1714888	1715117	230	171.92	173	327
1715463	1715637	175	5.20	0	21
1715836	1716171	336	0.00	0	0
1716484	1716627	144	0.00	0	0
1718833	1719208	376	0.00	0	0
1719252	1719258	7	0.00	0	0
1721947	1722142	196	0.00	0	0
1722483	1722491	9	0.00	0	0
1722963	1723105	143	0.00	0	0
1723147	1723161	15	0.00	0	0
1724167	1724400	234	140.10	0	731
1724635	1724793	159	79.49	39	225
1726039	1726065	27	46.11	44	71
1726098	1726493	396	0.00	0	0
1726918	1727672	755	0.00	0	0
1727703	1728024	322	5.48	0	20
1729153	1729567	415	8.09	0	31
1729686	1729809	124	0.00	0	0
1730180	1730256	77	7.26	12	15
1730390	1730756	367	29.14	0	107
1732269	1732343	75	65.99	96	105
1732386	1732786	401	0.98	0	17
1733351	1733364	14	0.00	0	0
1733403	1733574	172	2.31	0	35
1734736	1734753	18	38.56	44	55
1734793	1735098	306	0.00	0	0
1735131	1735318	188	66.97	50	171
1737353	1737442	90	14.99	12	40
1738433	1738580	148	30.74	22	89
1740969	1741069	101	0.00	0	0
1742453	1742470	18	11.39	12	15
1742506	1742539	34	12.03	13	45
1742631	1743195	565	111.21	53.5	505
1743270	1743304	35	0.80	0	14
1743378	1743419	42	26.90	10	358
1743494	1743528	35	1333.89	29.5	22472
1743602	1743698	97	77.66	0	508
1745649	1745796	148	1.14	0	17
1746634	1746644	11	12.00	13.5	15
1746678	1746834	157	1.63	0	21
1747864	1747883	20	0.00	0	0
1748060	1748120	61	3.90	0	16
1748844	1748915	72	10.57	13	26
1749348	1749576	229	24.63	17.5	119
1749952	1749963	12	9.67	11	13
1750771	1750782	12	7.83	0	36
1750819	1751412	594	87.90	58	296
1752583	1752699	117	14.90	0	57
1752730	1752735	6	15.17	18	20
1753726	1753809	84	102.25	113	270
1754113	1754220	108	72.19	53	133
1756978	1756993	16	14.50	17	21
1757022	1757209	188	7.85	10	18
1758200	1758360	161	8.06	0	45
1759786	1759891	106	3.14	0	29
1759916	1759969	54	38.72	58	82
1761854	1761866	13	0.00	0	0
1761900	1761923	24	0.00	0	0
1762506	1762517	12	0.00	0	0
1762546	1763255	710	15.76	0	79
1764027	1764128	102	1.05	0	13
1764750	1764792	43	41.79	43	105
1764835	1764846	12	0.00	0	0
1765420	1765432	13	11.23	6.5	35
1766703	1766714	12	0.00	0	0
1766753	1766819	67	6.33	0	26
1767596	1767622	27	3.15	0	12
1768646	1768789	144	43.92	45	155
1769345	1769402	58	184.14	63	513
1770147	1770151	5	88.40	110.5	118
1770947	1770952	6	0.00	0	0
1770981	1771004	24	68.38	71	77
1773562	1773620	59	112.03	71	281
1775997	1776004	8	15.75	20	20
1776563	1776597	35	3.71	0	10
1777639	1777676	38	9.13	11	13
1778124	1778137	14	34.79	41	43
1778164	1778302	139	167.35	73.5	475
1779017	1779055	39	7.28	0	24
1779836	1779850	15	7.27	11	11
1779887	1780300	414	2.18	0	54
1781690	1781700	11	7.27	12	14
1781726	1781770	45	26.82	27	42
1783028	1783040	13	0.00	0	0
1783086	1783134	49	32.14	36.5	78
1785970	1785983	14	0.00	0	0
1786032	1786048	17	0.00	0	0
1786511	1787383	873	1.26	0	27
1788179	1788697	519	290.18	0	3101
1789742	1790222	481	23.55	0	569
1790256	1790264	9	11.22	13	13
1791183	1791188	6	45.33	56	56
1791450	1791455	6	213.17	259	260
1792269	1792299	31	167.55	171	184
1793011	1793115	105	17.69	12	164
1793147	1793159	13	91.46	102	109
1793526	1793551	26	149.04	165	186
1794536	1794563	28	143.93	127	339
1795182	1795203	22	101.68	96	195
1795597	1795618	22	316.00	335	376
1795979	1796048	70	346.86	325	961
1796155	1796180	26	540.27	574	641
1796397	1796403	7	276.29	320.5	370
1797712	1797725	14	1413.07	1495	1601
1798158	1798161	4	126.00	169	172
1798856	1798876	21	343.24	407.5	711
1799228	1799243	16	183.00	95	665
1799775	1799790	16	192.31	174	345
1800181	1800198	18	343.50	409	412
1800502	1800506	5	168.60	209	216
1801044	1801055	12	342.42	388	402
1801377	1801390	14	98.00	113	120
1801757	1801980	224	570.66	217	2118
1802242	1802243	2	24.50	49	49
1802433	1802434	2	78.00	156	156
1803525	1803536	12	72.67	57	134
1803864	1803874	11	16.36	18	26
1804151	1804158	8	28.75	33	35
1804990	1804997	8	424.25	476	506
1805927	1805928	2	158.50	317	317
1806571	1806717	147	258.07	128.5	716
1806753	1806790	38	0.00	0	0
1806980	1807188	209	10.33	10	32
1807231	1807358	128	15.53	14	64
1807668	1807687	20	80.10	83	92
1808870	1808902	33	1062.06	1083	1198
1808952	1808959	8	157.12	180	183
1811063	1811083	21	131.90	142	149
1811552	1811671	120	122.38	92	325
1812041	1812221	181	48.51	0	405
1812369	1812377	9	0.00	0	0
1813519	1813690	172	1.94	0	13
1813721	1813760	40	0.00	0	0
1814820	1815055	236	1.91	0	12
1815086	1815109	24	12.79	14	15
1819283	1819437	155	22.14	25	36
1823614	1823806	193	132.62	26	814
1824176	1824235	60	1778.28	1803	2717
1824734	1824963	230	1137.00	456	4341
1825657	1825658	2	483.00	966	966
1826091	1826193	103	570.11	625.5	1154
1826728	1826731	4	135.00	181	185
1827008	1827124	117	28.45	26	210
1827198	1827206	9	2490.11	368.5	10124
1828389	1828439	51	2130.43	2514.5	2832
1828512	1828523	12	1180.25	148	6461
1828595	1828627	33	1262.82	1462	1895
1828709	1828807	99	150.11	43	2766
1829057	1829181	125	41.30	50	70
1829749	1829799	51	54.00	0	171
1829834	1829853	20	0.00	0	0
1830191	1830207	17	0.00	0	0
1830980	1831676	697	75.86	39.5	324
1831762	1831967	206	17.38	17	46
1832001	1832026	26	5.27	0	26
1834331	1834410	80	10.01	14	32
1834870	1834897	28	36.11	37	43
1836083	1836085	3	51.00	76.5	78
1836118	1836175	58	0.00	0	0
1839564	1839565	2	11.50	23	23
1841388	1841468	81	61.68	65.5	97
1842393	1842435	43	140.44	138	214
1842469	1842482	14	154.36	172	187
1842984	1843058	75	30.41	0	161
1843254	1843283	30	83.33	53	231
1844619	1844629	11	20.09	21.5	25
1844662	1844693	32	6.25	10	10
1844856	1845041	186	5.72	0	19
1845690	1845753	64	7.91	0	31
1846210	1846221	12	22.00	24	25
1847140	1847377	238	40.31	40	167
1848218	1848737	520	45.00	36	121
1848972	1849021	50	183.12	211	308
1849610	1849887	278	47.77	13	186
1850437	1850658	222	94.04	47	394
1851090	1851527	438	18.83	0	107
1852998	1853014	17	34.00	36	39
1853058	1853254	197	2.52	0	14
1853754	1853818	65	4.40	0	18
1854579	1854607	29	0.00	0	0
1854647	1854668	22	0.00	0	0
1855089	1855268	180	0.63	0	18
1855419	1855435	17	0.00	0	0
1855631	1855642	12	0.00	0	0
1856657	1856703	47	16.83	20	36
1856739	1856757	19	7.32	10.5	11
1857970	1858204	235	13.06	0	84
1858504	1858685	182	16.52	17	35
1858810	1859710	901	19.04	14	70
1861710	1861742	33	27.45	37	45
1864014	1864134	121	1.56	0	36
1865149	1865151	3	0.00	0	0
1866190	1866296	107	0.00	0	0
1867161	1867162	2	0.00	0	0
1867199	1867312	114	0.00	0	0
1867824	1867858	35	1.60	0	14
1867889	1867901	13	13.77	15	17
1869918	1870114	197	75.97	0	349
1871234	1871522	289	23.45	28	64
1871704	1872072	369	29.60	0	119
1872106	1872223	118	0.53	0	13
1872515	1872868	354	0.00	0	0
1872981	1873079	99	0.00	0	0
1875967	1876317	351	0.00	0	0
1876391	1876398	8	0.00	0	0
1876473	1876575	103	0.00	0	0
1878114	1878526	413	0.00	0	0
1878564	1878577	14	7.43	10	13
1878992	1879144	153	11.31	5	65
1879949	1879984	36	1.67	0	15
1880390	1880391	2	0.00	0	0
1881076	1881197	122	387.98	18	1474
1882239	1882404	166	33.90	32	59
1883629	1883643	15	25.20	28	29
1883682	1883747	66	1.36	0	10
1885896	1886379	484	2.40	0	24
1886662	1887184	523	2.20	0	25
1887217	1887810	594	0.00	0	0
1888820	1891119	2300	28.19	0	468
1891510	1891591	82	26.37	0	113
1893038	1893050	13	60.31	65.5	72
1893081	1893102	22	34.09	35	38
1894372	1894414	43	7.84	11	24
1894862	1894896	35	19.17	18.5	24
1895936	1895939	4	21.25	28	29
1896013	1896235	223	6.78	0	40
1897487	1897498	12	0.00	0	0
1897525	1897569	45	50.33	69	80
1898761	1898764	4	8.25	11	11
1898802	1898814	13	10.46	16	24
1899061	1899109	49	9.33	11	20
1899143	1899155	13	12.77	14	14
1900718	1900874	157	80.61	18	435
1901394	1901519	126	80.58	0	465
1902524	1902534	11	22.55	24	26
1902580	1902641	62	3.03	0	17
1904034	1904055	22	0.00	0	0
1904450	1904455	6	18.17	22	22
1904945	1904950	6	17.67	20	26
1905079	1905222	144	0.00	0	0
1907815	1908250	436	6.92	0	119
1909253	1909279	27	72.33	66	112
1909318	1909406	89	0.00	0	0
1910085	1910546	462	497.31	266	2418
1911180	1911218	39	14.21	18.5	37
1912185	1912412	228	90.41	12	350
1913160	1913172	13	145.38	158.5	193
1914106	1914294	189	22.29	14	78
1914539	1914831	293	27.77	28	68
1915135	1915306	172	18.18	19	39
1916576	1916582	7	38.71	45.5	47
1917212	1917228	17	0.00	0	0
1917742	1917807	66	6.59	10	15
1917853	1917895	43	0.00	0	0
1918316	1918537	222	9.49	0	25
1918566	1918567	2	0.00	0	0
1918745	1918752	8	11.25	13	13
1919338	1919361	24	14.71	17	19
1920938	1921057	120	13.06	16	30
1921394	1921469	76	263.33	361	412
1921917	1922249	333	31.67	0	156
1923150	1923254	105	21.78	16	83
1924356	1924367	12	26.58	28	35
1924402	1924436	35	258.83	31	1692
1924794	1924807	14	376.64	176	1445
1924848	1924853	6	19.67	23	27
1925112	1925125	14	0.00	0	0
1926581	1927363	783	0.70	0	15
1931531	1931587	57	12.14	13	22
1933493	1933805	313	5.12	0	37
1935081	1935185	105	21.75	21.5	40
1936473	1936474	2	0.00	0	0
1936676	1936689	14	0.00	0	0
1936724	1936907	184	0.00	0	0
1936940	1936945	6	0.00	0	0
1937210	1937604	395	3.86	0	26
1938946	1939015	70	12.00	0	47
1939054	1939072	19	0.00	0	0
1939871	1939912	42	6.95	12	16
1940897	1941281	385	7.35	10	22
1941400	1941694	295	2.69	0	18
1941819	1942107	289	0.00	0	0
1942403	1942503	101	12.42	0	34
1942876	1943051	176	58.42	59	111
1943406	1943805	400	77.42	32	420
1944251	1944696	446	71.80	55	288
1945054	1945540	487	5.47	0	24
1945788	1946664	877	21.24	17	94
1947104	1947206	103	2.83	0	21
1947414	1947492	79	45.37	48	103
1947850	1947856	7	12.00	14	14
1949351	1949392	42	0.00	0	0
1950353	1950485	133	12.71	0	47
1951203	1951421	219	10.63	0	123
1952274	1952404	131	40.79	23	131
1953131	1953305	175	60.22	41.5	166
1953537	1953538	2	7.00	14	14
1954196	1954258	63	8.79	0	26
1954847	1955232	386	39.08	0	152
1956697	1956840	144	12.56	16	28
1956872	1956885	14	100.07	107	132
1957444	1957497	54	0.00	0	0
1957795	1957895	101	48.72	41	109
1958673	1958714	42	2.19	0	11
1959366	1959372	7	51.14	64	65
1959979	1960044	66	22.98	13	50
1960636	1960642	7	177.57	205	219
1960988	1961036	49	20.41	19	36
1961910	1961934	25	10.76	13	24
1962754	1962755	2	56.50	113	113
1963908	1963916	9	5.44	6	13
1963943	1963963	21	43.19	68.5	87
1965958	1965975	18	16.39	17	19
1967395	1967567	173	3.47	0	15
1968676	1968687	12	0.00	0	0
1969216	1969260	45	2.33	0	11
1969294	1969310	17	14.12	16	16
1970424	1970600	177	39.41	16	246
1971180	1971193	14	89.71	107	112
1971226	1971243	18	9.83	10	11
1972096	1972320	225	4.81	0	54
1972396	1972422	27	422.15	374	1860
1972497	1972526	30	179.83	24	4646
1972600	1972737	138	43.95	13	1807
1975017	1975131	115	3.79	0	14
1975954	1975967	14	40.79	45	46
1976122	1976164	43	27.88	32	34
1976285	1976421	137	0.00	0	0
1976673	1976688	16	0.00	0	0
1977475	1977507	33	0.00	0	0
1977554	1977555	2	0.00	0	0
1977748	1978171	424	1.88	0	20
1978787	1978810	24	0.00	0	0
1981132	1981199	68	0.00	0	0
1981302	1981420	119	0.00	0	0
1982861	1982876	16	0.00	0	0
1982909	1983006	98	0.34	0	12
1984322	1984325	4	19.25	25	28
1985055	1985064	10	12.90	16	28
1985095	1985169	75	48.19	36	83
1986022	1986402	381	6.28	0	69
1987258	1987345	88	21.53	19	48
1988732	1988734	3	18.33	27.5	28
1988957	1989066	110	40.53	34	87
1989259	1989358	100	11.81	0	28
1990127	1990244	118	0.61	0	11
1992996	1993015	20	0.00	0	0
1993048	1993120	73	148.92	27.5	458
1994108	1994120	13	0.00	0	0
1994146	1994163	18	52.72	55	59
1994491	1994503	13	22.08	24	24
1994807	1995171	365	9026.05	3029	36813
1995601	1995615	15	1170.93	1158	1755
1996006	1996388	383	9.57	0	132
1996881	1997075	195	11.75	13	22
1998003	1998133	131	0.00	0	0
1998881	1999005	125	26.23	28	55
1999585	1999605	21	58.19	59	71
2000953	2000969	17	151.06	166	169
2001756	2001769	14	65.43	71	72
2001799	2001836	38	15.13	17	17
2001874	2002089	216	1.62	0	12
2003878	2003946	69	5.61	0	19
2004577	2004671	95	0.00	0	0
2005494	2005564	71	9.99	0	89
2006126	2006133	8	0.00	0	0
2006166	2006211	46	38.04	37	50
2006647	2006869	223	2.95	0	20
2007137	2007138	2	5.50	11	11
2008912	2008982	71	11.90	12	31
2009015	2009040	26	4.77	0	11
2009980	2009990	11	20.09	22	24
2010864	2011048	185	14.18	14	78
2011123	2011273	151	76.32	0	5586
2011371	2011463	93	0.00	0	0
2013363	2013377	15	0.00	0	0
2013422	2013873	452	0.00	0	0
2014202	2014257	56	0.00	0	0
2014568	2014645	78	0.00	0	0
2015013	2015246	234	0.00	0	0
2015466	2015501	36	0.00	0	0
2015863	2016321	459	0.00	0	0
2016587	2016725	139	0.00	0	0
2017048	2017050	3	0.00	0	0
2017363	2017385	23	0.00	0	0
2017424	2017439	16	17.12	22	27
2019492	2019547	56	4.04	0	22
2019591	2019609	19	17.47	18	20
2021446	2021481	36	14.33	18	30
2021668	2021720	53	0.00	0	0
2022240	2022524	285	3.04	0	15
2023848	2024067	220	0.00	0	0
2024147	2024173	27	0.00	0	0
2024791	2024899	109	0.00	0	0
2026089	2026372	284	0.00	0	0
2027636	2027652	17	14.59	15	20
2027694	2027709	16	0.00	0	0
2028037	2028071	35	22.40	22	25
2028108	2028113	6	0.00	0	0
2029482	2029497	16	0.00	0	0
2029530	2029538	9	3.33	0	10
2030513	2030573	61	35.69	0	169
2031612	2031668	57	28.60	18	69
2032515	2032542	28	35.75	35	44
2033023	2033044	22	22.59	25	25
2033083	2033108	26	0.00	0	0
2034675	2034822	148	0.00	0	0
2036086	2036343	258	9.91	0	67
2036369	2036385	17	0.00	0	0
2037134	2037541	408	0.00	0	0
2037911	2037933	23	0.00	0	0
2038013	2038856	844	1.85	0	39
2039215	2039364	150	0.27	0	10
2040286	2040881	596	0.67	0	15
2041198	2041275	78	34.73	37	55
2041604	2041659	56	0.00	0	0
2042021	2042483	463	0.00	0	0
2042728	2042811	84	0.00	0	0
2043143	2043158	16	0.00	0	0
2043517	2044020	504	0.00	0	0
2044355	2044411	57	0.00	0	0
2044737	2044792	56	0.00	0	0
2045049	2045525	477	0.00	0	0
2045788	2045871	84	0.00	0	0
2046251	2046455	205	3.94	0	19
2046488	2046713	226	0.00	0	0
2048141	2048172	32	0.00	0	0
2048734	2048878	145	6.90	0	22
2050529	2050560	32	8.00	10	16
2050594	2050597	4	0.00	0	0
2051651	2051758	108	0.00	0	0
2051797	2051804	8	0.00	0	0
2053044	2053115	72	0.00	0	0
2053143	2053193	51	10.22	6	26
2053920	2053958	39	7.85	0	20
2054874	2054895	22	21.32	29	43
2054928	2055006	79	0.70	0	12
2055056	2055061	6	0.00	0	0
2055578	2055599	22	1.50	0	11
2056983	2057325	343	1.21	0	12
2058916	2058946	31	0.00	0	0
2060146	2060206	61	49.20	0	167
2060591	2060598	8	34.62	40	40
2060624	2060645	22	72.41	72	88
2061114	2061189	76	111.59	17	423
2061454	2061475	22	24.18	25	35
2061504	2061612	109	58.48	27.5	216
2062294	2062315	22	124.64	119	178
2062355	2062425	71	82.45	112	123
2062939	2063079	141	28.94	31	61
2065024	2065060	37	6.22	10	13
2065817	2065902	86	13.65	18	27
2066527	2066573	47	0.00	0	0
2068504	2068665	162	7.02	0	23
2068715	2068733	19	0.00	0	0
2069703	2069794	92	0.00	0	0
2069839	2069856	18	0.00	0	0
2071996	2072505	510	24.90	0	429
2072794	2072807	14	184.57	201	221
2072842	2072887	46	1518.70	1980	2175
2074520	2074525	6	101.67	119	135
2074550	2075175	626	11.55	0	142
2076760	2076866	107	9.53	0	37
2076898	2076902	5	0.00	0	0
2077323	2077469	147	0.00	0	0
2077506	2077518	13	12.15	13	14
2078737	2078749	13	0.00	0	0
2078918	2078990	73	9.16	0	35
2079312	2079346	35	31.23	36.5	43
2079764	2079787	24	19.04	20	24
2080292	2080301	10	5.00	10	10
2080336	2080438	103	3.94	0	12
2083229	2083792	564	4.96	0	25
2084486	2084668	183	46.77	45	134
2084712	2084727	16	14.00	15	17
2089132	2089205	74	39.91	39	55
2089539	2089571	33	17.67	16.5	28
2091017	2091753	737	6.13	0	21
2091795	2091810	16	12.81	13	15
2094238	2095594	1357	0.71	0	14
2097206	2097218	13	0.00	0	0
2097257	2097268	12	0.00	0	0
2099156	2099284	129	1.06	0	21
2100212	2100231	20	0.00	0	0
2100271	2100318	48	0.00	0	0
2101622	2101917	296	3.85	0	18
2102078	2102862	785	8.50	0	65
2103721	2103770	50	41.20	47	52
2105090	2105122	33	22.79	21	41
2105711	2105763	53	4.02	0	25
2108225	2108228	4	12.75	17	17
2108306	2108307	2	5.50	11	11
2108824	2108957	134	155.43	29	552
2109171	2109187	17	40.06	35	79
2109224	2109424	201	6.50	0	143
2110064	2110211	148	0.08	0	12
2111886	2112094	209	27.41	0	124
2112698	2112704	7	15.71	18	19
2112739	2112771	33	15.67	14	33
2113204	2113211	8	5.00	10	10
2113903	2113940	38	283.50	270	402
2114151	2114396	246	86.50	90	226
2114433	2114441	9	39.67	46	46
2116290	2116330	41	6.51	0	18
2116514	2116668	155	71.85	35	202
2117404	2117407	4	13.25	18	18
2118092	2118252	161	26.56	0	81
2119117	2119131	15	8.87	13	20
2119173	2119181	9	14.56	20	31
2119752	2119908	157	19.42	0	146
2120767	2120816	50	17.56	19	20
2121237	2121442	206	151.52	86	429
2122650	2122708	59	262.88	289	341
2122943	2123014	72	205.04	112	620
2123483	2123489	7	182.71	213.5	215
2124021	2124033	13	550.92	680.5	689
2125579	2125605	27	107.67	103	161
2126479	2126518	40	65.78	56	124
2127914	2127926	13	497.31	550	562
2128347	2128520	174	9.18	0	86
2129415	2129418	4	5.00	10	10
2129455	2129533	79	22.15	28.5	49
2131595	2131610	16	0.00	0	0
2131645	2131669	25	20.84	25	25
2131899	2131923	25	0.00	0	0
2132195	2132699	505	42.00	18	355
2133537	2133559	23	0.00	0	0
2133696	2133758	63	5.06	0	26
2134315	2134480	166	17.79	17	30
2134507	2134534	28	11.57	10	37
2135549	2135569	21	41.05	42	47
2136410	2136607	198	149.84	155	321
2137331	2137436	106	12.16	14	34
2138229	2138417	189	5294.14	1642.5	23265
2138447	2138448	2	0.00	0	0
2138932	2138948	17	0.00	0	0
2138983	2138998	16	51.88	57	59
2139743	2139806	64	125.22	145	187
2141370	2141419	50	20.58	21	28
2141465	2141471	7	0.00	0	0
2143338	2143434	97	12.73	15.5	29
2143465	2143478	14	10.93	12	12
2144403	2144430	28	11.32	15	17
2144800	2144809	10	30.70	34	35
2144847	2144848	2	8.50	17	17
2145809	2146002	194	2.02	0	17
2146043	2146658	616	1.14	0	14
2146908	2147001	94	0.00	0	0
2147038	2147047	10	0.00	0	0
2148092	2148183	92	12.71	10	31
2148709	2148885	177	25.78	21	55
2149063	2149098	36	109.08	109	138
2149597	2149746	150	31.45	28	143
2151173	2151189	17	0.59	0	10
2152825	2152851	27	23.63	28	31
2152984	2152999	16	12.50	14	16
2153219	2153285	67	28.49	31	43
2153649	2153653	5	52.20	65	67
2153786	2153922	137	18.90	0	172
