#start	end	length	mean	median	max
1	210	210	0.35	0	1
313	336	24	4.96	6	8
3726	3731	6	8.00	10	10
5022	5203	182	0.04	0	2
13532	13617	86	1.56	1	4
14401	14705	305	29.33	2	657
15657	15843	187	3.40	0	64
16825	16988	164	5.85	3	28
17574	18100	527	2.46	0	33
20024	20058	35	70.29	72	89
21267	21811	545	0.48	0	5
22988	23178	191	17.99	12	54
24073	24169	97	3.36	0	18
24428	24860	433	105.78	8	477
25800	25831	32	15.31	15	21
28640	28642	3	35.67	53.5	54
29159	29231	73	30.74	35.5	50
30634	30878	245	1.06	1	14
31698	32135	438	1.65	0	12
33297	33315	19	9.16	9.5	11
36541	36883	343	0.31	0	2
37166	37239	74	84.68	83	146
44314	44614	301	0.47	0	10
45443	45472	30	44.20	44	61
46628	46817	190	6.05	5	20
47598	47777	180	0.93	1	2
48447	48573	127	0.29	0	5
49765	50097	333	5.30	1	26
51106	51114	9	7.67	9	10
51541	53375	1835	0.40	0	16
58376	58377	2	10.50	21	21
59355	59418	64	31.88	35	63
63009	63204	196	1.52	1	7
64668	64752	85	4.60	3	14
65659	66978	1320	3.92	0	40
68182	68270	89	69.01	55	144
70224	70308	85	20.48	22	29
71083	71103	21	208.95	211.5	292
72724	73038	315	10.88	2	50
73636	73767	132	2.31	2	4
78720	78943	224	3.14	2	13
79631	79656	26	2.88	3	3
80947	81446	500	2.62	1	16
82782	82843	62	0.00	0	0
84411	84800	390	0.00	0	0
86672	87369	698	0.26	0	2
87436	87602	167	0.22	0	1
89483	89506	24	0.17	0	1
90431	90454	24	0.00	0	0
91379	92039	661	1.37	0	9
92520	92693	174	0.47	0	1
93666	93675	10	3.00	3	4
95139	95207	69	3.58	3	6
95922	95939	18	3.28	3	5
98040	98094	55	15.18	15	22
98722	99188	467	2.97	1	12
99315	99338	24	3.12	3	6
101109	101401	293	11.51	0	627
102002	102414	413	178.68	149	662
103000	103109	110	3.20	2	16
104181	104364	184	9.78	8	35
105505	105593	89	107.97	71.5	241
105927	105961	35	82.06	84	87
108786	108906	121	9.76	9	35
109354	109412	59	5.41	5	11
110568	110782	215	30.96	33	70
111251	111281	31	128.16	133	144
111693	111788	96	9.31	10	19
112767	112854	88	1.43	2	2
113188	113610	423	5.66	0	30
113629	114036	408	0.00	0	0
114277	114381	105	0.00	0	0
115387	115393	7	6.43	8	9
116318	116396	79	8.06	6.5	16
117285	117326	42	14.93	17	22
118290	118293	4	1.50	2	2
119800	119809	10	0.00	0	0
120227	120569	343	0.58	0	3
122442	122510	69	10.68	11	14
123432	123434	3	25.33	38	39
123741	123897	157	3.51	3	5
125347	125456	110	0.91	1	2
125628	125728	101	0.00	0	0
125834	125841	8	0.00	0	0
126421	126593	173	0.67	1	2
128101	128356	256	2.24	1	11
128846	128910	65	3.37	3	9
130279	130454	176	1.38	1	12
131337	131350	14	216.07	245	261
131681	131682	2	108.00	216	216
132292	132293	2	54.00	108	108
134274	134280	7	106.71	122.5	135
135229	135727	499	8.92	1	150
136487	136844	358	4.89	3	26
138216	138317	102	1.71	1	5
139836	139895	60	7.55	9	13
140472	140804	333	6.75	5	29
141117	141441	325	75.94	33	398
142744	143002	259	17.29	14.5	76
143624	143770	147	19.22	16	36
145040	145299	260	18.33	8	92
147652	147875	224	92.60	5	396
148149	148618	470	21.91	14	121
150494	150750	257	0.90	0	4
151123	151337	215	2.91	0	34
151743	152135	393	23.12	21	57
152832	152991	160	7.79	6	33
153451	153509	59	28.34	29	38
157027	157247	221	0.54	0	3
157584	157598	15	0.00	0	0
158895	158940	46	1.07	1	2
159814	160043	230	0.93	1	9
160227	160607	381	1.22	1	5
160809	160856	48	7.35	7	10
161217	161876	660	1.51	1	61
165033	165049	17	29.71	31	34
166238	166365	128	90.27	76	205
167008	167038	31	55.39	60	65
167390	167516	127	17.01	5	55
170943	170957	15	3.00	3	5
171111	171124	14	7.36	8	8
171665	171804	140	15.98	15	34
172354	172583	230	8.25	2	177
174558	174614	57	100.28	100.5	120
174942	174943	2	80.00	160	160
175547	175999	453	2.17	0	25
178148	178214	67	1.46	2	4
178419	178443	25	3.48	3.5	5
179419	179587	169	0.58	0	2
180908	181528	621	1.11	0	12
184144	184548	405	1.00	0	10
185188	185313	126	0.00	0	0
186652	186852	201	2.99	2	8
187750	187836	87	5.24	3.5	12
188662	188680	19	40.00	48.5	55
189890	190127	238	3.82	2	30
190761	190826	66	2.86	2	10
191457	191672	216	2.07	0	13
193458	193490	33	0.00	0	0
193899	194014	116	0.46	0	1
195053	195139	87	1.28	1	3
195500	195702	203	6.80	1	49
197281	197441	161	4.02	4	7
197982	198043	62	1.39	1	2
198695	199545	851	1.45	0	10
201252	201443	192	1.47	1	6
202671	202761	91	1.25	1	5
202942	203035	94	2.57	3	4
203999	204060	62	0.00	0	0
204619	204844	226	0.00	0	0
205655	205659	5	0.00	0	0
206209	206213	5	0.00	0	0
208548	208780	233	0.00	0	0
209468	209534	67	0.18	0	1
212537	212541	5	0.40	0.5	1
212887	212954	68	2.97	3	4
213510	213814	305	1.14	0	33
213843	214131	289	0.00	0	0
214231	214577	347	0.04	0	1
214857	214899	43	0.00	0	0
215089	215101	13	0.00	0	0
215588	215611	24	0.00	0	0
215843	216175	333	0.05	0	1
216473	217065	593	7.34	0	69
218941	219013	73	0.75	1	2
219956	220179	224	3.96	2	15
221515	221523	9	11.89	13	15
222856	223038	183	36.04	8	147
224077	224094	18	2.11	2	3
226171	226247	77	2.94	3	4
227277	227281	5	13.00	16	18
228617	228701	85	1.61	1	7
230247	230250	4	4.75	6	7
230881	231083	203	1.35	1	5
231462	231492	31	4.77	5	7
232342	232387	46	10.04	11	11
233177	233536	360	2.61	1	15
235365	235697	333	8.27	6	35
236025	236088	64	6.72	6	21
236542	236740	199	25.52	9	146
237449	237536	88	2.10	1	17
239964	240094	131	2.91	3	5
242405	242509	105	3.51	4	6
243794	244073	280	9.37	2	78
244416	245182	767	0.60	0	12
245699	245813	115	0.00	0	0
247938	247939	2	0.00	0	0
248738	248740	3	0.00	0	0
251433	251618	186	0.00	0	0
252411	252451	41	0.00	0	0
253280	253381	102	6.52	7	13
254087	254208	122	22.18	22	44
255715	256104	390	1.47	0	10
257428	257485	58	21.19	20	50
259724	259836	113	3.03	2	10
260632	260772	141	0.37	0	1
260986	261145	160	55.77	56	95
262781	262847	67	89.00	97	129
264147	264469	323	22.37	1	156
265850	266035	186	2.01	0	33
267671	267761	91	3.34	3	5
269094	269169	76	0.93	1	1
269923	270040	118	6.41	6	10
270674	270700	27	14.11	15	17
271178	271245	68	5.34	5	8
272002	272126	125	5.26	5	9
272198	272590	393	0.28	0	13
273671	273672	2	0.50	1	1
274465	274537	73	0.41	0	1
275372	275587	216	0.54	1	1
277469	277481	13	0.92	1	1
279591	279604	14	0.21	0	1
281006	281019	14	0.93	1	1
283188	283191	4	0.75	1	1
284401	284413	13	0.92	1	1
285539	285543	5	1.00	1	2
285988	286326	339	21.24	21	73
288319	288579	261	27.95	7	130
289597	289698	102	127.35	124	209
290863	290929	67	118.99	123	252
292007	292100	94	18.87	11	50
292311	292574	264	4.18	0	42
294051	294676	626	1.08	1	5
295193	295281	89	13.44	10	29
295492	295771	280	12.06	2	64
296207	296279	73	2.78	1	13
298281	298651	371	2.29	1	19
299315	299566	252	25.46	1	125
300239	300323	85	1.56	2	3
301239	301427	189	1.33	0	17
301542	302189	648	0.04	0	1
302209	302460	252	0.68	1	2
302474	302481	8	1.75	2	2
309534	310100	567	0.40	0	2
310665	310895	231	0.19	0	1
310914	310916	3	0.00	0	0
311165	311167	3	0.00	0	0
311186	311322	137	58.18	41	128
311336	311345	10	44.00	48	52
318871	319404	534	0.13	0	3
320977	321018	42	3.79	1	18
321400	321533	134	1.84	1	21
321870	322225	356	0.49	0	10
323870	324360	491	21.65	5	113
325711	325712	2	0.50	1	1
327036	327054	19	3.05	3	4
328792	328956	165	1.93	1	17
330430	330757	328	34.73	0	260
330881	331041	161	0.00	0	0
333103	333335	233	0.00	0	0
335298	335606	309	0.00	0	0
337569	337727	159	0.00	0	0
338142	338217	76	0.00	0	0
340165	340635	471	0.69	0	10
342768	343138	371	0.48	0	3
344522	344578	57	250.05	321	364
347931	347958	28	0.29	0	1
349378	349390	13	4.77	6	10
349484	349498	15	0.93	1	1
350465	350629	165	1.05	1	5
351901	352543	643	0.00	0	0
360329	360448	120	0.13	0	1
361139	361270	132	1.64	2	3
362597	362662	66	1.55	2	2
364823	366481	1659	0.25	0	5
367250	367545	296	0.00	0	0
367933	367958	26	0.00	0	0
368082	368260	179	0.00	0	0
368579	369083	505	0.00	0	0
369942	370824	883	0.00	0	0
370846	370890	45	0.00	0	0
371929	372023	95	0.00	0	0
372036	372183	148	0.00	0	0
373437	373457	21	0.00	0	0
373713	373757	45	0.00	0	0
374334	374339	6	0.00	0	0
374607	374835	229	0.00	0	0
375106	375327	222	0.00	0	0
375574	375646	73	0.23	0	1
375863	375905	43	0.00	0	0
375984	376246	263	2.17	1	9
377315	377379	65	4.40	4	7
377650	377682	33	13.52	11	21
378721	378938	218	21.72	5	80
379656	379657	2	14.50	29	29
379982	380060	79	8.54	8	13
380985	381058	74	8.81	9	14
381794	381943	150	0.89	1	5
382892	382996	105	3.94	3	10
384711	384723	13	19.77	22.5	28
385285	385305	21	22.71	26	47
386122	386142	21	4.38	4	6
386839	386868	30	1.77	1	3
388296	388297	2	3.50	7	7
388859	388973	115	3.30	3.5	6
389928	389940	13	7.62	9	9
390670	390919	250	2.50	1	9
391550	391653	104	0.65	0	2
392299	392306	8	14.88	17	17
393192	393283	92	2.72	2	6
395105	395216	112	0.21	0	1
396459	396594	136	1.15	0	3
399040	399280	241	2.24	1	29
399857	399917	61	37.64	52.5	60
401406	401823	418	36.17	3	241
403162	403167	6	76.17	93	95
405804	405811	8	22.25	26	28
406406	406424	19	36.42	38	43
407649	407736	88	16.95	14	26
408757	408778	22	8.77	9	11
409004	409162	159	9.03	5	53
409373	409468	96	3.80	1	33
410339	410576	238	0.82	1	7
411630	411708	79	1.30	1	2
413869	414120	252	0.50	0	3
415576	415931	356	18.48	1	118
416391	416625	235	1.37	1	5
417874	417947	74	1.82	2	3
418347	418461	115	4.47	5	10
419563	419576	14	59.07	67	72
420828	420974	147	2.50	2	5
421485	421593	109	0.40	0	7
423748	423749	2	23.00	46	46
424950	424984	35	22.89	19	42
425489	425598	110	121.65	30	347
426664	427566	903	4.26	0	42
430192	430411	220	134.72	112	306
430598	431065	468	18.78	7	180
431153	431167	15	27.93	27	41
431239	431333	95	50.38	61.5	107
431405	431461	57	20.75	23.5	27
431533	431581	49	16.18	17	20
431653	431842	190	4.37	1	41
433421	433435	15	5.13	5	7
433509	433588	80	17.23	18	29
434102	434234	133	3.20	1	24
435507	435544	38	5.74	6	8
436343	436517	175	5.82	3	45
437877	438016	140	205.30	39	644
438263	438283	21	236.14	245.5	296
438827	438868	42	456.76	474	586
439619	439673	55	235.71	245	284
440025	440478	454	5.83	0	108
441571	441608	38	0.97	1	1
442731	443580	850	0.19	0	3
444922	445017	96	0.79	0	4
446173	446210	38	4.47	6	7
446327	446484	158	13.78	1	53
446818	447089	272	28.34	0	490
447822	447954	133	24.41	10	65
448930	448932	3	37.00	55.5	56
449662	449809	148	4.78	5	12
452384	452964	581	181.20	24	1261
454505	454578	74	80.09	74	191
454650	454788	139	30.95	5	153
454859	454931	73	52.55	8	316
455039	455851	813	5250.16	7851.5	8000
458272	458477	206	43.39	6	836
458595	458688	94	2.07	0	13
459034	459183	150	0.81	1	4
460543	460730	188	54.07	12	328
463389	463435	47	4.72	2	15
464117	464256	140	0.29	0	2
465313	465489	177	1.01	0	11
466591	466700	110	5.39	4	18
469409	469586	178	2.52	2	8
470235	470322	88	5.24	4	9
471523	471565	43	1.33	1	2
472166	472370	205	5.55	6	11
472896	473390	495	13.41	4	55
474609	474977	369	0.18	0	1
477369	477459	91	3.40	3	12
478453	478574	122	6.04	6	11
480994	481604	611	0.20	0	3
482571	482598	28	5.11	5	7
484723	484753	31	5.90	6	7
485156	485169	14	24.36	26	29
485392	485675	284	5.79	0	48
486147	486237	91	3.93	3	9
486635	487013	379	7.64	4	25
487386	487403	18	22.11	22	30
488367	488470	104	7.96	8	13
489113	489466	354	1.20	1	6
489731	489928	198	11.92	11	25
491138	491266	129	2.39	2	5
492278	492290	13	15.00	16.5	19
493401	493407	7	2.57	3	3
495301	495340	40	14.85	14	28
495809	495813	5	39.20	49	50
496129	496530	402	7.45	5	39
497284	497299	16	1.50	2	2
499541	499555	15	20.93	21	33
502136	502497	362	3.95	1	25
503221	503223	3	2.00	3	3
503896	503897	2	2.00	4	4
504636	504756	121	6.28	5.5	12
505648	505994	347	1.90	2	6
506394	506476	83	3.77	4	6
508511	508512	2	19.00	38	38
509242	509243	2	6.50	13	13
509745	509755	11	0.45	0.5	1
510437	510515	79	1.04	1	2
512037	512046	10	9.90	11	11
512926	512998	73	32.12	18	109
514518	514548	31	31.71	33	41
515977	516194	218	12.99	12	23
517377	517427	51	8.27	8	13
518256	518311	56	5.46	6	8
519422	519443	22	6.50	7	8
519717	519988	272	0.50	0	2
520068	520124	57	19.81	18.5	37
520194	520202	9	57.00	63	69
520274	520323	50	20.52	20	29
520393	520442	50	149.36	176	191
520512	520542	31	64.87	69	74
520622	520635	14	46.79	50	52
520707	521123	417	16.71	2	91
522354	522365	12	20.75	23	25
523527	523651	125	2.19	2	4
524456	524803	348	47.27	7	384
526847	527075	229	2.13	1	6
574544	574557	14	2.79	3	3
574611	574657	47	0.98	1	1
580034	580266	233	6.91	2	71
580417	580529	113	0.00	0	0
580668	580914	247	0.80	0	21
582580	583220	641	2.59	0	25
584613	584888	276	0.29	0	2
585726	585791	66	3.15	3	9
586236	586428	193	40.78	33	105
586954	587114	161	9.63	6	29
587412	587612	201	1.93	2	4
588396	588862	467	2.05	2	17
589412	589488	77	37.77	43	67
591130	591288	159	3.47	2	13
591769	591927	159	0.62	0	8
592454	592573	120	1.44	2	3
592782	592932	151	0.00	0	0
593263	593266	4	0.00	0	0
593549	593629	81	0.00	0	0
593686	593697	12	0.75	1	1
593725	593888	164	1.39	1	3
594093	594318	226	1.61	2	5
595060	595142	83	1.76	1.5	6
598346	598355	10	7.20	8	8
600936	601038	103	3.17	2	12
602146	602173	28	12.50	13	16
605900	606289	390	0.51	0	10
607418	607522	105	7.63	7	13
608282	608353	72	7.72	2	18
609635	610271	637	32.39	23	145
610985	610986	2	20.00	40	40
612751	612787	37	88.65	82	120
613502	613788	287	133.59	48	551
616591	616606	16	267.25	303	367
617813	617976	164	700.43	498	1563
619141	619142	2	476.00	952	952
620013	621498	1486	53.11	1	800
623065	623081	17	859.00	938	1120
624237	624251	15	2365.13	2900	2942
624363	624364	2	102.00	204	204
624647	624739	93	6.77	4	30
625631	625723	93	0.00	0	0
627489	627800	312	1.11	1	11
628194	628195	2	14.50	29	29
628880	628904	25	23.88	24.5	30
629328	629357	30	18.27	19	19
630423	630564	142	32.90	19	89
631861	631908	48	668.60	805	883
632404	632415	12	1187.58	1287	1627
633187	633341	155	10.79	8	26
633412	633447	36	1.11	1	2
633518	633678	161	2.07	1	9
634567	634808	242	1.50	1	5
635535	635780	246	6.15	0	108
636837	636912	76	0.72	0	3
637663	638015	353	12.59	4	220
639480	639657	178	0.08	0	1
641215	641232	18	0.00	0	0
646639	646640	2	0.00	0	0
646950	647161	212	0.54	0	4
647951	648111	161	23.86	15	52
648253	649073	821	1.23	1	17
649842	649861	20	2.85	3	4
651610	651676	67	0.27	0	1
652496	652646	151	6.77	7	13
653634	653692	59	0.19	0	1
654968	655073	106	0.16	0	3
656109	656110	2	0.50	1	1
658693	659166	474	1.02	1	18
661174	661371	198	2.30	0	9
662323	662442	120	0.62	0	2
663376	663668	293	1.17	0	20
664786	664829	44	6.61	6	9
665549	665552	4	3.00	4	4
666012	666208	197	36.62	5	138
666917	667061	145	6.66	4.5	20
668169	668186	18	2.78	3	3
671098	671120	23	8.00	9	11
672105	672124	20	6.15	7	8
672821	673133	313	7.91	3	34
674529	674540	12	10.08	11	11
675471	675678	208	7.92	1	81
675925	676010	86	0.00	0	0
676854	676868	15	4.47	5	6
677052	677339	288	0.55	0	5
678705	678742	38	0.00	0	0
679916	680326	411	0.04	0	1
681692	681764	73	0.00	0	0
683142	683264	123	0.00	0	0
684171	684436	266	0.88	0	6
686543	686605	63	22.40	23.5	68
687110	687389	280	213.35	31	702
688278	688628	351	4.94	0	38
689205	689216	12	0.25	0	1
689679	689744	66	2.88	1	10
691503	691701	199	1.57	1	6
692467	692474	8	6.50	7	8
693714	693931	218	1.25	1	17
695099	695246	148	27.82	5	127
695907	695918	12	9.33	10	13
697790	697926	137	2.39	1	6
699622	699838	217	3.12	0	20
700721	700946	226	2.77	0	50
702107	702244	138	6.14	1	35
704270	704476	207	15.29	1	172
705587	705801	215	10.25	1	68
706441	706519	79	29.65	29	43
707099	707145	47	33.81	40	43
709075	709505	431	1.85	0	20
710865	711027	163	1.27	1	5
712606	712797	192	8.67	1	50
713230	713405	176	33.14	2	215
714810	714931	122	1.20	1	3
715430	715742	313	7.02	5.5	64
716892	717036	145	2.92	2	24
717652	717653	2	3.00	6	6
719144	719152	9	3.56	4	4
719741	719742	2	2.50	5	5
720808	720857	50	6.30	7	10
721938	721942	5	8.60	11	12
723257	723265	9	5.00	6	6
724339	724670	332	4.40	1	54
726107	726266	160	9.62	6	59
727467	727558	92	4.36	3	10
729227	729576	350	3.79	1	15
730939	731055	117	12.64	10.5	24
732382	733302	921	1.69	0	32
733912	734151	240	1.18	1	3
734575	734586	12	0.92	1	1
734668	734843	176	1.03	1	5
735105	735277	173	45.61	16.5	140
735578	735750	173	1.66	1	4
736252	736282	31	4.77	5	7
737414	737558	145	1.59	1	4
738225	738226	2	4.00	8	8
738929	738961	33	27.21	29.5	33
739694	739710	17	32.29	34.5	42
740437	740545	109	2.50	2	12
742007	742060	54	10.28	10	14
742961	743308	348	3.16	0	17
744980	745123	144	6.68	6	15
746231	746232	2	5.50	11	11
748174	748338	165	42.31	25	145
748546	748837	292	25.92	9	172
749150	749182	33	29.06	27	54
751475	751596	122	40.98	21	95
751813	752134	322	32.01	19	116
752825	752828	4	5.00	6	8
754578	754582	5	3.60	5	5
756350	756493	144	5.75	5	18
757451	757995	545	33.98	8.5	167
758488	758617	130	12.59	11	28
762419	762533	115	9.69	10	17
763137	763149	13	3.85	4	6
764497	764632	136	22.79	23	73
765920	766101	182	1.80	0	10
766432	766834	403	0.45	0	4
767882	767956	75	0.07	0	1
768860	769219	360	0.50	0	15
769958	770067	110	9.88	10	21
772348	772404	57	75.96	51.5	268
773257	773929	673	0.92	0	48
775685	775914	230	21.17	1	371
776950	777026	77	1.27	1	3
778293	778431	139	0.00	0	0
779860	779998	139	8.12	3	97
781146	781283	138	5.89	4	14
782568	782858	291	3.93	1	23
783534	783717	184	810.29	337	2741
785389	785455	67	1829.15	1833.5	2448
785741	785846	106	134.30	16	816
785886	786164	279	0.00	0	0
788532	788570	39	2.72	3	3
791312	791809	498	9.46	5	39
792023	792439	417	7.60	4	32
792617	792623	7	63.00	73	81
793383	793508	126	0.66	1	1
794337	794718	382	4.96	4	17
795490	795501	12	10.25	12	13
801988	802272	285	3.90	2	17
802924	803331	408	2.33	0	67
804043	804394	352	2.26	1	52
806108	806447	340	0.69	0	10
806994	807045	52	9.67	10	25
807694	807788	95	1.86	1	5
808260	808352	93	2.23	2	3
811435	811474	40	1.95	2	2
815021	815025	5	5.00	6	7
816487	816494	8	1.75	2	2
817143	817146	4	2.75	3	5
817933	817938	6	7.50	9	9
820648	820658	11	4.82	5	6
822763	822766	4	6.75	9	9
823316	823319	4	4.50	6	6
824586	824592	7	8.57	10	10
827367	827376	10	2.90	3	4
827806	827813	8	50.25	57	76
829311	829312	2	6.00	12	12
829811	831709	1899	3.45	0	76
832226	832311	86	8.05	7	15
834460	834464	5	0.00	0	0
834993	835009	17	0.00	0	0
836063	836067	5	0.00	0	0
837091	837093	3	0.00	0	0
838666	838671	6	0.00	0	0
839632	839657	26	0.50	1	1
841316	841395	80	0.65	0	2
845709	845794	86	2.23	2	6
846755	846894	140	1.57	2	2
847075	847181	107	6.90	2	24
848370	848724	355	5.69	0	54
849838	850181	344	587.89	11	3065
851580	851861	282	14.60	2	56
853074	853417	344	10.79	2	61
856031	856194	164	1.10	0	4
857224	857582	359	2.96	0	30
858591	858807	217	17.02	19	69
859357	859625	269	0.29	0	3
860766	860877	112	2.42	2	11
862990	862998	9	13.56	15.5	16
864928	865022	95	7.31	7.5	12
867955	867956	2	6.00	12	12
868527	869508	982	15.52	1	485
869677	869994	318	59.89	19	304
870511	870596	86	92.78	14	837
872337	872703	367	4.95	2	20
873169	873335	167	12.80	4	132
874422	874772	351	689.36	132.5	3512
875325	875553	229	2.04	1	7
876166	876297	132	1.36	1	3
878470	878587	118	2.69	3	6
880637	880643	7	13.57	16	16
881100	881241	142	5.52	5	18
881653	881719	67	6.72	6	25
882038	882239	202	35.09	17	168
882522	882526	5	4.80	6	6
882854	883036	183	0.38	0	4
883119	883314	196	0.54	0	2
883843	884079	237	0.53	0	3
884416	884426	11	0.00	0	0
884757	885113	357	2.64	0	55
886056	886057	2	4.50	9	9
886361	886507	147	4.57	4.5	8
887402	887459	58	1.74	2	3
888261	888812	552	0.23	0	2
890319	890399	81	0.00	0	0
891294	891647	354	13.20	1	391
891978	892273	296	1.05	1	4
893129	893369	241	0.19	0	1
893812	894200	389	0.43	0	7
895125	895128	4	0.75	1	1
895197	895391	195	1.18	1	2
896145	896293	149	1.28	1	6
896792	896897	106	0.76	1	2
896964	897692	729	0.19	0	2
897867	898037	171	0.00	0	0
898782	898785	4	1.75	2	3
899032	899634	603	1.11	1	7
900211	900325	115	1.08	1	5
900617	901346	730	0.11	0	2
901398	901528	131	0.00	0	0
901940	901988	49	0.00	0	0
902172	903123	952	0.76	1	4
903553	904228	676	0.00	0	0
904541	904759	219	0.11	0	1
904831	904959	129	2.78	3	5
906691	906716	26	11.77	12	17
906942	907107	166	4.22	3	23
908110	908195	86	247.84	67	748
908478	908620	143	175.88	119	518
910388	910578	191	2.61	1	15
911281	911318	38	9.58	10	12
912501	913018	518	9.19	6	33
913364	913551	188	3.22	3	7
914164	914514	351	8.42	1	54
915235	915583	349	2.04	0	32
915893	916159	267	30.50	35	54
916484	916620	137	5.06	4	15
917191	917327	137	3.05	1	22
918567	918865	299	1.35	0.5	13
919280	919366	87	5.10	5	9
920210	920359	150	0.91	0	8
921443	921629	187	3.40	2	36
922518	922642	125	6.49	7	11
924128	924175	48	3.33	5	5
924374	924910	537	45.43	2	334
926891	927644	754	12.47	5	82
929221	929288	68	0.07	0	1
932220	932539	320	0.11	0	1
934187	934338	152	0.70	0	9
935230	935449	220	12.97	4	65
937217	937300	84	0.74	0	5
938729	939150	422	2.71	1	12
940411	940673	263	3.95	2	38
941010	941185	176	7.93	3	60
944705	944733	29	31.17	34	37
945030	945238	209	5.33	3	18
946190	946298	109	2.27	2	4
946695	946741	47	2.98	3	4
947339	947482	144	1042.38	504	3270
948014	948021	8	510.00	584	587
948190	948216	27	99.44	90	227
949252	949258	7	22.57	26.5	27
950210	950231	22	42.18	43	52
951162	951172	11	115.64	126.5	140
951905	952064	160	253.19	233	697
952299	952375	77	57.48	42.5	155
953615	953761	147	5.84	1	24
954587	954606	20	2.70	3	3
955627	955631	5	8.80	11	11
957257	957326	70	7.84	8	11
958110	958176	67	17.31	18.5	28
958525	958568	44	29.98	25	55
958968	958984	17	30.18	32	36
960468	960508	41	9.27	9	15
962068	962465	398	0.30	0	8
963771	964661	891	1.68	0	16
965160	965250	91	1.92	3	4
968704	968900	197	6.34	6	11
970798	970799	2	6.00	12	12
972045	972137	93	25.86	28	36
972993	973046	54	30.39	35	43
974289	974871	583	0.99	0	20
975991	976187	197	9.22	3	150
977649	977652	4	0.75	1	1
978325	978517	193	2.09	1	12
979886	979920	35	45.54	45	64
980548	980552	5	26.60	34	34
981654	981761	108	17.98	17	63
982834	982974	141	64.06	22	308
984227	984229	3	4.00	6	6
1024617	1024619	3	0.00	0	0
1024783	1025467	685	0.02	0	1
1025858	1026080	223	0.00	0	0
1027731	1027738	8	0.00	0	0
1028600	1028927	328	0.07	0	7
1029040	1029052	13	0.00	0	0
1040733	1040735	3	0.00	0	0
1040899	1041068	170	3.08	0	25
1041225	1041530	306	0.00	0	0
1042749	1044034	1286	0.16	0	4
1045157	1045427	271	0.39	0	1
1045855	1046144	290	116.48	1	773
1046601	1047093	493	0.00	0	0
1047553	1047677	125	0.00	0	0
1048050	1048141	92	2.38	2	8
1048988	1049230	243	0.81	1	5
1049426	1049451	26	2.12	2	4
1049992	1050158	167	0.22	0	2
1050485	1050690	206	0.14	0	1
1050832	1050833	2	0.00	0	0
1051146	1051522	377	0.21	0	1
1051781	1051791	11	0.91	1	1
1052437	1052445	9	5.11	6	6
1053670	1054229	560	0.13	0	6
1054890	1055454	565	0.56	0	5
1055809	1056013	205	0.32	0	1
1056182	1056483	302	3.04	0	16
1057462	1057680	219	0.07	0	1
1057855	1058349	495	1.77	0	59
1058569	1058996	428	1.40	0	24
1059276	1059646	371	0.07	0	2
1060058	1060087	30	33.97	28	63
1060328	1060392	65	1.89	2	3
1060951	1061328	378	0.08	0	1
1061524	1061543	20	0.95	1	1
1062318	1062554	237	0.28	0	1
1062936	1063080	145	1.15	1	3
1063942	1064058	117	0.09	0	1
1064488	1064512	25	0.60	0	2
1066297	1066359	63	2.06	1.5	5
1067095	1067183	89	0.66	0	2
1067730	1068183	454	0.62	0	4
1068577	1068888	312	0.66	0	10
1069321	1069963	643	2.81	0	83
1070465	1070999	535	2.98	0	112
1071390	1071391	2	3.50	7	7
1072289	1072338	50	1.52	1	5
1072678	1072867	190	0.93	1	2
1072960	1072980	21	0.90	1	1
1073221	1073435	215	4.01	2	14
1076950	1077229	280	3.37	3	17
1077725	1077822	98	54.32	36	160
1078513	1078534	22	226.32	215	565
1080593	1081499	907	0.69	0	4
1082850	1083231	382	4.15	1	54
1084108	1084434	327	0.81	0	13
1085824	1086067	244	6.10	2	29
1086632	1086891	260	0.97	1	4
1087558	1087745	188	3.39	3	10
1088298	1088393	96	0.98	1	7
1089264	1089416	153	2.27	0	12
1091180	1091184	5	1.60	2	2
1092975	1093367	393	3.75	3	15
1094753	1094861	109	1.08	1	2
1095456	1095724	269	2.41	1	17
1096076	1096169	94	2.01	1	11
1096854	1097082	229	0.66	0	4
1097992	1098275	284	51.10	8	197
1100202	1100207	6	845.00	1018	1029
1100745	1100841	97	4321.39	4093.5	7978
1101037	1101082	46	1056.87	1089	1583
1101437	1101538	102	63.77	2	471
1101659	1101763	105	17.76	16	36
1102745	1102761	17	15.88	18	19
1105147	1105153	7	334.43	394.5	438
1105448	1105754	307	5.17	0	103
1106766	1106769	4	0.75	1	1
1107517	1107653	137	38.64	32	75
1108797	1108798	2	18.00	36	36
1109777	1109778	2	54.50	109	109
1111759	1111760	2	28.00	56	56
1112652	1112661	10	386.70	434	435
1114321	1114322	2	1.50	3	3
1115060	1115209	150	0.85	1	3
1115699	1115778	80	2.54	2	9
1116796	1116914	119	2.24	2	5
1117281	1117863	583	0.46	0	5
1119064	1119083	20	3.80	4	4
1119795	1119797	3	6.67	10	10
1121763	1121777	15	2.27	3	3
1122810	1123217	408	0.33	0	9
1123728	1123898	171	2.22	2	6
1125576	1125642	67	19.55	19	54
1126477	1127236	760	0.14	0	15
1134000	1134186	187	1.08	1	3
1134586	1136285	1700	0.52	0	5
1136820	1136838	19	0.00	0	0
1136977	1137941	965	1.35	1	7
1138422	1138552	131	0.00	0	0
1138781	1139374	594	4.65	4	17
1139483	1139503	21	2.24	2	3
1139669	1139899	231	5.88	5	14
1140020	1140034	15	6.73	7	8
1140143	1140196	54	16.13	15	24
1140296	1140331	36	10.78	11	13
1140443	1140457	15	2.60	3	3
1140569	1140586	18	3.06	1	12
1140695	1140709	15	3.93	3	7
1140821	1140844	24	5.83	6	7
1140953	1140958	6	2.17	3	3
1141082	1142323	1242	6.48	5	21
1142411	1142419	9	12.33	13.5	15
1142510	1142638	129	5.34	5	9
1142669	1142731	63	3.13	3	6
1143223	1143740	518	0.59	0	6
1144830	1145023	194	3.68	3	9
1145606	1145952	347	76.07	0	899
1146229	1146468	240	43.63	34	157
1147414	1147504	91	143.48	119	327
1149013	1149254	242	3.86	2	12
1150515	1150545	31	32.61	29.5	54
1151626	1151627	2	4.00	8	8
1153267	1153326	60	15.75	17	23
1154179	1154188	10	4.90	6	6
1155116	1155195	80	1.48	1	5
1155472	1155643	172	0.19	0	1
1157342	1157917	576	0.22	0	6
1158000	1158305	306	2.54	0	50
1159245	1159438	194	0.33	0	2
1162298	1162544	247	6.46	0	148
1163151	1163376	226	8.95	3	46
1163932	1164171	240	1.90	1	6
1164724	1164767	44	2.41	1	18
1165968	1166164	197	1.72	1	8
1166744	1166916	173	2.99	2	7
1168450	1169491	1042	11.72	1	151
1169762	1169910	149	3.48	1	13
1171639	1171813	175	9.50	3	34
1172366	1172534	169	11.41	8	33
1173285	1173342	58	2.26	2	3
1174930	1175286	357	0.00	0	0
1176847	1177185	339	0.31	0	6
1178158	1178162	5	4.00	5	5
1178910	1179096	187	2.64	1	15
1179493	1179762	270	11.93	4	44
1181545	1181547	3	20.33	30.5	31
1181983	1182013	31	69.03	83	101
1182767	1182893	127	32.43	17	136
1183413	1183517	105	4.82	3	33
1184139	1184153	15	10.53	12	12
1185162	1185381	220	0.02	0	1
1188681	1188695	15	0.00	0	0
1194853	1194870	18	0.00	0	0
1195480	1195539	60	0.00	0	0
1196191	1196254	64	0.00	0	0
1197395	1197399	5	0.00	0	0
1197727	1197794	68	0.00	0	0
1199939	1199974	36	0.00	0	0
1200101	1200129	29	0.00	0	0
1200188	1200266	79	0.00	0	0
1201185	1201192	8	0.00	0	0
1201730	1201931	202	0.00	0	0
1201977	1202582	606	0.05	0	2
1202898	1202902	5	0.00	0	0
1203368	1203556	189	0.00	0	0
1203615	1204564	950	0.02	0	1
1204931	1205119	189	0.00	0	0
1205942	1205945	4	0.00	0	0
1206255	1206374	120	0.00	0	0
1207936	1207952	17	0.00	0	0
1208259	1208267	9	0.00	0	0
1208556	1208894	339	0.00	0	0
1209210	1209299	90	0.00	0	0
1209474	1209646	173	0.07	0	1
1209830	1209998	169	0.00	0	0
1210350	1210402	53	0.00	0	0
1210514	1210669	156	0.07	0	1
1212171	1212247	77	5.14	3	26
1213190	1213204	15	11.67	13	14
1214531	1214639	109	4.97	4	13
1215612	1215703	92	5.40	3	12
1217144	1217376	233	10.33	9	19
1218217	1218573	357	5.48	4	19
1220047	1220631	585	1.30	1	6
1221070	1221073	4	7.00	9	10
1221404	1221563	160	0.21	0	2
1221693	1221696	4	0.75	1	1
1222558	1222589	32	3.34	2	14
1222932	1223019	88	26.20	25	64
1224955	1225050	96	18.07	17	32
1225750	1225842	93	30.24	16	168
1226434	1226738	305	15.35	18	30
1228425	1228526	102	2.51	2	5
1229643	1229918	276	5.24	4	17
1230186	1230191	6	8.17	10	10
1231002	1231026	25	180.64	188	254
1231726	1231855	130	12.34	10	34
1232147	1232173	27	24.44	24	34
1233299	1233354	56	18.70	17	26
1234009	1234044	36	47.11	49	57
1234486	1234532	47	1.70	2	4
1235301	1235368	68	0.78	1	2
1236017	1236310	294	0.60	0	5
1237232	1237352	121	0.99	1	1
1238265	1238340	76	5.00	6	9
1238983	1239664	682	0.07	0	2
1241216	1241346	131	0.95	1	2
1242343	1242503	161	8.40	7	26
1245341	1245357	17	8.65	9	11
1245688	1245768	81	3.43	2.5	7
1250242	1250388	147	0.00	0	0
1250402	1250515	114	0.00	0	0
1250918	1251057	140	0.00	0	0
1251668	1251812	145	0.00	0	0
1251827	1251901	75	0.00	0	0
1252520	1252743	224	1.33	1	21
1256638	1256684	47	0.09	0	1
1261759	1261917	159	0.00	0	0
1261927	1262201	275	0.00	0	0
1263594	1263864	271	1.78	1	8
1264816	1265205	390	42.71	22	195
1266733	1266746	14	12.36	13	15
1268133	1268217	85	4.86	4	14
1269166	1269310	145	29.54	5	216
1270067	1270634	568	3.84	0	95
1274524	1274546	23	3.13	2	9
1275429	1275561	133	3.77	3	15
1276585	1277097	513	0.23	0	2
1278931	1279290	360	2.36	0	12
1280252	1280535	284	1.04	1	3
1281241	1281535	295	13.48	5	208
1282097	1282191	95	85.44	3	363
1283755	1284069	315	0.12	0	1
1285060	1285323	264	0.00	0	0
1285804	1285964	161	0.63	1	2
1286445	1286639	195	0.32	0	1
1287546	1287670	125	0.00	0	0
1289129	1289202	74	0.26	0	2
1290652	1290736	85	0.60	1	1
1291727	1292036	310	0.08	0	1
1293072	1293787	716	3.50	0	59
1297624	1297626	3	10.00	15	15
1298752	1298781	30	4.37	3	10
1302162	1302201	40	1.23	0	5
1302652	1302684	33	1.27	1	2
1303117	1303137	21	0.81	1	1
1304623	1304758	136	1.38	2	4
1305752	1305753	2	1.50	3	3
1306363	1306388	26	2.23	3	3
1307298	1307394	97	0.98	1	6
1308759	1309075	317	0.54	0	5
1309832	1310673	842	0.69	0	5
1311319	1311425	107	0.91	0	10
1312041	1312163	123	2.75	1	7
1312773	1312854	82	3.30	3	6
1313716	1313762	47	2.02	2	3
1314090	1314186	97	0.06	0	1
1315927	1316401	475	5.33	1	33
1317500	1317537	38	4.97	5	7
1317919	1318166	248	0.03	0	1
1318554	1318745	192	0.01	0	1
1319265	1319483	219	0.59	0	3
1320282	1320419	138	0.29	0	1
1321701	1321772	72	0.44	0	4
1322316	1322514	199	0.49	0	1
1323358	1323366	9	2.67	3	3
1324549	1324813	265	1.48	1	8
1325774	1325848	75	2.16	1.5	5
1326734	1326739	6	1.67	2	2
1328240	1328396	157	0.94	1	2
1328991	1329426	436	0.07	0	1
1330429	1330563	135	0.07	0	1
1332160	1332412	253	2.04	1	13
1332866	1332924	59	10.15	10.5	14
1334323	1334398	76	0.45	0	3
1336545	1336738	194	0.04	0	1
1337825	1338130	306	0.86	1	6
1338410	1338415	6	2.17	3	3
1342769	1342828	60	1.63	2	4
1343225	1343318	94	1.18	1	2
1344669	1344808	140	4.40	2	38
1345832	1346006	175	2.65	1	25
1346268	1346629	362	0.25	0	10
1347227	1347290	64	1.17	0	4
1348743	1348823	81	4.11	4	6
1350138	1350150	13	2.62	3	3
1351624	1351632	9	0.89	1	1
1352800	1352990	191	0.79	1	2
1354158	1354172	15	0.93	1	1
1354455	1354561	107	0.51	1	1
1355627	1355846	220	0.00	0	0
1361236	1361448	213	3.13	1	66
1361668	1361765	98	3.93	4	7
1361967	1362211	245	1.65	2	5
1362959	1363058	100	10.09	6	44
1363413	1363464	52	92.60	98	113
1363699	1363930	232	3.31	2	19
1364600	1364797	198	11.31	2	109
1366007	1366138	132	4.67	2	13
1367051	1367191	141	0.98	0	4
1368455	1368929	475	0.03	0	1
1369857	1369934	78	1.79	2	5
1371330	1371906	577	86.55	4	1012
1373578	1373661	84	4.62	1	20
1374619	1374671	53	0.00	0	0
1374825	1375180	356	0.72	0	6
1376180	1376240	61	2.25	1	8
1377234	1377258	25	4.56	4	6
1378300	1378434	135	4.34	3	12
1378900	1378995	96	2.51	2	5
1379575	1379576	2	0.50	1	1
1382713	1382720	8	0.00	0	0
1383795	1383796	2	1.00	2	2
1384433	1384436	4	2.00	3	3
1385139	1385153	15	3.53	4	5
1385790	1385904	115	4.77	5	7
1387846	1388070	225	0.52	0	3
1389131	1389176	46	5.63	6	8
1390344	1390358	15	9.53	11	12
1390674	1390834	161	3.77	2	10
1391552	1391832	281	7.89	4	59
1392430	1392661	232	0.10	0	1
1393475	1393531	57	0.00	0	0
1395002	1395198	197	0.50	0	6
1397869	1398086	218	12.50	1	128
1398924	1398985	62	0.89	0	4
1399958	1400110	153	7.08	2	30
1400300	1400401	102	0.43	0	1
1406455	1406478	24	0.00	0	0
1407262	1407263	2	0.00	0	0
1409235	1409270	36	0.00	0	0
1409544	1410452	909	0.14	0	5
1410975	1411150	176	74.39	3	326
1413746	1414050	305	9.97	4	52
1414300	1414634	335	0.89	1	2
1415679	1415891	213	3.26	2	25
1416654	1416679	26	18.23	20	22
1417268	1417322	55	0.89	1	1
1418268	1418467	200	1.00	1	2
1419392	1419760	369	24.34	12	167
1420379	1420405	27	105.33	114	125
1421264	1421584	321	2.31	2	13
1423753	1423756	4	4.50	6	6
1424753	1424760	8	0.88	1	1
1426132	1426150	19	5.84	5	10
1427339	1427340	2	4.50	9	9
1428148	1428420	273	62.36	1	687
1428733	1429386	654	8.56	0	124
1430026	1430471	446	16.92	1	506
1431231	1431365	135	2.25	3	6
1433148	1433455	308	1.66	0	7
1434107	1434182	76	3.82	5	8
1434612	1434712	101	1.76	1	5
1435436	1435553	118	7.52	6	15
1435731	1436040	310	1.42	1	8
1437499	1437608	110	5.70	5	13
1437936	1438085	150	4.61	2	13
1438620	1438974	355	0.39	0	7
1439362	1439452	91	0.69	1	1
1439753	1440210	458	1.49	0	9
1440862	1441214	353	2.22	2	6
1442133	1442220	88	2.61	3	3
1442341	1442449	109	1.32	1	2
1443431	1443797	367	4.32	1	53
1444128	1444422	295	0.21	0	3
1444981	1445338	358	0.36	0	3
1446956	1447183	228	35.98	32	120
1447685	1447786	102	11.80	4	33
1449350	1449488	139	1.00	0	6
1449909	1450375	467	0.06	0	3
1453049	1453135	87	2.13	2	4
1453490	1453491	2	9.00	18	18
1453720	1453758	39	35.10	35	56
1454425	1454643	219	8.03	2	32
1455646	1455688	43	5.53	6	9
1455782	1455926	145	6.36	2	18
1459458	1459459	2	2.00	4	4
1461258	1461468	211	64.16	14	244
1462255	1462475	221	41.03	2	307
1463085	1463165	81	10.75	10	22
1464033	1464155	123	5.10	5	9
1465440	1465560	121	21.76	21	53
1466212	1466257	46	5.33	4	13
1467368	1467590	223	35.62	10.5	185
1468056	1468402	347	19.10	0	269
1468829	1469293	465	1.06	0	5
1469531	1469713	183	24.60	12	122
1470119	1470216	98	12.73	12	32
1470853	1470976	124	11.49	3	59
1471313	1471719	407	15.21	3	293
1472053	1472351	299	3.18	0	66
1473165	1473406	242	63.40	16	235
1473983	1474219	237	12.88	9.5	62
1474373	1474471	99	8.05	5	30
1475495	1475506	12	5.17	5	8
1476407	1476528	122	3.74	3	9
1477744	1478048	305	14.93	12	47
1479201	1479292	92	2.35	1	9
1479947	1480252	306	7.83	6	24
1481624	1481784	161	2.19	2	5
1481856	1481889	34	2.18	2	3
1482062	1482431	370	17.36	3	68
1483842	1483958	117	1.20	1	8
1485510	1485616	107	46.95	38.5	82
1487006	1487411	406	17.59	1	213
1488462	1488739	278	370.53	17	1324
1488977	1489082	106	58.44	6	443
1489998	1490117	120	76.22	24	211
1490544	1490567	24	13.58	14	20
1491807	1491815	9	73.00	82	86
1493842	1493888	47	41.85	39	57
1495383	1495402	20	37.15	39	43
1495769	1496178	410	5.53	1	50
1496788	1496940	153	0.12	0	1
1500405	1500624	220	5.14	3	17
1501735	1502011	277	0.05	0	1
1502115	1502190	76	2.39	1	7
1504564	1504784	221	35.94	1	190
1505649	1505771	123	2.46	2	7
1506819	1507077	259	0.42	0	3
1507258	1507334	77	0.99	1	1
1509567	1509648	82	0.94	1	1
1512774	1512791	18	4.00	5	5
1513605	1513606	2	0.00	0	0
1515400	1515511	112	6.04	5	15
1515977	1516139	163	20.97	14	55
1516749	1516833	85	3.34	4	6
1518247	1518397	151	0.73	0	7
1520869	1521158	290	0.96	0	7
1522017	1522071	55	5.11	6	8
1522089	1522539	451	0.09	0	1
1522921	1523149	229	0.07	0	1
1523167	1523192	26	4.12	4	6
1523976	1524324	349	3.99	3	12
1524766	1524778	13	5.69	6	7
1525754	1525917	164	4.24	1	26
1526191	1526198	8	5.75	7	7
1527464	1527655	192	1.36	1	5
1529562	1529767	206	0.96	1	5
1530176	1530497	322	0.09	0	2
1531167	1531296	130	11.15	2	48
1531732	1531800	69	53.80	45	103
1532137	1532254	118	12.11	10	29
1532681	1532829	149	15.72	5	146
1533718	1534010	293	8.67	5	54
1534230	1534498	269	15.66	3.5	57
1534871	1535090	220	8.22	2	114
1536066	1536222	157	15.79	16	28
1536685	1536772	88	9.27	3	76
1539288	1539676	389	0.96	0	19
1541342	1541389	48	3.65	3	9
1542863	1542889	27	2.85	3	3
1543490	1543701	212	1.28	1	4
1545742	1546003	262	0.86	0	67
1547159	1547199	41	0.88	1	2
1553921	1554708	788	0.07	0	4
1556700	1556709	10	29.10	32	37
1557616	1557636	21	51.57	56	71
1558555	1558635	81	34.46	26	179
1560271	1560539	269	96.76	25	470
1562178	1562830	653	0.98	0	4
1564211	1564238	28	4.82	3	14
1567112	1567442	331	5.76	2	22
1569012	1569088	77	2.84	2	10
1570127	1570128	2	2.00	4	4
1572489	1572583	95	1.09	1	3
1573226	1573742	517	4.08	1	42
1576404	1577582	1179	0.94	0	6
1578177	1578688	512	4.87	0	204
1579091	1579322	232	6.91	4	42
1580328	1580585	258	2.34	1	18
1581489	1581672	184	2.59	2	11
1582690	1582832	143	16.86	14	67
1583304	1583344	41	4.37	3	8
1584191	1584469	279	1.35	0	7
1584549	1584578	30	1.50	0	6
1585440	1585885	446	0.43	0	20
1586690	1586781	92	4.11	2	20
1588747	1588753	7	42.00	49	49
1589795	1589811	17	14.24	14.5	19
1590361	1590921	561	6.77	2	58
1592776	1592984	209	1.42	1	4
1594005	1594028	24	7.29	8	10
1594668	1594806	139	0.17	0	6
1595086	1595167	82	32.11	35	52
1595603	1595946	344	197.84	182	1411
1596940	1597056	117	18.76	10	69
1597939	1598030	92	3.67	3	8
1598781	1598882	102	15.28	16	32
1601181	1601232	52	4.19	4	6
1602343	1602358	16	5.56	6	7
1603661	1604204	544	1.92	1	9
1604922	1605159	238	6.70	5	44
1606702	1606875	174	1.62	1	13
1607398	1607530	133	1.78	1	6
1607834	1607871	38	6.76	5	18
1608202	1608341	140	1.71	2	8
1609566	1610038	473	1.87	1	14
1610480	1610864	385	0.84	0	59
1611252	1611327	76	4.18	3	13
1612983	1613178	196	0.00	0	0
1613260	1613460	201	1.83	2	7
1613542	1613660	119	96.52	85	171
1613742	1613752	11	307.27	341.5	345
1613821	1613851	31	54.06	57.5	60
1613922	1614065	144	137.95	42	593
1614612	1614669	58	8.36	8	13
1617143	1617433	291	0.09	0	1
1618037	1618355	319	3.93	2	60
1619334	1619417	84	2.17	2	3
1620447	1620451	5	1.60	2	2
1621415	1621548	134	2.59	1	7
1622284	1622312	29	0.97	1	1
1623531	1624539	1009	2.58	0	140
1625023	1625124	102	2.91	2	8
1626959	1627346	388	6.37	1	46
1628133	1628233	101	2.43	1	11
1629190	1629980	791	10.72	0	147
1630218	1630327	110	3.00	2	23
1631018	1631039	22	2.68	3	3
1632431	1632531	101	0.00	0	0
1633285	1633551	267	0.64	0	4
1634545	1634902	358	0.28	0	1
1635209	1635617	409	0.08	0	2
1635849	1635949	101	0.04	0	1
1637763	1638026	264	2.72	1	12
1639602	1639688	87	60.20	68.5	100
1641153	1641324	172	5.19	2	41
1642711	1642829	119	0.55	1	2
1645077	1645264	188	0.51	0	3
1647320	1647346	27	3.15	4	4
1647431	1647457	27	12.81	11.5	22
1648265	1648284	20	3.25	3	8
1649152	1649340	189	13.09	1	108
1651621	1652172	552	1.36	0	35
1652794	1652865	72	0.17	0	1
1653424	1653626	203	3.69	3	9
1653996	1654003	8	27.88	33	35
1655797	1655815	19	1.32	1	2
1656188	1656426	239	6.78	7	13
1658476	1658480	5	5.60	7	7
1658931	1658995	65	3.94	3	12
1659878	1660126	249	8.75	5	77
1660838	1661063	226	8.93	1	89
1662108	1662126	19	85.95	88.5	117
1663024	1663242	219	5.89	4	46
1663798	1663819	22	40.91	42	63
1664288	1664391	104	3.01	2	13
1665478	1665634	157	4.32	5	11
1667105	1667115	11	8.27	9	11
1667470	1668319	850	2.82	1	14
1669568	1669679	112	4.75	5	9
1670424	1670549	126	5.97	6	12
1671753	1672051	299	0.99	0	6
1673351	1673461	111	3.68	3	12
1674086	1674319	234	10.68	6	67
1675358	1675373	16	26.88	27	47
1676001	1676112	112	6.76	5	13
1676701	1676749	49	15.94	16	20
1678829	1678834	6	11.50	14	14
1680368	1680603	236	1.92	2	6
1682065	1683118	1054	14.45	1	177
1684490	1684706	217	1.93	2	5
1685385	1685394	10	0.00	0	0
1686022	1686208	187	0.58	0	4
1687673	1688242	570	0.97	0	5
1689476	1689477	2	1.00	2	2
1697060	1697127	68	6.22	8	11
1697833	1697954	122	5.13	6	13
1699332	1699411	80	3.59	4	9
1699496	1699642	147	7.18	2	131
1700534	1700585	52	28.04	11	118
1701633	1701688	56	25.82	9	71
1702484	1702536	53	1.17	1	2
1702623	1702949	327	1.18	1	3
1703592	1704190	599	0.32	0	3
1704848	1704950	103	1.29	1	4
1706331	1706993	663	3.41	2	36
1707378	1707503	126	1.94	2	4
1708308	1708611	304	3.46	1	20
1709962	1710031	70	0.06	0	1
1710914	1711046	133	0.31	0	3
1712514	1713878	1365	0.39	0	8
1714101	1714219	119	0.71	1	2
1714613	1714712	100	8.05	2	35
1714893	1715007	115	4.70	4	10
1716947	1717134	188	7.41	4	25
1718494	1718952	459	0.17	0	4
1719085	1719151	67	1.22	1	2
1719734	1719789	56	0.62	1	1
1720600	1720722	123	1.46	1	3
1721134	1721377	244	0.31	0	3
1721819	1721929	111	2.64	2.5	4
1722746	1722877	132	0.53	0	6
1723310	1723633	324	0.27	0	3
1725044	1725304	261	3.16	1	17
1725375	1725787	413	1.52	0	44
1727270	1727739	470	23.48	1	179
1731706	1731851	146	21.98	2	182
1785150	1787909	2760	0.54	0	11
1788069	1788473	405	0.42	0	1
1789170	1789536	367	3.00	2	13
1789729	1789783	55	0.96	1	2
1790191	1790507	317	95.96	1	3887
1791012	1791179	168	0.98	1	3
1791250	1791489	240	0.39	0	3
1791560	1791900	341	0.01	0	1
1791971	1792224	254	0.17	0	1
1792295	1792487	193	3.33	1	11
1793538	1793751	214	6.41	2	31
1794004	1794320	317	4.56	0	45
1794921	1795262	342	0.17	0	2
1800099	1800264	166	3.10	3	6
1802026	1802038	13	5.08	5.5	6
1802639	1802715	77	2.23	2	4
1803655	1803941	287	1.70	2	5
1805148	1805570	423	2.74	0	16
1807104	1807416	313	0.56	0	4
1807729	1807895	167	0.02	0	1
1808673	1808775	103	0.21	0	1
1809196	1809427	232	1.25	1	4
1809743	1809898	156	0.89	1	6
1810535	1810805	271	3.61	4	8
1811895	1812165	271	11.59	1	48
1812430	1813415	986	0.28	0	4
1814079	1814081	3	2.00	3	3
1815483	1815541	59	2.03	2	3
1816528	1816614	87	6.82	7	11
1817173	1817237	65	0.92	1	3
1818093	1818281	189	6.02	1	36
1818858	1818939	82	0.00	0	0
1820575	1821176	602	0.38	0	21
1822431	1822786	356	1.25	0	30
1825223	1825236	14	2.07	2	3
1825852	1825857	6	9.50	11	12
1826632	1826749	118	1.22	1	3
1827290	1827858	569	0.49	0	26
1828036	1828273	238	0.00	0	0
1842774	1842875	102	0.66	1	1
1843893	1844214	322	0.34	0	2
1844285	1844296	12	0.92	1	1
1844379	1844633	255	0.40	0	7
1844704	1844715	12	1.83	2	2
1844798	1845003	206	1.59	2	3
1847695	1847714	20	17.55	18	20
1848369	1848618	250	6.47	4	17
1851445	1851647	203	3.74	2	16
1854279	1854465	187	7.50	1	71
1855201	1855564	364	3.64	2	14
1857854	1857867	14	10.57	11	14
1858996	1859022	27	7.93	8.5	9
1859299	1859408	110	12.61	11	34
1859640	1859832	193	1.84	0	8
1861042	1861148	107	0.90	0	6
1861689	1861973	285	28.03	5	195
1863426	1863523	98	135.86	16	458
1865905	1865906	2	30.00	60	60
1866762	1866776	15	45.47	49	51
1869211	1869554	344	3.77	2	40
1870881	1871094	214	0.54	0	3
1872304	1872320	17	0.00	0	0
1873326	1873419	94	0.00	0	0
1873531	1873692	162	2.60	1	20
1875160	1875168	9	14.33	17	17
1876696	1876717	22	86.05	90	111
1879380	1879394	15	48.40	54	56
1879935	1879951	17	29.47	31	35
1880927	1880928	2	26.50	53	53
1883659	1883662	4	54.50	76	93
1883700	1883714	15	9.80	11	13
1885619	1885623	5	60.20	78.5	83
1887418	1887496	79	26.15	23	49
1888169	1888188	20	34.75	33	47
1888639	1888750	112	17.04	16	28
1889015	1889436	422	4.23	0	139
1890352	1891196	845	11.65	4	59
1892409	1892543	135	0.54	0	4
1893123	1893194	72	1.43	2	4
1895022	1895133	112	13.51	2	58
1895794	1895830	37	13.19	12	22
1896326	1896465	140	2.24	2	11
1896919	1897312	394	13.64	6	92
1898513	1898592	80	48.48	34	90
1900735	1900934	200	1.55	0	8
1901082	1901475	394	1.14	0	11
1901623	1902016	394	6.51	1	44
1902163	1902530	368	22.07	4	183
1904928	1905007	80	2.54	2	5
1906229	1906487	259	0.80	0	4
1907742	1907754	13	9.23	10	12
1908040	1908071	32	10.84	11	17
1908513	1908741	229	1.99	1	14
1910325	1910522	198	14.07	7	66
1911135	1911201	67	14.03	15	26
1912105	1912126	22	6.00	6	8
1912706	1912829	124	1.83	2	7
1914345	1914377	33	74.52	75	95
1914867	1915051	185	16.70	6	113
1917931	1918229	299	34.00	32	77
1918929	1918970	42	3.40	3	6
1919814	1919839	26	27.88	28	34
1920848	1920894	47	12.04	11.5	23
1922020	1922170	151	2.11	1	8
1922954	1923077	124	4.86	2	36
1923996	1924566	571	0.60	0	9
1925776	1925982	207	3.01	0	33
1928020	1928109	90	1.23	1	5
1928656	1928759	104	1.93	1	12
1929654	1929977	324	1.59	1	7
1930248	1930386	139	17.92	17	47
1930939	1930957	19	3.79	4	4
1931756	1931930	175	4.71	4	9
1933014	1933104	91	23.23	10.5	71
1934035	1934431	397	6.75	0	45
1934984	1935138	155	9.64	1	108
1935679	1935723	45	7.78	9	11
1936207	1936642	436	1.96	1	10
1938809	1938810	2	1.00	2	2
1940113	1940351	239	3.39	1	19
1940646	1940993	348	9.77	1	175
1942353	1942430	78	2.36	2	6
1943172	1944496	1325	2.14	0	100
1945190	1945518	329	1.25	1	4
1945588	1945821	234	0.65	0	6
1946623	1947406	784	0.10	0	4
1949684	1949968	285	6.07	6	15
1950038	1950049	12	10.75	11	13
1950149	1950279	131	9.37	5	30
1951045	1951617	573	0.22	0	2
1951918	1953851	1934	0.09	0	2
1953945	1953990	46	1.33	1	5
1954061	1954080	20	24.60	28	29
1954151	1954196	46	9.15	10	13
1954267	1954310	44	0.89	1	3
1954381	1954427	47	46.19	48	54
1954498	1954546	49	62.71	67.5	81
1954617	1954661	45	28.33	21	62
1954732	1955082	351	9.39	4.5	37
1956499	1956659	161	2.21	1	11
1956730	1956761	32	0.97	1	1
1956832	1956931	100	0.86	1	2
1957682	1957840	159	0.99	1	5
1958497	1958662	166	1.13	1	4
1959845	1960075	231	0.75	1	2
1962101	1962277	177	9.69	10	20
1963331	1963555	225	15.02	14	53
1964324	1964474	151	5.02	3	35
1965426	1965758	333	20.87	6	96
1966014	1966159	146	4.88	2	21
1967885	1967936	52	400.31	301	776
1968444	1968536	93	4.38	3	9
1969416	1969627	212	1.03	0	18
1970714	1970735	22	6.59	7	10
1971576	1971577	2	1.50	3	3
1972409	1972410	2	3.50	7	7
1973440	1973693	254	1.76	1	10
1974588	1974738	151	4.32	3	18
1975327	1975623	297	5.80	1	32
1976059	1976194	136	12.95	12	23
1977101	1977182	82	0.35	0	1
1977549	1977742	194	0.35	0	4
1979231	1979352	122	9.07	6	47
1980523	1980539	17	39.53	33	58
1981158	1981170	13	53.62	56	74
1982452	1982576	125	5.81	4	18
1983696	1983745	50	21.40	22	28
1984706	1984780	75	32.12	33	42
1985213	1985300	88	16.34	16	39
1986480	1986623	144	23.05	11	78
1987047	1987284	238	217.91	5	1117
1989604	1989654	51	4.63	5	6
1994743	1995006	264	2.47	1	19
1995430	1995459	30	14.70	13	30
1996753	1997035	283	18.64	4	195
1997228	1997245	18	12.39	13	15
1997579	1997583	5	19.80	25	26
1999432	1999445	14	12.29	13	14
1999965	2000015	51	6.82	7	8
2000337	2000429	93	25.73	29	48
2000814	2000840	27	14.63	15	17
2002053	2002122	70	56.73	62	76
2002615	2002746	132	36.05	24	101
2003473	2003599	127	4.68	0	31
2004401	2004509	109	1.01	0	3
2005182	2005209	28	1.57	2	2
2006476	2006653	178	0.16	0	2
2007806	2007900	95	13.64	4	49
2009152	2009520	369	14.01	1	145
2010709	2010806	98	0.49	0	2
2011446	2011831	386	0.49	0	15
2012168	2012185	18	21.22	23	27
2013800	2013876	77	19.29	17	52
2015212	2015225	14	7.57	8	10
2016150	2016235	86	6.16	6	11
2017682	2017803	122	0.71	1	2
2018034	2018371	338	2.64	0	28
2022260	2022526	267	5.55	1	37
2023994	2024827	834	18.90	0	284
2030484	2030505	22	0.91	1	1
2031034	2031348	315	2.17	2	7
2031607	2031638	32	4.66	6	6
2032017	2032018	2	5.00	10	10
2032748	2032819	72	17.40	16	32
2033558	2033572	15	87.47	94	96
2035294	2035353	60	36.00	39	50
2036323	2036339	17	10.00	10.5	13
2038134	2038457	324	13.27	2	61
2038920	2038934	15	15.67	17	19
2039904	2039954	51	102.25	122	140
2040576	2040615	40	312.77	343	369
2041192	2041300	109	521.84	602	1077
2042251	2042521	271	5.06	4	16
2043875	2044026	152	3.94	1	68
2044408	2044744	337	187.00	1	1596
2045423	2045516	94	3.94	1	18
2046126	2046229	104	8.06	6	35
2047127	2047214	88	3.33	1	36
2048874	2048989	116	48.64	22	130
2049350	2049483	134	4.96	5	11
2050202	2050360	159	13.67	13	26
2050841	2050902	62	677.66	18	8001
2051267	2051840	574	0.22	0	29
2052090	2052122	33	0.00	0	0
2053815	2053972	158	0.00	0	0
2054513	2054550	38	0.00	0	0
2056206	2056687	482	0.00	0	0
2058122	2058194	73	0.08	0	1
2059798	2059974	177	0.08	0	1
2060539	2060769	231	0.00	0	0
2061538	2061555	18	0.00	0	0
2062204	2062833	630	0.03	0	1
2062855	2063583	729	0.00	0	0
2065591	2065969	379	0.04	0	2
2065997	2066073	77	0.00	0	0
2068046	2068447	402	0.04	0	1
2068475	2068551	77	0.04	0	1
2069298	2069389	92	0.04	0	1
2071631	2071795	165	0.29	0	1
2072267	2072495	229	0.26	0	1
2072751	2072953	203	0.42	0	1
2073182	2073439	258	0.10	0	1
2074138	2074732	595	0.19	0	13
2075126	2075139	14	19.07	21	25
2076634	2076747	114	2.26	2	5
2077669	2078090	422	0.44	0	3
2078667	2078697	31	2.10	3	3
2079274	2081253	1980	0.18	0	10
2082778	2082916	139	3.12	2	11
2083634	2083646	13	3.31	4	4
2085066	2085069	4	2.25	3	3
2085772	2085880	109	1.64	2	4
2086292	2086741	450	0.12	0	4
2087093	2087512	420	0.99	0	7
2087864	2088333	470	0.64	0	3
2088943	2089111	169	0.73	0	4
2090276	2090636	361	2.37	2	8
2091492	2091574	83	1.05	1	2
2093612	2093851	240	2.22	0	59
2095484	2095862	379	2.28	2	8
2096871	2097052	182	5.14	3	14
2099280	2099393	114	5.24	3	17
2100450	2100500	51	4.63	4	6
2101515	2101948	434	6.12	3	27
2102906	2102981	76	0.39	0	1
2103897	2104439	543	8.05	1	167
2104875	2104939	65	10.51	3.5	30
2105420	2105683	264	17.60	1	143
2105897	2106042	146	14.38	6	144
2106280	2106394	115	2.91	3	4
2106638	2106824	187	0.48	0	7
2107708	2107784	77	17.17	12	34
2108469	2109558	1090	1.08	0	95
2110393	2110476	84	0.00	0	0
2111320	2111379	60	0.25	0	1
2113846	2113853	8	11.50	13	14
2114304	2114768	465	11.14	2	223
2115315	2115817	503	0.17	0	4
2116025	2116334	310	0.54	0	6
2116542	2116905	364	0.04	0	1
2116974	2117375	402	0.09	0	1
2118081	2118114	34	0.00	0	0
2146980	2147150	171	0.47	0	5
2148663	2148760	98	46.28	48	93
2149091	2149186	96	23.19	19	70
2149517	2149943	427	18.45	19	52
2151675	2151686	12	19.75	22	23
2152392	2152427	36	4.89	4	12
2153367	2153476	110	2.40	1	15
2153993	2154095	103	0.15	0	1
2154501	2154537	37	1.49	2	2
2154730	2154810	81	2.90	4	6
2155090	2155346	257	5.13	1	53
2156331	2156359	29	44.86	46.5	56
2156960	2157059	100	14.55	4	69
2159934	2160044	111	28.47	22.5	66
2160435	2160469	35	74.34	78	81
2161562	2161977	416	17.42	1	109
2163211	2163242	32	9.50	10	11
2164413	2164428	16	25.38	26	31
2165737	2165792	56	13.89	14	37
2166375	2166553	179	1.89	1	16
2166881	2166993	113	15.98	11.5	71
2167176	2167348	173	15.49	0	289
2167964	2168055	92	0.00	0	0
2170126	2170130	5	0.00	0	0
2171493	2171508	16	0.00	0	0
2173630	2173708	79	1.33	0	9
2174957	2175316	360	3.22	2	46
2175971	2176133	163	6.71	3	30
2177031	2177235	205	0.86	0	4
2177455	2177476	22	0.00	0	0
2177951	2178120	170	1.48	0	11
2178853	2178945	93	9.98	2.5	40
2179567	2179737	171	16.40	0	178
2180596	2180689	94	31.43	3	194
2181059	2181231	173	7.13	7.5	19
2183827	2185082	1256	20.64	0	393
2198943	2199157	215	19.09	1	149
2200583	2200786	204	114.16	71	267
2202650	2202664	15	98.20	105.5	119
2205329	2205333	5	130.00	162.5	163
2205446	2205494	49	106.16	66	285
2206263	2206591	329	7.57	2	53
2207132	2207344	213	5.01	3	21
2207786	2207886	101	2.78	3	5
2210184	2210463	280	3.09	2	13
2211076	2211080	5	3.00	3.5	5
2211831	2211885	55	17.35	18	21
2212099	2212153	55	9.22	4.5	36
2212547	2213246	700	0.38	0	14
2214930	2214965	36	104.86	82	242
2219697	2220005	309	3.41	1	16
2220399	2220476	78	4.33	4	8
2220543	2220805	263	3.52	4	8
2221472	2221483	12	4.50	5	5
2222162	2222563	402	3.62	3	11
2222969	2223117	149	11.10	4	39
2225824	2225933	110	7.66	8	11
2226459	2226504	46	14.02	13	23
2227021	2227053	33	34.24	31	61
2227969	2228069	101	186.52	83	713
2229234	2229305	72	102.42	106	172
2230560	2230607	48	265.94	270	345
2231394	2231407	14	48.93	53	59
2231753	2231760	8	4.38	4	9
2233222	2233265	44	41.82	34	71
2235536	2235537	2	19.00	38	38
2236846	2236849	4	61.50	82	88
2242573	2242586	14	18.00	21	22
2242902	2242904	3	33.00	49.5	50
2243850	2243855	6	16.00	19	20
2244312	2245001	690	9.93	0	199
2246007	2246230	224	26.88	5	121
2248037	2248568	532	8.71	0	96
2249511	2249711	201	1.20	1	3
2249955	2250205	251	0.06	0	1
2250343	2250395	53	1.45	2	4
2251953	2251960	8	3.38	4	4
2253050	2253053	4	2.75	4	4
2254461	2254474	14	0.79	1	2
2255075	2255358	284	1.02	1	2
2257036	2257640	605	0.87	1	5
2258316	2258333	18	3.94	4	5
2258371	2258396	26	7.85	4	24
2259070	2259183	114	4.94	3	19
2259221	2259252	32	2.69	3	5
2260030	2260361	332	9.65	0	211
2261280	2261380	101	32.02	28	53
2263286	2263979	694	4.35	3	16
2265132	2265294	163	1.81	1	34
2267002	2267831	830	0.00	0	0
2268021	2268031	11	0.00	0	0
2268761	2268768	8	0.88	1	1
2271364	2271432	69	1.52	2	3
2273722	2273727	6	2.50	3	3
2277001	2277087	87	2.21	1	7
2277499	2277505	7	4.29	5	5
2277938	2277943	6	1.50	2	2
2278265	2278371	107	2.45	3	4
2278876	2278884	9	0.89	1	1
2278930	2278993	64	1.03	1	2
2279174	2279365	192	4.68	1	63
2280361	2280527	167	8.72	7	28
2281599	2281677	79	2.78	2	6
2281847	2282028	182	0.83	1	5
2282359	2282581	223	1.14	1	9
2283584	2283643	60	4.70	4	9
2285294	2285781	488	1.57	0	10
2287261	2287453	193	2.19	1	6
2288852	2289050	199	1.88	0	26
2290449	2290514	66	0.68	0	3
2291367	2291450	84	2.02	2	6
2292618	2292636	19	6.37	7	7
2293720	2293967	248	2.14	0	10
2294544	2294591	48	3.48	2	12
2295144	2296222	1079	0.24	0	9
2297045	2297163	119	0.00	0	0
2298004	2298215	212	0.74	1	3
2298702	2299035	334	0.56	0	4
2300593	2300739	147	0.00	0	0
2301622	2301661	40	0.00	0	0
2303825	2303839	15	0.07	0	1
2306903	2306962	60	1.03	1	2
2310002	2310176	175	0.09	0	1
2310428	2310691	264	0.01	0	2
2311956	2312014	59	4.14	4	5
2312768	2312851	84	2.92	1	6
2313680	2313724	45	2.78	2	5
2315323	2315424	102	1.51	2	2
2317070	2317121	52	0.98	1	1
2317614	2317640	27	3.22	3	5
2318829	2318843	15	1.67	2	2
2320122	2320178	57	5.04	3.5	12
2320956	2321494	539	14.15	1	85
2322728	2322770	43	1.02	1	2
2324379	2324434	56	1.89	2	4
2325908	2326024	117	0.13	0	1
2328464	2328471	8	1.75	2	2
2329051	2329141	91	3.71	1	12
2330555	2330956	402	7.55	0	199
2331140	2331185	46	2.22	2	4
2332047	2332179	133	1.20	1	4
2333467	2333544	78	0.31	0	1
2333878	2334311	434	0.18	0	4
2335020	2335508	489	0.17	0	1
2335580	2335772	193	0.93	0	13
2336643	2336648	6	27.67	33	34
2336859	2337497	639	2.82	0	19
2338437	2338504	68	0.69	1	2
2339894	2340287	394	4.11	1	37
2340780	2340794	15	27.00	29.5	32
2341515	2341649	135	15.93	2	82
2343233	2343358	126	2.75	3	4
2344625	2344704	80	1.02	1	2
2345728	2345829	102	1.12	0	10
2349552	2349604	53	0.96	1	3
2350388	2350475	88	3.19	3	12
2351331	2351372	42	5.79	6	10
2352294	2352298	5	11.20	14	14
2353185	2353321	137	9.94	9	22
2356274	2356368	95	0.58	1	2
2356446	2356611	166	0.00	0	0
2358262	2358389	128	1.43	2	2
2359197	2359246	50	4.16	4	8
2359724	2359849	126	6.02	3	16
2361512	2361682	171	24.86	5	94
2363463	2364103	641	0.65	0	4
2365862	2365974	113	2.68	2	7
2367283	2367387	105	2.53	2	11
2368504	2368669	166	9.96	1	40
2369636	2369797	162	4.27	4	17
2370440	2370624	185	6.63	2	89
2372506	2372668	163	4.21	3	41
2373866	2373979	114	8.48	4	29
2374889	2375131	243	0.52	0	2
2376077	2376308	232	12.37	12	32
2377773	2377818	46	3.59	3	8
2378812	2379288	477	0.35	0	8
2379922	2380874	953	0.03	0	1
2383146	2383420	275	2.11	2	6
2384240	2384600	361	1.44	1	7
2385513	2385564	52	0.48	0	1
2386807	2386833	27	2.07	3	3
2387737	2387785	49	0.67	0	2
2388608	2388646	39	1.69	2	2
2389910	2389924	15	1.13	1	2
2391590	2392191	602	0.41	0	5
2392867	2393148	282	6.06	0	33
2394022	2394097	76	2.95	2	5
2395001	2395513	513	3.57	0	25
2396984	2397039	56	0.00	0	0
2403546	2404242	697	0.51	0	6
2405170	2405303	134	0.78	0	6
2413032	2413792	761	0.02	0	1
2414615	2414700	86	1.26	1	2
2416588	2416697	110	0.16	0	1
2417550	2417974	425	0.11	0	1
2418410	2418921	512	2.54	1	12
2419698	2419965	268	0.09	0	2
2420920	2420921	2	0.00	0	0
2421507	2421803	297	0.62	0	3
2422454	2422774	321	1.75	2	7
2425337	2425404	68	1.94	1	6
2426392	2427068	677	6.87	2	35
2428191	2428346	156	15.49	12	41
2430759	2430760	2	12.50	25	25
2431241	2431244	4	24.50	33	35
2431989	2432030	42	14.38	13	25
2432349	2432612	264	4.79	2	31
2433225	2433226	2	1.00	2	2
2434682	2434695	14	2.29	2	3
2435602	2435615	14	0.93	1	1
2437035	2437257	223	0.62	1	1
2439714	2439717	4	1.50	2	2
2441530	2441829	300	2.12	1	8
2442190	2442251	62	0.63	0	2
2442921	2443091	171	13.53	12	24
2444457	2444536	80	1.41	2	4
2445716	2445737	22	32.95	34	45
2446134	2446148	15	32.93	35.5	39
2447340	2447527	188	0.05	0	1
2448311	2448543	233	2.70	0	34
2448615	2448666	52	179.25	233	246
2448784	2448902	119	350.46	282.5	772
2451325	2452137	813	5308.11	7867	8007
2452245	2452342	98	18.15	4	188
2452413	2452499	87	23.29	4.5	100
2454040	2454437	398	800.92	125	4618
2455002	2455214	213	10.34	2.5	27
2456890	2456986	97	29.43	23.5	54
2457800	2457932	133	5.88	4	31
2459045	2459221	177	4.51	3.5	11
2460935	2461054	120	4.30	4	11
2461733	2461996	264	4.14	1	50
2462255	2462293	39	0.77	1	1
2463617	2463793	177	5.52	5	16
2464535	2464833	299	5.14	2	44
2465791	2465805	15	10.20	11	13
2469286	2469310	25	6.88	7	9
2469899	2469900	2	4.50	9	9
2471071	2471080	10	25.80	29	30
2471882	2471887	6	30.00	36	38
2472338	2472466	129	79.41	67	151
2473493	2473498	6	25.33	32	33
2473994	2474088	95	93.03	82	191
2476495	2476537	43	86.47	90	111
2477888	2477899	12	29.00	32	32
2478761	2478764	4	11.75	16	16
2479521	2479748	228	37.30	34	78
2480940	2481132	193	1.07	1	9
2481688	2481806	119	47.77	40	90
2482533	2482670	138	123.46	84	251
2483520	2483657	138	165.30	152	341
2484381	2484411	31	177.45	174	246
2484524	2484901	378	44.07	6	410
2485697	2485853	157	4.68	1	20
2488497	2488533	37	24.43	10.5	83
2489356	2489427	72	13.26	15	18
2489812	2489933	122	3.85	2	14
2490375	2490448	74	2.59	2	6
2491937	2492060	124	0.29	0	1
2493507	2493791	285	5.28	2	23
2494569	2494579	11	6.64	7	8
2494901	2495376	476	0.98	1	4
2495923	2496088	166	1.13	1	7
2496932	2497025	94	13.83	6	44
2498391	2498399	9	14.00	15	19
2499147	2499237	91	1.37	1	3
2500721	2500766	46	6.13	7	8
2501685	2501810	126	1.97	2	4
2502008	2502338	331	2.64	2	8
2503551	2503555	5	4.80	6	6
2503997	2504069	73	3.38	4	6
2504916	2505026	111	8.65	9	20
2506119	2506378	260	2.04	1	17
2506450	2506496	47	12.15	15	17
2506568	2506594	27	29.81	31	33
2506666	2506875	210	0.51	0	2
2508136	2508382	247	2.28	1	12
2509715	2509815	101	0.34	0	2
2518246	2518263	18	19.67	15	35
2521639	2521656	18	0.94	1	1
2521939	2521981	43	0.00	0	0
2523546	2523712	167	1.34	1	3
2523745	2523777	33	0.00	0	0
2525231	2525342	112	0.00	0	0
2525375	2525409	35	1.34	1	2
2526259	2526292	34	7.50	8	9
2527175	2527263	89	11.62	11	18
2529508	2529518	11	27.45	30	31
2530047	2530161	115	4.48	1	46
2530252	2530318	67	3.88	4	7
2531330	2531331	2	1.50	3	3
2533604	2533733	130	0.37	0	1
2534184	2534185	2	1.50	3	3
2534753	2534870	118	3.01	2	9
2537223	2537416	194	9.66	8	23
2540318	2540381	64	19.08	9	43
2541030	2541276	247	15.98	12	34
2542075	2542502	428	7.44	6	25
2544867	2544943	77	27.00	27	33
2548054	2548085	32	43.59	45	51
2548461	2548465	5	6.20	7.5	9
2549285	2549654	370	0.25	0	1
2550138	2550503	366	3.17	1	11
2553459	2553567	109	0.00	0	0
2556820	2557280	461	0.56	0	4
2558700	2559056	357	9.71	1	66
2559804	2559870	67	5.52	6	9
2562826	2562861	36	42.44	45	48
2564755	2564864	110	9.17	10	13
2565453	2565458	6	15.00	17	20
2566296	2566529	234	4.19	3	38
2567157	2567372	216	24.95	10	136
2568768	2569098	331	7.59	4	102
2569825	2569834	10	9.80	10	13
2570996	2571137	142	8.65	1	31
2571921	2572098	178	18.74	3	118
2572750	2572876	127	19.51	18	33
2573034	2573237	204	8.58	1	144
2573550	2573612	63	0.00	0	0
2574918	2574919	2	0.00	0	0
2576043	2576083	41	1.22	1	3
2577506	2577608	103	11.32	11	32
2580441	2580467	27	4.22	4	5
2581389	2581610	222	6.42	5	20
2582229	2582258	30	11.37	10	20
2583480	2583501	22	5.64	5	9
2583850	2583956	107	8.57	8	28
2584611	2584982	372	0.10	0	3
2585679	2585700	22	0.00	0	0
2586223	2586295	73	0.51	0	2
2586692	2586753	62	0.98	1	1
2588158	2588229	72	2.76	3	4
2589250	2589594	345	196.72	87	897
2589808	2589923	116	279.84	133	705
2591670	2591862	193	24.66	22	56
2593717	2594101	385	1.74	1	15
2594173	2594654	482	4.24	2	18
2595408	2595665	258	0.42	0	2
2596581	2596664	84	0.00	0	0
2597827	2597828	2	0.00	0	0
2599179	2599843	665	0.20	0	1
2602127	2602201	75	1.05	1	3
2603099	2603325	227	2.13	0	13
2604856	2605001	146	0.49	0	2
2606568	2606970	403	0.29	0	3
2607649	2607747	99	14.98	17	35
2608321	2608399	79	73.84	76	155
2608976	2609045	70	91.27	78	160
2610069	2610105	37	13.08	13	18
2610559	2610585	27	12.00	12.5	16
2611726	2611728	3	28.67	43	43
2612311	2612705	395	1.12	0	11
2614612	2614616	5	0.80	1	1
2615691	2615692	2	1.00	2	2
2616635	2616911	277	0.57	0	3
2617377	2617513	137	0.48	0	2
2617919	2618017	99	0.13	0	1
2618729	2618883	155	0.15	0	2
2619898	2619903	6	0.83	1	1
2621466	2621558	93	1.46	1	5
2622753	2623021	269	22.10	17	88
2623325	2623818	494	19.52	4	84
2624077	2624373	297	1.24	1	14
2625436	2625470	35	6.43	6.5	10
2626101	2626134	34	15.79	16	20
2627581	2627626	46	1.78	2	2
2631243	2631314	72	1.29	1	2
2632599	2632913	315	0.80	1	3
2634249	2634313	65	0.00	0	0
2635763	2635985	223	1.18	1	10
2636250	2636338	89	2.98	0	32
2638073	2638875	803	0.38	0	41
2640187	2640433	247	0.44	0	5
2641148	2641228	81	31.16	26.5	58
2642453	2642521	69	77.26	86.5	127
2643842	2643913	72	34.74	39	68
2644861	2645216	356	31.44	11	190
2646516	2646805	290	26.40	5	167
2648644	2648742	99	10.32	10	25
2649088	2649498	411	2.78	1	11
2651086	2651088	3	0.00	0	0
2730730	2730732	3	2.00	3	4
2730802	2730939	138	10.38	13	23
2730963	2731173	211	0.48	0	2
2732618	2732931	314	0.05	0	1
2733755	2733886	132	23.52	22	41
2734898	2735016	119	4.53	1	23
2735290	2735463	174	0.83	0	12
2737638	2738068	431	0.06	0	1
2739506	2739635	130	0.28	0	1
2741414	2741465	52	0.06	0	1
2743008	2743194	187	0.58	0	3
2744332	2744651	320	12.91	4	66
2745894	2745907	14	16.43	18	18
2747297	2747332	36	24.36	27	40
2748308	2748419	112	18.14	12	43
2749110	2749358	249	1.35	1	11
2751736	2751836	101	0.00	0	0
2754801	2754904	104	0.99	1	1
2755514	2755583	70	1.13	1	2
2759739	2760141	403	1.44	0	8
2761132	2761551	420	0.70	0	7
2763783	2763796	14	8.86	7	15
2765528	2765531	4	6.25	8	9
2767098	2767104	7	6.43	7.5	8
2767753	2767766	14	14.57	16	20
2769213	2769221	9	1.44	2	2
2770170	2770184	15	3.47	4	4
2772198	2772201	4	8.25	11	11
2772820	2773059	240	3.06	0	29
2773534	2774424	891	2.04	0	20
2774989	2775034	46	23.98	19	63
2776061	2776203	143	1.78	1	4
2776822	2776917	96	0.64	1	1
2783515	2784649	1135	1.50	0	17
2785286	2785396	111	46.10	6	128
2785739	2786109	371	70.41	2	527
2786581	2786624	44	0.00	0	0
2788325	2788379	55	392.53	400.5	539
2788671	2788842	172	73.50	8	260
2789347	2789721	375	56.44	5	414
2791144	2791304	161	31.47	23	76
2792628	2792822	195	4.70	3	36
2793393	2793689	297	1.93	1	17
2793764	2793766	3	0.00	0	0
2886298	2886300	3	0.00	0	0
2886350	2886396	47	0.00	0	0
2886683	2886710	28	4.29	4	6
2888480	2888960	481	0.56	0	8
2889588	2889676	89	3.09	3	5
2891870	2891964	95	2.96	3	6
2896897	2897134	238	0.00	0	0
2898464	2898549	86	0.05	0	1
2900124	2900181	58	0.62	1	1
2901118	2901131	14	0.00	0	0
2901903	2902503	601	0.00	0	0
2904046	2904060	15	0.93	1	1
2905201	2905272	72	0.53	1	1
2906491	2906570	80	1.69	2	3
2908125	2908192	68	2.46	3	3
2908976	2909017	42	9.10	9	12
2909609	2909674	66	3.95	3	6
2910065	2910785	721	1.16	0	12
2911446	2911709	264	2.48	1	31
2912319	2912399	81	2.32	0	31
2912419	2912649	231	0.00	0	0
2913109	2913468	360	3.25	3	12
2914456	2914457	2	0.50	1	1
2915598	2915599	2	1.50	3	3
2916749	2917026	278	14.68	7	223
2917819	2917985	167	11.80	0	153
2921789	2921857	69	1.74	1	7
2922782	2922935	154	0.28	0	2
2924822	2925130	309	0.69	0	8
2926124	2926360	237	1.16	0	6
2930832	2930964	133	1.02	1	3
2932912	2933021	110	0.14	0	1
2954834	2954836	3	0.67	1	1
2955284	2955411	128	0.70	1	1
2955832	2955879	48	1.04	2	2
2956984	2956998	15	3.60	4	5
2960074	2960156	83	0.27	0	1
2961285	2961493	209	0.00	0	0
2975392	2975824	433	0.54	0	4
2977097	2977287	191	28.55	1	240
2978221	2979001	781	0.13	0	2
2979021	2979092	72	2.00	2	4
2984940	2985065	126	2.54	0	39
2986107	2986225	119	58.17	44	111
2988959	2989404	446	11.24	0	93
2990740	2991571	832	1.75	0	15
2992604	2992712	109	6.94	5	20
2993694	2993863	170	10.63	5	38
2995271	2995313	43	11.49	10.5	20
2996403	2996460	58	21.72	10	78
2997652	2997775	124	5.81	4	14
2999123	2999186	64	3.27	3	6
3000516	3001170	655	0.50	0	6
3004003	3004257	255	6.93	4	39
3004780	3005137	358	1.33	0	39
3005666	3005856	191	4.34	3	15
3006466	3006595	130	12.55	8	52
3006965	3007097	133	9.17	6	41
3009579	3009694	116	2.16	1	8
3010547	3010577	31	33.74	29.5	88
3011085	3011308	224	4.13	1	49
3012953	3013219	267	7.46	4	45
3014588	3014816	229	0.00	0	0
3015498	3015584	87	0.15	0	1
3016167	3016296	130	1.39	1	4
3019966	3020231	266	12.23	1	67
3021066	3021373	308	0.51	0	7
3023228	3023308	81	3.67	4	7
3023948	3024022	75	0.59	1	2
3025739	3025812	74	2.65	3	5
3027118	3027195	78	26.36	29	43
3028786	3029130	345	0.17	0	3
3030058	3030117	60	2.53	1	6
3031219	3031580	362	0.48	0	2
3032124	3032246	123	1.90	1	14
3032364	3032478	115	68.81	28	760
3034893	3035539	647	5800.21	7864	7987
3035647	3035719	73	148.56	10	656
3035790	3035928	139	30.34	2	150
3036000	3036073	74	72.19	60	163
3037614	3038233	620	476.85	24	4745
3039821	3039835	15	10.93	12.5	13
3041123	3041148	26	8.81	9	12
3041839	3041855	17	370.53	390	412
3042126	3042318	193	351.27	248	988
3042907	3042983	77	12.16	10	21
3044716	3044806	91	7.47	8	16
3045590	3045739	150	1.13	1	3
3046418	3046464	47	0.72	1	1
3046585	3046718	134	1.54	2	3
3050240	3050243	4	1.50	2	2
3051021	3051022	2	1.00	2	2
3052139	3052299	161	0.19	0	1
3053266	3053461	196	4.04	1	34
3057689	3057813	125	85.28	91	168
3061840	3062134	295	57.08	40.5	154
3062188	3062194	7	1037.57	1212	1252
3062558	3062623	66	1052.39	1090	1300
3063119	3063448	330	740.49	360	3628
3064148	3064154	7	330.86	378.5	439
3064581	3064728	148	900.40	264	2887
3065272	3065281	10	41.50	46	48
3065657	3065931	275	170.50	53.5	802
3067114	3067183	70	1383.87	1401	1926
3069296	3069377	82	577.13	570	1128
3069846	3069947	102	552.85	546	1068
3070320	3070449	130	631.99	332	1594
3070741	3070773	33	5.88	5	11
3071131	3071141	11	34.91	38.5	41
3071532	3071543	12	25.17	28	34
3072246	3072866	621	4.24	1	36
3073746	3073800	55	2.40	1	12
3074548	3074886	339	40.74	37	122
3075103	3075176	74	19.20	16	59
3075816	3075907	92	60.47	63	111
3076109	3076115	7	29.57	34.5	37
3077961	3077967	7	10.00	12	12
3078526	3078649	124	16.60	10	40
3080579	3080907	329	3.73	1	31
3082597	3083054	458	4.55	1	46
3084780	3084811	32	4.34	4	6
3084832	3085011	180	0.12	0	2
3085726	3085735	10	0.00	0	0
3086647	3086806	160	0.02	0	2
3086827	3086883	57	17.89	12.5	37
3088426	3088576	151	19.66	2	199
3089435	3090149	715	0.35	0	2
3090753	3090854	102	2.25	2	3
3092051	3092126	76	7.16	7	14
3092994	3093084	91	1.30	1	2
3093490	3093804	315	98.83	74	310
3094435	3094524	90	27.09	7	100
3095740	3095859	120	10.43	4	51
3096433	3096807	375	6.88	4	26
3097378	3097654	277	10.65	7	36
3098276	3098356	81	5.38	6	9
3098476	3098736	261	0.59	0	11
3099253	3099476	224	1.87	2	4
3102273	3102597	325	0.88	0	19
3102994	3103676	683	0.15	0	2
3104298	3104320	23	9.61	10	11
3105314	3105330	17	13.00	14	16
3105598	3105818	221	4.44	3	11
3106401	3106414	14	6.36	7	8
3106931	3107019	89	26.54	28	177
3107515	3107557	43	33.74	31.5	54
3108977	3109391	415	5.90	0	306
3110742	3110889	148	7.41	7	11
3111730	3111912	183	9.33	1	41
3112303	3112581	279	3.07	2	17
3113602	3113683	82	13.90	14	25
3113888	3113982	95	11.23	4	77
3115492	3115667	176	40.46	29	118
3116376	3116610	235	9.67	1	182
3118303	3118431	129	0.41	0	4
3120407	3120421	15	6.47	7	8
3121322	3121334	13	6.31	7.5	8
3122352	3122523	172	12.69	9	56
3124129	3124653	525	13.24	1	237
3126334	3126565	232	0.00	0	0
3126637	3126938	302	0.25	0	1
3127239	3127298	60	0.75	1	2
3127626	3128006	381	5.22	1	51
3129663	3129937	275	3.05	3	6
3131189	3131363	175	5.85	5	13
3131943	3132195	253	5.59	4	28
3133099	3133110	12	12.83	15	16
3135181	3135344	164	1.45	0	11
3136042	3136092	51	0.10	0	1
3137402	3137620	219	0.11	0	2
3138905	3139043	139	2.78	3	8
3139659	3139961	303	4.89	3	14
3140583	3140639	57	42.25	37	133
3140913	3140944	32	88.25	86	117
3143069	3143073	5	20.60	26	26
3143791	3143800	10	6.70	7	8
3145886	3145996	111	9.73	6	50
3147209	3147453	245	18.62	0	96
3148843	3148985	143	0.10	0	3
3149523	3149619	97	0.86	0	5
3151306	3151391	86	6.01	5	24
3151629	3151718	90	2.53	2	5
3152595	3152772	178	2.48	2	7
3153685	3153710	26	11.73	12	15
3154146	3154228	83	7.43	4	24
3154844	3155187	344	2.50	0	66
3155494	3155824	331	0.00	0	0
3156540	3156766	227	0.00	0	0
3157414	3158165	752	0.33	0	10
3159981	3160360	380	80.31	28	291
3161768	3161949	182	8.33	4	23
3162994	3163006	13	5.77	6	7
3164426	3164457	32	1.97	2	4
3165829	3166692	864	3.05	1	24
3167694	3167720	27	9.96	11	16
3168399	3168855	457	1.06	0	15
3171187	3171370	184	5.85	2	70
3171848	3171998	151	41.90	42	60
3172719	3172720	2	12.00	24	24
3174059	3174263	205	3.83	1	17
3175302	3175379	78	7.24	6	10
3176337	3176340	4	2.25	3	3
3177241	3177273	33	4.64	5	5
3178048	3178064	17	18.82	20	35
3178797	3179002	206	1.14	1	16
3179840	3179939	100	3.47	3	8
3180675	3180678	4	1.50	2	2
3181426	3181485	60	0.00	0	0
3182494	3182517	24	0.00	0	0
3183454	3183467	14	0.00	0	0
3184773	3184774	2	0.00	0	0
3186129	3186142	14	0.00	0	0
3190947	3191012	66	0.00	0	0
3192159	3192191	33	0.00	0	0
3192510	3192524	15	0.00	0	0
3193101	3193115	15	0.00	0	0
3193869	3193892	24	0.00	0	0
3194259	3194335	77	0.47	0	1
3196850	3197309	460	0.12	0	6
3198660	3198738	79	0.08	0	1
3199285	3199288	4	1.50	2	2
3200762	3200953	192	13.71	14	41
3201452	3201667	216	0.63	1	5
3203114	3203508	395	2.02	1	21
3203743	3203794	52	16.73	16	36
3206123	3206145	23	5.70	7	8
3206377	3206596	220	2.17	1	11
3207041	3207068	28	1.18	1	2
3207852	3207893	42	12.12	10	28
3208584	3208646	63	10.44	10	17
3209223	3209405	183	3.37	3	7
3209730	3209750	21	6.43	7	8
3210588	3210628	41	18.32	17	37
3211385	3211684	300	2.80	3	13
3213176	3213311	136	3.54	2	9
3213666	3213955	290	24.37	0	141
3214853	3214903	51	2.53	2	7
3215492	3216186	695	1.32	1	17
3217189	3217251	63	9.44	10	11
3218764	3218785	22	2.68	3	4
3219245	3219304	60	2.63	3	5
3220295	3220299	5	16.60	21	21
3221350	3221374	25	32.04	21.5	70
3222302	3222314	13	10.85	12	13
3223896	3224011	116	1.73	2	3
3225596	3226033	438	0.40	0	8
3226460	3226513	54	0.00	0	0
3227264	3227302	39	1.26	2	2
3228957	3228961	5	2.40	3	3
3229886	3229950	65	2.66	3	3
3231526	3231549	24	0.04	0	1
3232327	3232763	437	1.73	1	9
3233457	3233660	204	0.00	0	0
3234225	3234335	111	0.14	0	1
3235095	3235134	40	4.22	5	5
3236485	3236647	163	0.25	0	1
3237497	3237504	8	5.88	7	10
3237850	3237913	64	12.22	14	19
3239270	3239361	92	11.12	8	19
3239686	3240141	456	23.40	1	193
3241099	3241110	12	14.25	16	16
3243065	3243068	4	2.25	3	3
3243822	3243885	64	1.83	2	3
3244435	3244528	94	6.05	6	10
3246026	3246052	27	0.26	0	1
3246821	3247199	379	1.89	1	8
3251149	3251222	74	0.85	1	1
3253422	3253768	347	0.17	0	2
3254588	3254603	16	1.19	1	2
3255849	3255889	41	1.12	2	2
3256601	3256693	93	0.00	0	0
3258671	3258791	121	0.00	0	0
3259479	3259659	181	4.09	0	18
3260551	3260726	176	1.56	1	6
3261612	3261804	193	1.14	1	7
3262276	3262291	16	3.56	4	4
3263780	3263833	54	1.02	1	2
3265396	3265603	208	0.44	0	4
3267770	3268332	563	1.28	1	7
3269647	3269738	92	4.46	3	10
3271107	3271122	16	1.31	1	2
3272677	3273030	354	0.93	0	15
3273769	3273902	134	1.68	2	6
3274383	3274565	183	2.67	1	28
3275262	3275283	22	6.00	5	8
3275794	3276047	254	3.51	1	12
3276393	3276413	21	1.52	1.5	4
3278198	3278929	732	11.22	1	136
3279446	3279685	240	24.33	24	48
3281690	3281691	2	3.00	6	6
3286011	3286012	2	2.00	4	4
3287211	3287392	182	0.91	1	2
3288326	3288372	47	1.87	2	3
3295180	3296004	825	0.29	0	3
3296069	3296229	161	0.64	0	2
3297262	3297654	393	1.27	1	5
3297743	3297984	242	4.91	1	29
3300025	3300030	6	2.50	3	3
3300775	3300847	73	7.34	2	24
3301595	3301725	131	5.95	3	55
3303064	3303319	256	2.18	1	9
3303752	3304167	416	48.81	9	367
3304498	3304571	74	7.50	7	19
3306069	3306379	311	10.39	2	112
3307583	3307765	183	0.58	0	6
3307864	3308189	326	0.05	0	1
3308487	3308736	250	1.32	0	7
3309436	3309553	118	26.37	16	63
3311171	3311377	207	15.02	1.5	283
3312260	3312289	30	16.07	14	29
3312701	3312776	76	9.43	8	18
3314883	3315240	358	1.37	1	11
3315796	3315887	92	2.13	1	5
3316689	3317024	336	2.78	1	11
3319557	3319675	119	4.22	3	16
3321602	3321610	9	0.89	1	1
3322724	3323306	583	14.39	7.5	68
3323826	3323880	55	49.15	44.5	91
3324973	3325129	157	8.78	8	21
3326072	3326155	84	7.50	7	15
3326969	3327015	47	10.21	12	13
3328395	3328398	4	15.25	20	21
3329425	3329444	20	2.15	2	4
3331211	3331215	5	3.20	4	4
3331888	3332007	120	5.09	3	20
3332629	3332998	370	16.47	1	297
3334955	3335121	167	5.90	1	26
3337083	3337407	325	0.20	0	2
3341051	3341056	6	0.83	1	1
3343201	3343539	339	1.10	0	29
3343657	3343864	208	86.81	7	729
3346279	3346925	647	5685.32	7859.5	7999
3347036	3347133	98	19.72	4	167
3347204	3347290	87	27.41	9	111
3348831	3349327	497	647.57	84.5	4683
3350012	3350094	83	1.93	1	13
3351490	3351573	84	2.13	1	5
3352498	3352780	283	2.12	1	7
3354278	3354287	10	0.90	1	1
3355743	3355745	3	9.33	14	14
3356736	3356898	163	1.37	1	4
3357358	3357391	34	0.62	1	1
3357398	3357460	63	15.84	2	113
3357899	3357926	28	14.07	21	22
3357933	3358106	174	3.61	4	7
3358113	3358280	168	4.99	3	28
3360800	3361416	617	7.06	1	83
3361792	3361825	34	249.35	285	300
3362648	3362695	48	477.02	512	604
3362933	3362996	64	226.14	129	591
3363465	3363479	15	751.93	842.5	1121
3364011	3364027	17	250.12	264.5	313
3365567	3365626	60	752.88	880	1138
3366488	3366524	37	375.38	384	486
3367905	3367928	24	753.75	790	912
3368343	3368495	153	49.95	6	518
3369867	3370026	160	10.56	10	36
3371851	3372433	583	0.19	0	3
3372455	3372670	216	0.29	0	1
3372950	3373381	432	0.60	1	2
3375071	3375118	48	0.00	0	0
3376127	3376193	67	0.87	1	1
3379106	3379134	29	1.14	0.5	7
3379546	3379578	33	0.00	0	0
3379729	3379757	29	0.00	0	0
3379832	3379835	4	0.00	0	0
3379944	3380225	282	0.00	0	0
3380511	3380601	91	1.80	2	6
3381412	3382288	877	0.03	0	1
3383420	3383431	12	0.00	0	0
3384836	3384930	95	0.67	0	3
3385567	3385690	124	0.16	0	1
3388302	3388398	97	0.77	1	2
3388849	3388984	136	0.21	0	6
3395958	3396169	212	0.77	0	13
3396572	3396722	151	33.89	20	188
3397305	3397401	97	2.85	2	7
3398311	3399756	1446	1.18	0	24
3400150	3400248	99	0.00	0	0
3402412	3402416	5	0.80	1	1
3404763	3404775	13	0.92	1	1
3408460	3408477	18	0.94	1	1
3408946	3408986	41	0.00	0	0
3409890	3410064	175	0.00	0	0
3411025	3411100	76	0.47	0	1
3412136	3412276	141	1.24	1	3
3413924	3414034	111	0.59	1	2
3417283	3417300	18	4.28	5	5
3418219	3418419	201	9.15	3	60
3420009	3420043	35	108.77	107	152
3420401	3421093	693	138.46	115.5	414
3422486	3422758	273	110.11	75.5	320
3422942	3422971	30	45.57	47	54
3423068	3423249	182	82.29	88	188
3424845	3424857	13	4.62	5	5
3425731	3426024	294	0.00	0	0
3426565	3426781	217	0.51	0	3
3427751	3427877	127	2.57	1	29
3428763	3429179	417	1.07	0	8
3429978	3430154	177	1.76	0	11
3431505	3431551	47	0.00	0	0
3434627	3434656	30	0.97	1	1
3435458	3435513	56	0.55	1	1
3437473	3437506	34	0.24	0	1
3438434	3438620	187	1.12	1	5
3439083	3439435	353	0.67	0	4
3439482	3439487	6	0.00	0	0
3440799	3440801	3	0.00	0	0
3441057	3441149	93	1.03	1	2
3441196	3441207	12	2.92	2	8
3442570	3442709	140	8.69	8	18
3444348	3444352	5	56.40	71	72
3444934	3444953	20	29.20	31	34
3445095	3445819	725	48.58	32	185
3447218	3447224	7	39.57	45.5	50
3448326	3448339	14	23.50	25	27
3449426	3449448	23	114.83	125.5	179
3451861	3451942	82	7.10	7	26
3453047	3453548	502	2.44	1	36
3454110	3454387	278	0.00	0	0
3455285	3455400	116	1.59	2	3
3463796	3463904	109	0.00	0	0
3464766	3464894	129	6.36	1	81
3465609	3465692	84	2.30	2	5
3466335	3466655	321	8.95	6	36
3467259	3467380	122	26.43	13	71
3469029	3469338	310	2.63	1	10
3470008	3470257	250	35.14	14	153
3470492	3470505	14	92.57	98	108
3470671	3470822	152	2.20	1	10
3471948	3472088	141	1.20	1	4
3473088	3473093	6	4.50	5	6
3474198	3474199	2	6.50	13	13
3476634	3476757	124	13.04	12	26
3478831	3478832	2	1.00	2	2
3480108	3480327	220	3.58	1	39
3483611	3483649	39	2.08	1	6
3484610	3484613	4	2.25	3	3
3485673	3485701	29	0.00	0	0
3486608	3486673	66	0.11	0	1
3488683	3488694	12	42.42	46	47
3489631	3489900	270	2.52	1	14
3491098	3491109	12	27.00	27	53
3492133	3492674	542	0.53	0	3
3493638	3493642	5	7.40	9	10
3494933	3495154	222	3.31	4	8
3496484	3496842	359	3.11	2	22
3497278	3497350	73	40.22	35.5	85
3497822	3497823	2	18.50	37	37
3498835	3498948	114	11.32	13	17
3499768	3499772	5	8.80	12	12
3500325	3500456	132	0.17	0	1
3512302	3512373	72	0.00	0	0
3513739	3513753	15	33.93	36	37
3514450	3514635	186	24.46	23	75
3515200	3515322	123	6.47	5	13
3515347	3515772	426	0.04	0	2
3516082	3516117	36	0.00	0	0
3516142	3516229	88	0.95	1	2
3516983	3517518	536	11.12	3	80
3518494	3518790	297	3.13	0	39
3519793	3519890	98	6.93	5	20
3520659	3520767	109	50.16	49	148
3521401	3521514	114	4.18	4	8
3521941	3522003	63	2.24	2	3
3522748	3523088	341	3.50	2	15
3524271	3524382	112	6.54	2	57
3525913	3525957	45	46.80	43	77
3526771	3527069	299	17.98	2	118
3527310	3527405	96	16.62	14	63
3527922	3528032	111	22.25	4	144
3528948	3529048	101	8.93	7	16
3530387	3530401	15	22.60	26	29
3530930	3531042	113	16.70	17	37
3531835	3531907	73	27.58	25	46
3532937	3533191	255	4.73	2	16
3535391	3535596	206	506.00	35	2130
3535807	3536141	335	30.01	0	292
3536245	3536341	97	0.37	0	1
3536637	3536772	136	5.57	2	25
3537088	3537375	288	60.75	10	311
3538534	3538545	12	26.08	30	31
3540982	3541106	125	2.03	1	23
3541623	3541703	81	12.65	4	111
3541863	3542337	475	8.17	2	114
3544972	3545030	59	0.98	1	1
3546012	3546053	42	53.71	66	72
3547482	3547494	13	78.77	84	99
3548995	3549765	771	2.75	0	47
3550777	3550854	78	1.96	1	11
3552034	3552035	2	6.00	12	12
3553301	3553867	567	9.59	0	84
3555590	3555683	94	14.66	6	36
3556845	3556947	103	55.18	19	298
3557950	3557972	23	43.70	46.5	63
3558744	3558810	67	22.67	19	37
3560020	3560114	95	5.84	6	10
3561495	3561731	237	3.26	1	61
3564036	3564238	203	5.11	1	53
3564917	3564918	2	5.50	11	11
3565318	3565441	124	5.55	3	15
3566537	3566652	116	4.97	4	21
3566854	3566924	71	3.45	2	7
3569587	3569986	400	815.42	118	4679
3571527	3571613	87	25.24	5	108
3571684	3571781	98	16.39	1	170
3571889	3572701	813	5242.85	7872.5	7999
3575124	3575238	115	243.27	104	796
3575356	3575400	45	312.87	263	558
3575471	3575523	53	248.06	277	361
3575641	3575839	199	2.12	0	30
3577831	3577965	135	0.70	1	1
3578911	3579350	440	26.42	11	183
3579421	3579442	22	172.95	186	188
3579522	3579609	88	1048.39	1394	2331
3579679	3579689	11	134.45	148	161
3579760	3579886	127	775.72	589.5	1733
3581069	3581273	205	18.27	2	125
3581469	3581548	80	14.80	3	205
3582020	3582387	368	367.06	13	2088
3582697	3582731	35	380.26	449	488
3583359	3583377	19	514.37	528.5	650
3584280	3584301	22	889.27	954	1201
3585124	3585140	17	811.94	866	918
3585417	3585433	17	990.59	1008	1399
3585764	3585783	20	1089.15	1227	1673
3586483	3586497	15	876.33	868	1190
3586906	3586907	2	394.50	789	789
3587097	3587098	2	868.00	1736	1736
3587351	3587529	179	239.17	151	570
3587899	3587911	13	765.62	817	1173
3588224	3588239	16	1620.50	1748	1843
3588777	3588791	15	2698.60	3022	4281
3589095	3589129	35	1422.97	1458	1897
3589520	3589536	17	1524.82	1460	2497
3590068	3590079	12	1747.75	1902	1970
3590431	3590447	17	756.00	839.5	910
3590946	3590953	8	622.38	715	920
3591131	3591136	6	679.17	813	829
3591569	3591578	10	1517.70	1711	1761
3592899	3592945	47	545.40	545	913
3593060	3593127	68	260.81	270	372
3593561	3593579	19	890.68	887	1163
3593967	3594005	39	618.92	579.5	1051
3594624	3594651	28	3393.32	3961	4495
3595639	3595678	40	965.83	1009	1197
3596063	3596327	265	25.28	1	216
3596739	3596801	63	2.97	3	5
3597003	3597008	6	5.83	7	7
3597414	3597522	109	7.62	2	54
3598897	3599011	115	12.91	6	36
3600278	3600376	99	1.55	1	4
3601325	3601353	29	17.52	15	33
3601867	3602000	134	2.44	2	11
3603159	3603179	21	4.14	5	5
3604297	3604306	10	10.60	12	12
3605928	3606561	634	238.97	30	1805
3608102	3608175	74	59.85	49	153
3608247	3608385	139	4.63	5	19
3608456	3608528	73	135.79	7	669
3608636	3609282	647	5935.13	7903.5	7999
3611695	3611813	119	156.76	77	877
3611931	3611982	52	435.98	596	638
3612054	3612066	13	160.00	169	189
3612137	3612412	276	2.57	1	14
3613235	3613352	118	24.28	5	314
3613689	3613738	50	13.72	11	31
3615269	3615715	447	0.05	0	1
3615815	3615946	132	6.80	3	18
3617869	3617881	13	14.54	16	17
3618806	3618880	75	8.19	8	10
3620729	3620734	6	7.50	9	10
3623180	3623354	175	2.45	2	10
3624828	3624964	137	4.22	2	10
3626757	3626836	80	0.64	1	1
3627095	3627106	12	7.92	9	9
3627353	3627527	175	2.48	1	20
3629547	3629623	77	2.92	2.5	6
3631130	3631135	6	12.67	14	20
3632432	3632553	122	69.84	84	184
3632878	3633441	564	34.60	14	168
3634699	3634894	196	7.75	4	46
3635063	3635095	33	5.24	3.5	18
3636185	3636207	23	14.04	13	19
3637267	3637398	132	10.14	11	15
3640850	3640867	18	20.44	22	24
3642441	3642444	4	24.00	31	34
3643573	3643576	4	7.25	11	13
3647274	3647275	2	6.00	12	12
3648011	3648238	228	13.12	7	119
3648310	3648378	69	17.09	18	24
3648449	3648476	28	214.14	224	274
3648558	3648590	33	49.15	53	56
3648662	3649341	680	2.11	0	12
3649544	3649631	88	1.19	1	4
3649947	3650011	65	1.66	1	5
3651239	3651245	7	13.57	15	20
3652494	3652516	23	28.96	34	37
3654190	3655179	990	17.45	0	334
3657775	3657846	72	14.71	8	48
3658168	3658226	59	26.05	22.5	55
3658410	3658453	44	5.93	5	8
3659276	3659302	27	9.59	10	12
3660931	3660932	2	5.50	11	11
3661647	3661794	148	11.92	7	34
3663949	3664106	158	4.46	2	16
3664509	3664521	13	0.92	1	1
3665413	3665549	137	4.45	2	15
3666015	3666251	237	2.25	1	8
3667125	3667238	114	26.72	19	62
3669066	3669088	23	28.09	28	38
3670091	3670105	15	10.67	11	14
3670904	3670963	60	2.83	2	8
3675785	3675998	214	0.00	0	0
3676860	3678165	1306	0.13	0	2
3681499	3681523	25	6.84	7	12
3682433	3682523	91	5.82	6	9
3683580	3683697	118	12.03	9	49
3684241	3684410	170	16.94	4	111
3684481	3684518	38	11.92	13	15
3684589	3684634	46	92.76	114	118
3684705	3684842	138	2.18	3	4
3685167	3685174	8	1.75	2	2
3685442	3686391	950	0.65	1	5
3687544	3687767	224	9.21	8	25
3688233	3688329	97	9.02	9	13
3689563	3689586	24	4.38	5	6
3692504	3692615	112	212.01	90	571
3692904	3692999	96	44.69	47	62
3694281	3694375	95	96.39	100	112
3695648	3695652	5	12.00	14.5	17
3696655	3696835	181	1.22	0	8
3697004	3697108	105	57.00	57	102
3698405	3698832	428	5.97	3	33
3699259	3699299	41	11.05	10	19
3701787	3701892	106	3.31	4	10
3702634	3702796	163	480.35	160.5	1427
3703190	3703200	11	479.45	523.5	544
3703516	3703522	7	310.14	374.5	388
3703748	3703793	46	219.17	194	498
3704241	3704341	101	9.59	11	25
3704999	3705371	373	1.39	0	14
3705618	3705759	142	3.66	4	6
3706405	3706464	60	1.55	2	4
3708233	3708296	64	8.08	9	16
3709743	3710004	262	2.66	0	18
3710623	3710763	141	9.22	3	39
3711502	3711561	60	4.03	3	9
3712120	3712405	286	17.68	4	118
3712610	3712696	87	4.18	4	12
3714068	3714232	165	2.96	2	10
3714869	3714996	128	15.22	9	36
3716737	3716738	2	29.00	58	58
3720555	3720562	8	16.62	19	22
3720908	3721163	256	0.87	0	5
3721425	3721473	49	0.29	0	1
3722764	3722774	11	0.00	0	0
3723966	3724045	80	3.81	3	21
3724571	3724772	202	10.99	4	149
3725778	3725945	168	20.48	3	147
3727323	3727393	71	2.14	1	9
3727862	3728314	453	38.54	4	253
3729251	3729353	103	3.33	2.5	8
3729618	3729805	188	13.41	3	54
3730151	3730231	81	6.02	6	14
3730646	3730694	49	7.51	6	21
3731664	3731928	265	131.32	12	1182
3732235	3732256	22	1690.73	1782	2018
3732512	3732645	134	80.03	45	317
3733813	3733925	113	1.50	2	3
3735366	3735781	416	9.74	7	31
3736256	3736380	125	9.08	6	21
3736672	3736819	148	18.84	11	44
3737447	3737505	59	63.76	65	83
3739444	3739527	84	12.70	12	23
3741702	3741870	169	94.67	29	239
3742213	3742279	67	58.63	53.5	144
3742364	3742429	66	84.97	65	146
3742501	3742589	89	31.25	26.5	76
3742686	3742699	14	36.57	39	41
3743156	3743178	23	61.43	54	96
3744685	3744709	25	53.00	54	65
3747458	3747767	310	19.64	3	162
3748167	3748168	2	74.00	148	148
3749123	3749188	66	77.33	21	673
3749515	3749533	19	118.21	97.5	232
3749730	3749786	57	151.46	162.5	189
3751914	3752030	117	47.57	49.5	70
3752916	3753074	159	55.08	56	107
3754923	3755017	95	0.00	0	0
3755087	3755107	21	0.00	0	0
3755756	3755944	189	0.00	0	0
3756905	3756943	39	0.00	0	0
3757319	3757326	8	0.00	0	0
3758578	3758691	114	0.00	0	0
3758766	3759464	699	0.51	0	7
3759837	3759861	25	0.16	0	1
3760576	3760580	5	3.20	4	4
3762282	3762519	238	6.39	5	24
3763489	3763500	12	40.67	39	67
3764644	3764645	2	2.00	4	4
3765807	3766389	583	0.20	0	2
3772486	3772522	37	0.00	0	0
3773399	3773415	17	1.82	2	3
3774409	3774626	218	7.47	4	27
3775655	3775673	19	7.68	8	9
3775953	3776241	289	4.80	3	14
3776491	3776608	118	9.34	6	23
3777047	3777057	11	22.91	27	28
3777418	3777601	184	4.29	2	21
3777809	3777837	29	27.76	30.5	40
3778300	3778306	7	32.14	33.5	54
3780443	3780790	348	13.07	1	74
3781175	3781287	113	26.22	13	78
3781429	3781514	86	0.42	0	1
3781971	3781986	16	0.94	1	1
3783128	3783273	146	1.38	0	8
3784276	3784459	184	3.53	2	30
3784889	3784984	96	13.55	16	26
3785852	3786162	311	0.58	0	3
3786328	3786744	417	2.82	0	37
3787252	3787653	402	2.83	1	22
3790540	3790555	16	18.88	21	21
3791003	3791085	83	38.92	32	81
3792592	3792880	289	22.07	19	67
3793976	3793977	2	7.00	14	14
3795055	3795146	92	5.15	2	19
3796362	3797835	1474	0.72	0	18
3798025	3798027	3	0.00	0	0
3817558	3817560	3	0.00	0	0
3817685	3817737	53	0.00	0	0
3817792	3818321	530	0.03	0	1
3819871	3819891	21	0.00	0	0
3821029	3822083	1055	0.03	0	1
3822816	3822823	8	0.00	0	0
3824306	3824730	425	0.04	0	1
3824785	3824789	5	0.00	0	0
3824919	3824991	73	0.00	0	0
3825106	3825549	444	0.08	0	1
3827297	3828734	1438	0.42	0	6
3828990	3829467	478	1.86	1	17
3830077	3830078	2	1.00	2	2
3831225	3831481	257	1.99	1	9
3832256	3832313	58	17.95	18	26
3832980	3833161	182	3.97	4	7
3834080	3834298	219	0.71	0	3
3835211	3835252	42	1.55	2	2
3836615	3836648	34	2.21	2	3
3837498	3837499	2	0.50	1	1
3838286	3838523	238	0.80	1	4
3838620	3838729	110	5.77	3	15
3840422	3840427	6	3.83	5	5
3840710	3840766	57	0.95	1	1
3841661	3841739	79	5.38	1	42
3842316	3842556	241	0.76	0	3
3843742	3844514	773	1.75	1	10
3845859	3845988	130	1.32	1	4
3846490	3846849	360	11.10	4	51
3848497	3848501	5	44.60	54.5	64
3850240	3850349	110	4.25	2	18
3852621	3852791	171	0.23	0	2
3853617	3853723	107	1.38	1	4
3854114	3854458	345	12.49	9	113
3855215	3855366	152	4.53	3	26
3856147	3856220	74	3.16	3	8
3856749	3856853	105	5.50	4.5	11
3858192	3858275	84	22.04	20	69
3859029	3859032	4	6.75	9	9
3859672	3859673	2	4.00	8	8
3861309	3861436	128	145.85	118	301
3861701	3861706	6	78.33	93	113
3862235	3862240	6	175.00	213	213
3863024	3863088	65	2.02	2	13
3863587	3863731	145	0.30	0	1
3865483	3865621	139	22.35	1	219
3866345	3866466	122	4.30	4	7
3867934	3867951	18	26.61	29	34
3868651	3868665	15	0.93	1	1
3868718	3868808	91	1.57	1	3
3869970	3869983	14	2.71	3	3
3872162	3872452	291	1.22	1	5
3873785	3873786	2	6.00	12	12
3874405	3874432	28	3.96	3	7
3875882	3875904	23	13.74	14	16
3876433	3876854	422	1060.30	98	7999
3878395	3878481	87	27.97	11	104
3878552	3878649	98	18.65	1	169
3878757	3879569	813	5239.47	7862	7999
3881992	3882106	115	185.29	110.5	805
3882224	3882342	119	4.35	1.5	32
3883000	3883492	493	0.49	0	6
3884723	3884738	16	2.06	2	3
3885522	3885605	84	13.31	17	27
3887181	3887199	19	9.53	10	12
3888943	3889104	162	0.86	0	7
3889900	3889970	71	0.07	0	1
3893300	3893310	11	0.00	0	0
3893551	3893584	34	13.41	14	17
3894023	3894135	113	7.57	2	41
3895686	3895689	4	15.25	20	21
3897517	3897813	297	0.30	0	2
3899203	3899260	58	0.40	0	1
3903020	3903021	2	1.00	2	2
3904573	3904574	2	1.00	2	2
3905972	3906381	410	0.48	0	3
3907573	3907651	79	0.84	1	2
3909341	3909883	543	12.25	0	381
3910043	3910295	253	94.68	57	351
3910348	3910351	4	8.75	12	12
3911345	3911602	258	20.99	21	40
3911924	3912116	193	4.41	4	10
3913002	3913194	193	1.63	0	9
3914806	3915208	403	5.07	0	48
3915764	3915839	76	8.59	6	18
3916179	3916189	11	17.91	17	25
3916478	3916612	135	13.17	14.5	26
3916925	3916999	75	2.95	2	15
3917357	3917373	17	73.00	66	117
3917767	3917783	17	93.94	101.5	105
3918507	3918513	7	117.86	137.5	147
3920308	3921269	962	26.76	1	282
3922245	3922508	264	1.62	2	4
3923586	3923721	136	22.43	14	57
3925072	3925454	383	22.48	5	212
3929598	3929756	159	6.21	6	19
3930858	3931180	323	7.65	1	58
3931853	3932065	213	2.54	2	15
3932318	3933030	713	0.21	0	4
3934168	3934195	28	0.00	0	0
3937328	3937416	89	1.02	1	8
3939757	3939929	173	4.92	1	65
3940554	3940702	149	2.34	2	9
3941105	3941170	66	0.48	0	2
3941462	3941481	20	2.45	3	4
3942064	3942293	230	9.41	5	29
3944130	3944137	8	19.25	22	24
3945771	3946114	344	19.43	20	62
3946967	3947063	97	10.48	7	29
3948602	3948615	14	1.57	1	3
3949801	3949916	116	0.27	0	1
3950391	3950432	42	1.95	1	5
3951183	3951674	492	4.26	0	68
3952767	3952770	4	0.75	1	1
3953617	3953618	2	0.00	0	0
3954501	3954570	70	0.00	0	0
3955873	3956050	178	6.17	3	21
3956765	3956829	65	1.91	2	3
3958024	3958313	290	0.00	0	0
3959277	3959383	107	0.00	0	0
3959594	3959636	43	46.65	61	68
3959931	3959953	23	220.52	225	262
3960923	3961246	324	9.01	2	126
3962126	3962152	27	7.85	8	16
3963834	3964065	232	1.18	1	3
3965413	3965427	15	245.33	303	381
3965896	3965930	35	107.63	106.5	159
3966372	3966807	436	16.36	1	324
3967780	3968468	689	10.55	3	64
3969510	3969613	104	9.65	6	28
3970658	3970659	2	7.50	15	15
3971152	3971205	54	7.70	8	14
3973257	3973303	47	51.40	66	70
3979404	3979499	96	7.24	5	17
3980004	3980005	2	3.00	6	6
3980285	3980377	93	3.99	4	7
3980936	3981097	162	4.65	3	11
3982451	3982558	108	3.18	3	6
3982967	3983143	177	6.85	4	20
3984265	3984351	87	69.49	59.5	108
3984817	3984974	158	70.89	60	125
3985260	3985285	26	434.88	460	483
3986759	3986820	62	43.23	36	65
3987544	3987552	9	37.67	41.5	49
3988643	3988662	20	18.35	22	32
3989218	3989247	30	7.30	7	9
3990232	3990239	8	7.00	8	8
3991218	3991463	246	8.62	7	21
3992274	3992279	6	10.00	12	12
3993057	3993062	6	17.00	20	21
3993597	3993672	76	10.83	11	21
3994300	3994303	4	10.75	15	15
3994595	3994737	143	5.20	3	24
3994990	3995040	51	16.27	15	21
3996301	3996386	86	3.09	2	9
3998593	3998923	331	0.48	0	3
3999971	4000013	43	2.02	2	3
4001082	4001275	194	4.90	1	66
4002665	4002900	236	8.74	7	29
4003303	4003507	205	17.21	6	114
4004624	4005075	452	151.10	22	547
4005502	4005519	18	1600.00	1692	1980
4005910	4006547	638	28.78	2	137
4007187	4007195	9	25.78	28	34
4007703	4007784	82	1.28	0	4
4008808	4008960	153	0.34	0	5
4010224	4010240	17	8.06	8.5	10
4011513	4012038	526	1.63	1	9
4013437	4013446	10	2.80	3	5
4017902	4018570	669	0.82	0	7
4020905	4020913	9	1.78	2	2
4021015	4021143	129	7.77	6	19
4021792	4021814	23	26.13	28	33
4022514	4022519	6	2.00	2	3
4023399	4023894	496	4.35	4	14
4024717	4024740	24	4.54	5	6
4025041	4025051	11	20.18	22	23
4027076	4027105	30	5.90	6	10
4027589	4027618	30	9.70	9	14
4028285	4028296	12	5.42	6	6
4028912	4029008	97	2.24	2	3
4029585	4029596	12	14.75	16	20
4030185	4030209	25	41.48	44	48
4030585	4030691	107	3.07	2	8
4032462	4032525	64	23.78	25	33
4033402	4033463	62	38.65	16	734
4033836	4033937	102	5.54	1	142
4034640	4034756	117	2.62	2	9
4035657	4035732	76	0.42	0	2
4036123	4036296	174	3.75	3	11
4036994	4037002	9	267.56	299	307
4037306	4037552	247	61.28	1	1272
4038219	4038944	726	2.49	0	67
4040196	4040336	141	33.48	5	114
4042353	4042624	272	5.30	0	57
4043039	4043157	119	5.28	4	12
4047653	4047717	65	0.34	0	1
4050466	4050571	106	0.00	0	0
4052121	4052294	174	0.90	1	3
4053084	4053102	19	0.95	1	1
4054890	4054930	41	0.02	0	1
4056596	4056939	344	8.48	4	41
4058857	4058960	104	8.44	7	30
4059270	4059361	92	0.61	0	4
4059899	4059952	54	40.09	5	169
4060598	4060643	46	3.85	1	22
4061544	4061747	204	10.50	8	62
4062222	4062407	186	2.42	0	24
4063122	4063606	485	16.58	4	116
