#start	end	length	mean	median	max
1	216	216	2195.86	2187	4498
631	634	4	111.00	148	149
1103	1114	12	92.08	100	101
2595	2718	124	274.02	259	401
3400	3402	3	32.00	48	48
4231	4249	19	1583.84	470	8000
4320	4387	68	1517.50	418	8000
4459	4504	46	2344.00	616	8000
4575	4621	47	826.21	682.5	2934
4691	4696	6	2394.00	612	6304
4777	4936	160	462.84	4	7063
5018	5240	223	30.44	14	83
7143	7602	460	743.18	354	2670
9241	9267	27	763.96	800.5	923
9622	9910	289	231.96	69	1364
12637	12727	91	417.99	96.5	958
13553	13701	149	1151.07	354	4141
13981	13982	2	34.00	68	68
14244	14247	4	89.00	119	119
16609	16660	52	1031.56	109	3891
16756	16862	107	677.70	43	5249
18270	18379	110	345.05	145	976
20557	20568	12	197.75	213	227
21139	21151	13	58.77	36	160
22715	22772	58	1074.90	203	2317
22890	22902	13	4018.08	4352	4357
22993	23323	331	127.43	60	518
25457	26077	621	328.49	237	4607
27356	27556	201	1192.98	18.5	4490
28832	28900	69	211.84	194.5	312
30065	30070	6	39.17	47	47
31850	31960	111	805.79	493	2140
32372	32404	33	133.52	152	159
32678	32679	2	51.00	102	102
35246	35250	5	303.00	376	391
35542	35543	2	121.00	242	242
36546	36555	10	63.90	71	72
37609	37737	129	388.42	305.5	657
39815	39879	65	25.45	26	29
40579	40650	72	230.85	105	452
42061	42104	44	574.66	522	1531
44173	44298	126	116.55	99	196
44434	45040	607	97.29	63	377
46037	46041	5	48.60	61	63
49281	49334	54	615.69	14	1838
51095	51271	177	34.71	29	55
52262	52458	197	385.36	205	801
56184	56223	40	109.15	114	119
57712	57740	29	100.97	105.5	114
61296	61618	323	1541.23	49	6309
61826	61942	117	562.31	645	1135
63141	63144	4	54.00	72	72
63997	64015	19	6.32	6	9
67021	67038	18	15.89	18	21
67297	67309	13	9.08	10	10
69187	69190	4	5.50	7	8
71961	72020	60	121.03	120	145
72816	72817	2	86.50	173	173
73415	73445	31	782.97	872.5	879
74208	74232	25	338.96	353	380
74743	74746	4	1109.50	1474	1496
75332	75526	195	1610.88	1686.5	3009
77234	77239	6	1163.83	1398	1450
77954	78089	136	2983.76	111	7864
78279	78301	23	1364.48	1604	2756
80104	80195	92	1315.54	266	3233
80463	80588	126	416.17	368	873
81645	82057	413	267.90	274.5	557
82313	82325	13	9.23	10	12
84111	84358	248	175.96	30	639
86138	86409	272	71.88	37	233
86530	86655	126	84.26	84	104
88675	88832	158	352.72	321	715
89642	89956	315	489.66	167.5	1968
90143	90151	9	301.56	340.5	343
91502	91557	56	304.00	389	420
92929	92951	23	328.26	329.5	395
94965	95190	226	892.12	458	2244
95884	95896	13	83.77	89.5	101
96824	96958	135	856.50	494.5	3791
97045	97255	211	4228.59	3846.5	7997
98914	98935	22	897.95	942	943
99838	99938	101	105.89	54	277
100467	100541	75	651.85	491	1147
101484	101642	159	195.10	141	398
102354	102460	107	1223.79	185	2962
103919	104124	206	1097.19	730	2667
106150	106151	2	58.00	116	116
107256	107470	215	165.13	118.5	561
108992	109024	33	285.91	297	329
110720	110927	208	843.40	130	2184
112671	112827	157	191.68	119.5	483
113293	113332	40	2397.18	3023	3260
114473	114499	27	406.41	422	449
115418	115458	41	481.85	630	637
116017	116361	345	316.39	228	694
118222	118253	32	224.09	232	249
118821	118822	2	71.00	142	142
119651	119979	329	106.53	6	687
120673	120695	23	1416.91	1481.5	1491
120990	121001	12	320.33	349	358
122886	122947	62	3.68	4	5
124490	124657	168	108.95	43	448
127785	127930	146	224.79	225	360
129116	129382	267	713.60	68.5	5943
130766	131052	287	993.43	124.5	5479
132247	132345	99	655.01	184	1592
134782	134970	189	1888.39	33	8010
135100	135141	42	271.93	276	329
137761	137856	96	692.67	833	920
138205	138406	202	1814.69	222	7999
139265	139318	54	1080.31	952	2042
139442	139616	175	253.17	177	850
140040	140452	413	1175.34	704	3882
141311	141645	335	527.06	283	1371
141741	142027	287	166.68	85	487
142127	142226	100	55.70	61	97
143592	143593	2	13.50	27	27
144833	145015	183	140.04	16	862
146363	146443	81	604.56	163	1610
146576	146812	237	130.69	141.5	181
147269	147280	12	159.75	178	180
149352	149382	31	156.61	152	192
150109	150341	233	1136.88	385	5519
151989	152047	59	89.95	85	138
153701	153726	26	44.27	45	57
154711	154713	3	3.33	5	5
156162	156333	172	457.09	603	890
157798	157812	15	61.80	65	78
158509	158518	10	53.90	62	70
158738	158741	4	72.75	97	98
159600	159629	30	76.10	78	88
159834	159936	103	633.83	629	934
160519	160533	15	79.93	86	89
161122	161156	35	150.20	163	180
162827	162927	101	539.65	683.5	1191
163969	163982	14	85.86	93	99
165529	165542	14	83.14	90	95
166143	166149	7	211.00	246	248
166636	166659	24	175.83	187	190
168729	168881	153	1898.19	534.5	4059
169800	170021	222	347.51	358	601
170124	170144	21	207.90	218	241
170253	170614	362	160.13	107	335
170685	170703	19	181.26	202	221
171424	171426	3	158.67	238	238
172396	172469	74	51.32	55	91
173750	173777	28	155.18	151	194
174453	174690	238	423.91	184	1168
175404	175452	49	142.55	139	196
176719	176723	5	137.00	171.5	173
177483	177559	77	1464.09	1939.5	1983
178649	178711	63	705.25	987.5	1369
179885	179896	12	54.75	60	62
181432	181864	433	826.90	268	4397
182762	182780	19	259.53	275	291
183702	183725	24	346.62	364	381
184287	184797	511	399.45	384.5	850
185818	185823	6	36.83	45	45
187737	187996	260	1167.41	674	2705
188669	188680	12	106.58	117	120
190184	190185	2	108.50	217	217
191434	191446	13	104.77	112	118
191987	192010	24	151.50	163	184
192812	193209	398	174.52	165	290
194422	194450	29	64.76	67	71
194736	194798	63	342.06	352.5	446
194898	195056	159	879.86	7	4271
195588	195595	8	67.62	78	79
197102	197125	24	178.50	187	194
199998	200009	12	74.50	81	85
200775	200991	217	1247.18	37	4605
201694	201705	12	87.92	95	107
202531	202542	12	124.92	134	142
203551	203617	67	349.61	470.5	632
204773	204841	69	573.04	294.5	1635
205253	205280	28	364.36	385	400
205635	205652	18	395.44	466	490
205797	205873	77	1722.62	1997	2042
206888	206914	27	161.26	182	193
207908	207931	24	289.00	314	324
208205	208865	661	458.38	390	1338
209247	209264	18	953.72	1017	1044
211644	211849	206	21.45	18	45
213377	213392	16	423.69	449	472
214589	214744	156	176.10	211	313
216095	216200	106	191.62	65	672
218064	218265	202	347.18	160	1284
219016	219097	82	201.46	112	390
220247	220258	12	70.17	77	83
222122	222219	98	416.40	236	1009
223876	223890	15	61.27	67.5	70
224689	224691	3	12.33	18.5	19
225796	225848	53	506.94	497	618
226989	227006	18	179.17	192	216
227556	227685	130	377.71	28	1357
228163	228338	176	349.70	192	1508
229500	229523	24	81.12	85	90
230502	230650	149	402.80	105.5	1469
230870	230972	103	1863.85	2499.5	2578
232341	232466	126	386.18	52	1434
233544	233580	37	911.89	962	979
233647	233928	282	271.89	285	462
234760	234972	213	81.88	19	337
237046	237296	251	363.46	14	4345
238467	238506	40	1172.12	335	8001
238576	238707	132	554.81	340	7842
240157	240353	197	1420.56	622	4053
241083	241192	110	3627.40	6497	6609
241988	242005	18	177.78	190	204
242651	242676	26	213.27	229	249
243847	243848	2	57.50	115	115
244377	245097	721	251.02	187	675
246163	246257	95	689.01	980	1050
246627	246628	2	73.00	146	146
247547	247559	13	228.00	253.5	256
249291	249296	6	191.50	230	233
250644	250645	2	67.50	135	135
251567	251578	12	62.08	71	73
252249	252271	23	2148.00	2283	2423
252704	252911	208	1784.97	102	7430
255394	255584	191	3282.92	733	7995
257061	257083	23	806.70	850	894
258170	258178	9	256.44	289	292
258716	258800	85	101.00	101	116
260349	260360	12	69.17	71	92
261375	261487	113	1552.42	1640.5	2186
261558	261718	161	886.47	4	2478
263180	263194	15	212.00	226	238
263309	263313	5	86.60	108	109
264607	264708	102	194.08	178	316
267019	267020	2	46.00	92	92
268065	268079	15	77.20	82	85
269340	269377	38	163.53	161	198
270921	271080	160	243.46	123	978
271681	271794	114	86.34	51	203
272551	272625	75	659.96	101	1683
275194	275249	56	359.62	438	827
275970	275981	12	115.00	126	128
278330	278392	63	328.08	62.5	740
278633	278644	12	155.92	171	174
279956	280162	207	100.67	102	161
282684	282702	19	173.74	142	276
283099	283137	39	468.46	499	588
284973	285031	59	425.51	121.5	875
285284	285295	12	95.67	106	113
288750	288851	102	68.26	74	86
289965	290017	53	483.08	477	717
291458	291464	7	131.71	151	160
296948	296952	5	77.20	97.5	98
297469	297483	15	38.13	40	45
297955	298023	69	234.55	65	651
306703	306752	50	306.18	496	514
307968	307974	7	24.86	29	29
308263	308277	15	32.13	35.5	37
309148	309150	3	30.67	46	46
310828	311022	195	1823.06	67	8010
312040	312144	105	58.25	35	288
314629	314872	244	289.37	71	1415
315185	315201	17	450.00	478.5	492
315466	315584	119	662.72	287	1630
317232	317244	13	55.54	62	65
318247	318248	2	36.50	73	73
319104	319117	14	58.07	63	64
320782	320803	22	54.73	57	60
321884	321927	44	279.00	343	900
322915	323160	246	1571.36	483	4778
323713	323724	12	473.25	524	534
325284	325301	18	177.56	189	196
325704	325789	86	114.84	111	159
326666	326680	15	180.40	192	197
327560	327607	48	130.06	135	140
327974	327975	2	146.00	292	292
328939	328946	8	83.62	98	101
330090	330452	363	113.83	34	759
330570	330587	18	107.44	112	125
331243	331853	611	67.30	23	286
334089	334387	299	676.91	541.5	1637
335141	335203	63	1335.59	555	2387
336827	336831	5	141.60	178	181
337069	337142	74	319.88	286	611
339271	339414	144	398.82	426	567
339955	339964	10	457.50	506	528
340727	340831	105	548.50	17	1738
341543	341562	20	82.00	86	88
345303	345389	87	849.37	42.5	4180
345461	345553	93	639.88	158	1688
346544	346570	27	230.93	241	256
347605	347606	2	49.00	98	98
348818	349105	288	1460.53	111	5440
349650	349778	129	264.83	237	434
350632	350691	60	69.42	73	87
351294	351307	14	38.29	41	43
351401	351595	195	24.76	22	47
351986	351987	2	1.50	3	3
353097	353218	122	119.75	120	523
354889	354890	2	28.00	56	56
356439	356449	11	161.27	175.5	186
358064	358325	262	1145.37	817	8000
358992	359037	46	77.48	77	99
360739	360758	20	75.20	79	82
366209	366225	17	106.76	113	116
366982	367132	151	885.97	1529	1732
367883	367902	20	138.10	145	150
369436	369877	442	265.63	262	3864
369952	369971	20	1969.40	1758	4587
370043	370159	117	1064.16	31	6107
371914	371916	3	44.00	66	66
372952	372964	13	30.77	33	34
373592	373603	12	52.42	56	60
374627	374828	202	219.71	7	744
374925	374949	25	75.72	78	84
376680	376774	95	2173.37	2754	2817
377174	377321	148	151.34	167	227
378030	378257	228	142.25	157	217
379632	379639	8	579.62	661	667
380108	380233	126	1609.55	1632	2815
380804	380964	161	239.64	140	463
383065	383090	26	206.35	210	251
383769	383771	3	58.00	87	87
384201	384258	58	2626.81	3986	7998
385261	385339	79	677.72	560	925
386003	386014	12	114.83	124	132
388823	388834	12	80.42	90	93
390110	390124	15	207.33	221.5	241
391469	391536	68	775.49	52	1839
393585	393769	185	1014.54	1235	1793
394292	394336	45	35.84	37	39
395087	395288	202	180.96	26	617
395517	395531	15	326.27	350	353
397610	397645	36	106.25	80	154
398375	398431	57	1356.40	1505.5	2066
399071	399296	226	1728.35	64	7801
399795	400051	257	330.84	248	2018
402955	403013	59	675.36	728	1185
403947	403952	6	1459.33	1751	1752
404709	404712	4	141.50	188	192
405379	405403	25	84.80	88.5	98
407252	407263	12	102.42	111	115
408836	408853	18	267.72	285	289
409400	409430	31	517.84	539	577
411099	411221	123	2391.93	138	7775
413323	413340	18	122.89	136	161
415633	415634	2	79.00	158	158
416619	416701	83	831.48	743	1529
417014	417034	21	129.19	137.5	144
418355	418382	28	124.89	154	158
418971	419076	106	221.24	92	513
421465	421632	168	414.30	181	1029
422119	422131	13	84.85	94	96
423656	423742	87	2013.18	1673.5	3179
424490	424587	98	289.44	296	335
424903	424952	50	1813.04	2174	2650
425024	425051	28	193.71	202	309
425123	425154	32	402.69	150	1714
425251	426031	781	165.26	97.5	631
426836	426875	40	172.32	5	2685
427290	427686	397	290.62	86	1926
429556	429560	5	188.00	235.5	237
430728	430898	171	541.25	136	2240
432849	432851	3	59.33	89	90
433857	433862	6	64.00	77	78
434646	434664	19	86.63	91	109
435091	435097	7	133.29	157	160
436265	436281	17	77.12	81.5	86
438127	438241	115	1388.80	1566	2317
439166	439283	118	2821.31	4683	5117
441141	441184	44	5.16	5	6
442436	442478	43	4.44	5	5
444213	444264	52	71.56	70	99
444598	445248	651	2498.03	890.5	8013
448221	448450	230	3739.94	2996	7965
448583	449149	567	259.14	182	1005
449705	449831	127	52.33	55	78
449868	449955	88	46.70	48	77
450121	450126	6	509.17	611	612
451692	451721	30	16.80	17	19
453326	453398	73	62.00	70	74
454321	454329	9	81.67	89.5	104
454756	454827	72	1253.94	80	3992
457178	457296	119	5.46	5	9
459328	459332	5	5.60	7	7
462013	462015	3	0.67	1	1
463836	463953	118	19.94	9	49
464137	464157	21	9.86	9	14
464935	465044	110	0.96	1	2
466508	466563	56	677.84	686	881
466666	466756	91	1160.31	490	5075
468304	468416	113	50.39	55	74
468699	468776	78	56.29	65	72
470331	470339	9	18.56	21	22
474064	474312	249	22.29	9	108
474622	475055	434	96.24	27	804
475506	475825	320	9.75	6	41
476087	476100	14	1.86	2	2
476335	476336	2	2.50	5	5
478911	479042	132	3.18	4	6
479529	479556	28	14.86	15	17
479647	480061	415	1603.84	202	8026
481157	481318	162	3.41	4	4
485940	485989	50	623.98	77	1345
487883	487909	27	254.85	244	312
488675	488686	12	407.08	446	455
490488	490501	14	171.00	185	190
492709	492808	100	1853.21	134	4603
494057	494378	322	1198.51	629	3677
494937	495164	228	1014.03	16	3998
495903	495926	24	58.38	61	66
497393	497509	117	85.78	64	158
498899	499018	120	760.62	49	2164
500120	500130	11	32.45	38	39
502580	502627	48	771.17	1241	1305
504425	504442	18	167.44	175	190
505076	505373	298	724.70	60	2794
505884	506144	261	61.25	58	87
507132	507135	4	34.75	45	49
507886	508121	236	100.03	99	170
509064	509351	288	1037.17	79	5651
510936	510964	29	1456.62	1557.5	1641
512405	512805	401	132.63	59.5	506
515677	515692	16	10.88	12	12
516578	516999	422	164.30	83	557
518134	518284	151	178.42	187	209
518471	518572	102	514.63	157	1515
519407	519533	127	516.06	301	1856
520593	520596	4	14.25	18	21
522511	522741	231	1352.58	443	3684
524068	524080	13	113.46	99.5	259
525407	525423	17	77.06	83	88
526489	526548	60	841.73	136	1856
527671	527685	15	80.80	85	101
530005	530052	48	246.58	243	291
530215	530305	91	191.57	183.5	289
531180	531322	143	53.30	53	102
531785	531990	206	547.43	37	3100
533200	533201	2	39.00	78	78
533838	533850	13	155.46	166	185
535207	535210	4	61.75	79	90
536588	536611	24	122.17	131	136
537374	537801	428	1773.50	417	8011
537916	538236	321	147.72	120.5	284
539680	539972	293	655.56	214.5	2325
541947	542009	63	941.56	69.5	2514
542460	542465	6	99.33	116	129
543006	543007	2	160.50	321	321
546231	546321	91	348.82	372	428
547150	547327	178	525.83	196	1535
547673	547782	110	654.08	684	1017
548023	548133	111	230.85	190.5	472
549577	549588	12	250.08	272	288
550096	550216	121	274.86	233	399
552461	552471	11	92.82	101.5	106
553462	553468	7	57.00	66.5	67
554066	554205	140	295.32	308	486
559987	560003	17	98.18	107	112
561570	561624	55	502.25	224	896
563230	563236	7	237.43	278	281
563993	564380	388	1513.47	411	5254
565035	565072	38	362.76	384	419
565913	566034	122	293.32	300	415
566122	566125	4	95.75	130	130
566714	567141	428	467.49	489	1156
567520	567954	435	574.99	54	4969
568297	568722	426	3926.22	4140	7999
569851	569867	17	303.00	317	392
570786	570869	84	343.42	344	390
572723	572735	13	377.77	408.5	429
573846	573863	18	244.89	256	298
574290	574346	57	451.61	600.5	686
575151	575154	4	1192.00	1585	1599
578104	578114	11	271.82	302.5	358
578736	578739	4	418.00	557	564
579085	579920	836	1274.18	575	7994
583479	583609	131	1427.66	1677.5	1986
584435	584582	148	108.29	87	177
585348	585387	40	298.73	333	394
586702	586967	266	1986.85	340	5640
587169	587195	27	249.04	253	278
588057	588071	15	75.27	78.5	96
588753	588767	15	98.07	105.5	108
590549	590623	75	78.68	66	159
591059	591529	471	377.50	112.5	2234
592466	592490	25	222.76	235	243
593727	594036	310	1814.22	344	6461
594271	594325	55	942.71	952.5	1207
594404	594503	100	2660.55	389	7624
595245	595288	44	698.43	708	1010
595499	595601	103	3101.38	5049.5	5122
596850	597099	250	2559.88	407	8011
597268	597292	25	608.52	530.5	897
597938	598046	109	109.73	75	238
598866	598983	118	94.28	7	300
600028	600176	149	76.28	71	121
600942	601078	137	449.23	415.5	681
602177	602180	4	265.00	352	368
603669	603718	50	396.00	376	597
604295	604311	17	126.71	136.5	143
604849	604908	60	1118.68	1321	1401
605239	605292	54	1668.76	2798	2837
605746	605768	23	131.74	125.5	199
606465	606475	11	70.36	77	79
607346	607347	2	42.50	85	85
608224	608299	76	633.87	80	1886
610334	610341	8	160.62	182	192
610894	610902	9	63.67	71.5	75
613014	613019	6	60.67	72	76
615225	615308	84	3348.88	5857	6193
615963	616193	231	132.23	123.5	232
620032	620218	187	684.91	31	2355
620558	620559	2	174.50	349	349
621685	621688	4	153.75	204	208
622508	622509	2	82.00	164	164
623068	623166	99	413.38	409	511
626170	626245	76	38.84	42	56
628040	628138	99	67.32	28	239
628301	628312	12	32.58	36	36
629783	629820	38	52.18	27	95
630133	630258	126	880.67	325	3333
630835	630839	5	988.80	1231	1269
632817	632819	3	124.67	187	188
633939	633963	25	488.88	524	619
635263	635336	74	658.38	73	1509
637116	637281	166	696.07	73	1527
638812	638931	120	339.79	156	952
639586	639632	47	517.72	537.5	544
640200	640267	68	1539.57	1751	1882
641288	641298	11	197.82	218.5	221
642730	642742	13	189.54	211	217
643445	643459	15	46.40	50	52
646544	646629	86	230.85	228	321
647110	647256	147	538.93	105	1587
650971	650986	16	122.12	131	132
656816	656877	62	188.85	199	259
657376	657394	19	114.16	121	129
657632	657633	2	110.00	220	220
658333	658629	297	317.69	282	857
658963	659068	106	503.20	62	2019
661037	661116	80	968.58	393	1938
662056	662092	37	544.30	568.5	590
663824	663842	19	161.32	170.5	184
664416	664442	27	2119.19	2202	2218
665693	665746	54	239.59	114	445
666266	666409	144	161.47	145	250
669019	669020	2	38.50	77	77
671488	671609	122	2560.28	351	8007
672687	672691	5	122.40	152.5	155
673895	673908	14	129.50	139	146
674239	674289	51	124.00	127	149
674965	675123	159	920.25	125	7989
677167	677213	47	120.09	116	146
677796	677957	162	262.07	8	1396
679110	679121	12	115.00	122	134
680856	680870	15	263.53	284	293
682076	682079	4	106.25	142	144
683616	683738	123	771.46	821.5	941
684015	684145	131	997.65	129.5	3500
684596	684773	178	2555.62	1451	8001
685689	685733	45	551.76	577	619
686412	686476	65	385.51	154	812
687683	687698	16	115.81	124	130
687924	687927	4	34.75	47	56
688579	688745	167	303.53	31	1981
690353	690363	11	134.45	148	151
692862	692875	14	347.57	389	392
693281	693285	5	52.60	66	66
694552	694611	60	1011.90	1375	2009
696016	696062	47	295.32	295.5	416
696651	696661	11	313.55	348.5	357
698090	698131	42	261.95	147	474
698753	698769	17	4439.12	4712.5	4983
699271	699569	299	580.71	128	3885
700650	700734	85	2017.33	308.5	4180
704546	704553	8	90.50	102	107
707274	707275	2	724.50	1449	1449
708518	708529	12	330.17	362	373
709962	709972	11	51.91	56.5	59
711787	711826	40	149.15	106	252
712340	712341	2	47.50	95	95
715011	715088	78	125.27	110	223
721204	721327	124	2530.65	626	8022
722138	722298	161	397.88	310.5	839
723469	723552	84	133.17	128	184
725489	725497	9	109.78	122.5	131
726584	726647	64	41.66	42	53
727152	727157	6	129.33	156	157
727923	728038	116	132.09	64	242
728985	729048	64	252.70	85	561
731413	731586	174	217.83	192	396
732091	732132	42	89.88	103	154
732511	732666	156	74.52	50	568
733966	734055	90	349.72	402	691
734801	734842	42	3840.52	4011	4036
737144	737393	250	130.43	27	657
739320	739465	146	494.90	362	1326
739964	739986	23	77.35	80.5	86
740275	740558	284	219.73	69	1822
741732	741744	13	112.85	122.5	126
743061	743082	22	85.05	86	107
744445	744571	127	211.24	207.5	608
745343	745800	458	156.54	77	883
747940	747953	14	456.79	491	516
750249	750261	13	476.69	518.5	564
750766	750955	190	463.25	370	1232
751043	751084	42	132.98	136	165
752490	752511	22	160.09	170	180
756608	757070	463	500.56	144	1359
757179	757281	103	37.00	37	55
760087	760271	185	1343.56	48	7375
761091	761271	181	491.53	408.5	1179
762196	762218	23	364.09	382	400
762561	762808	248	276.54	171	673
763709	763981	273	316.87	98	2583
765962	766153	192	347.75	270	758
767372	767373	2	19.50	39	39
768075	768088	14	117.86	126	131
769331	769335	5	38.00	47.5	49
770056	770070	15	285.00	310	323
772203	772273	71	150.99	21	346
772904	773113	210	42.73	7	124
773595	773624	30	1623.50	1714	1809
774081	774514	434	2078.12	1203	8009
776339	776480	142	167.42	164	227
777471	777601	131	668.71	1052	1125
778931	779007	77	80.19	75.5	131
780895	781183	289	2493.66	402.5	7995
783055	783150	96	124.16	130	278
784159	784202	44	108.27	110	119
785268	785278	11	102.36	112.5	117
785582	785675	94	245.90	303	323
789255	789376	122	256.87	106	1021
790694	790697	4	52.25	70	70
791157	791167	11	83.82	92	96
792275	792423	149	1259.46	17	5478
792898	792977	80	1026.01	145	3032
794019	794020	2	66.50	133	133
796212	796223	12	51.00	55	58
796707	796773	67	163.69	145.5	218
797728	797755	28	164.36	147	330
798934	798958	25	983.76	1037	1049
800176	800329	154	405.84	82	1277
802521	802533	13	161.15	174.5	178
806369	806463	95	908.28	1207	1284
806821	806839	19	92.47	98	101
808862	808935	74	70.77	72	81
809540	809634	95	1270.76	1871.5	1934
810265	810268	4	99.00	133	133
810413	810418	6	148.83	177	182
811295	811423	129	242.57	321	372
812735	812799	65	74.48	81	89
814051	814053	3	57.00	85.5	86
815440	815544	105	78.74	79	119
816145	816316	172	3790.31	1227	7999
816872	816882	11	39.09	44	44
817762	817772	11	150.27	158	191
819057	819069	13	83.08	90	90
819376	819388	13	43.38	47	52
820211	820298	88	172.25	178	244
820371	820476	106	1928.32	135	7998
821440	821529	90	1823.51	580	4125
823202	823276	75	102.95	116	137
824012	824032	21	37.57	40.5	46
825353	825361	9	230.11	259	263
826451	826469	19	294.21	279	598
827676	827701	26	225.08	238	280
830268	830281	14	798.29	1063	1095
831002	831111	110	220.64	135	458
831793	831922	130	912.27	168	2566
834482	834558	77	276.42	297.5	455
834829	835101	273	408.26	141.5	1211
836389	836484	96	604.51	924	949
837850	837858	9	274.56	309	311
838354	838426	73	1428.95	221.5	7999
838851	838877	27	34.67	36	41
839430	839579	150	529.05	572	942
843397	843678	282	1979.20	1402	6185
845176	845256	81	257.69	292.5	442
845401	845539	139	363.88	166.5	951
846833	846876	44	74.36	81	97
848935	848961	27	269.15	300	314
850480	850487	8	404.38	460	475
851010	851016	7	81.00	94.5	96
851605	851624	20	316.95	333	338
852978	853091	114	556.86	212	1344
853926	853956	31	805.42	821	1498
854737	854857	121	1066.28	1597.5	1696
855332	855342	11	29.82	33	34
855871	855885	15	81.67	86	95
856321	856323	3	44.00	66	66
856546	856620	75	90.05	97	100
857197	857287	91	375.88	352.5	626
858125	858215	91	141.95	35.5	349
859248	859420	173	141.12	173	263
860273	860356	84	4274.38	7925	8000
860975	860993	19	38.68	40	46
863355	863550	196	30.92	17	72
863908	863916	9	172.44	194	198
864466	864476	11	344.73	380.5	383
865382	865836	455	2148.26	280.5	8013
866845	866979	135	502.64	93	1479
867595	867597	3	155.67	233.5	234
868363	868380	18	453.39	480	486
869152	869156	5	83.00	104	104
870371	870441	71	78.41	88	141
872101	872106	6	27.17	33	36
872755	872930	176	131.56	146	257
873390	873392	3	37.67	56.5	57
875175	875187	13	99.62	106.5	118
876451	876453	3	60.33	90.5	91
876796	876886	91	1541.78	47.5	4853
877205	877211	7	726.57	847.5	859
878145	878362	218	503.01	322	1282
879182	879389	208	155.84	159	244
879636	879962	327	491.38	287.5	1124
880641	880764	124	534.95	364	1245
882208	882219	12	247.00	269	277
883579	883639	61	557.33	99.5	1219
884228	884231	4	86.00	115	117
885018	885111	94	457.68	755	777
885988	886066	79	642.32	768	875
887441	887584	144	1391.55	82	3083
887867	887941	75	540.69	588.5	733
888013	888470	458	903.82	253	6251
889079	889100	22	253.32	264	310
891476	891481	6	77.83	93	95
893755	893756	2	82.50	165	165
894492	894518	27	199.37	212	221
896796	896842	47	30.32	31	35
899441	899733	293	22.88	18	42
899833	899836	4	45.25	60	62
900731	900834	104	239.67	395	429
902699	902874	176	201.31	96	505
903556	903787	232	89.96	85	153
906325	906518	194	266.43	14	1897
907500	907647	148	201.05	158	400
909229	909240	12	81.00	90	90
910333	910337	5	376.20	470.5	475
913281	913291	11	775.09	852.5	855
915203	915209	7	263.43	306.5	311
916836	916842	7	271.00	316.5	318
918415	918457	43	1109.49	1941.5	1996
919538	919539	2	89.50	179	179
919999	920004	6	247.00	297	298
920356	920416	61	2876.49	57	7047
922571	922780	210	83.30	60	258
923513	923866	354	204.62	207	688
924194	924250	57	208.05	212	230
924464	924550	87	194.80	206	267
925424	925570	147	363.14	337.5	718
927086	927410	325	2099.90	353	8013
929784	929786	3	70.00	105	106
930258	930390	133	696.35	755	911
931121	931602	482	91.62	74	196
932023	932032	10	144.00	159	162
932126	932817	692	115.68	21	634
933367	933394	28	121.14	130	140
935237	935406	170	537.34	376	1053
936790	936792	3	88.00	132	132
938188	938414	227	3067.44	975	8006
942285	942346	62	1438.55	1326	3074
943112	943113	2	18.50	37	37
944855	945074	220	1500.50	1854	2981
945597	945690	94	299.07	296	494
945961	945976	16	188.00	210	216
946262	946344	83	902.57	328	2147
946967	947579	613	58.32	18	359
949704	949899	196	1724.72	888	7999
949971	949994	24	944.75	157	6389
950646	950739	94	105.73	126	156
951850	951857	8	778.00	889	911
952089	952090	2	506.50	1013	1013
952817	952927	111	1423.84	66.5	6522
953051	953063	13	53.46	59	61
953361	953460	100	110.40	178	210
954659	954678	20	28.40	30	30
956223	956484	262	42.93	2	282
958066	958118	53	273.42	12	684
960836	960889	54	268.06	245	477
962625	962630	6	81.00	97	99
964656	965106	451	1173.73	189	8010
965164	965176	13	716.46	776.5	810
966722	966745	24	395.88	404	500
968333	968979	647	97.44	42	546
969082	969237	156	51.49	56	63
970780	971027	248	119.26	48	442
972714	972715	2	61.50	123	123
973463	973623	161	2089.20	195.5	7790
973693	973724	32	124.31	128	134
974154	974160	7	126.00	147	147
977416	977516	101	885.87	629.5	1955
978207	978352	146	2245.10	128	5838
979349	979431	83	594.99	481	1186
987019	987072	54	407.50	574	591
988180	988241	62	420.95	358	600
988446	988603	158	433.30	48	2766
991244	991246	3	24.00	36	36
991787	991804	18	86.17	88	137
994169	994172	4	168.25	222	230
994773	994777	5	181.00	228	241
995531	995543	13	78.69	87.5	91
996027	996531	505	202.69	69	1485
997699	998322	624	53.63	46	130
999115	999196	82	103.10	101	154
999542	999606	65	152.57	96	342
1001072	1001141	70	78.23	31	202
1002273	1002281	9	515.67	580	581
1003632	1003674	43	82.49	84	94
1004905	1004928	24	125.25	138	143
1005304	1005695	392	144.48	43	1241
1005765	1005785	21	3512.67	3607	4759
1006080	1006165	86	2314.59	2493	3171
1006247	1006325	79	295.48	234.5	829
1006395	1006447	53	432.15	217.5	1696
1006530	1006664	135	5462.50	7196	7999
1008153	1008469	317	1951.29	40	8013
1008830	1009198	369	131.92	108	563
1010210	1010221	12	238.92	261	261
1010672	1010687	16	216.25	228	241
1011555	1011634	80	682.50	929	1244
1012250	1012262	13	43.92	47.5	49
1012917	1012921	5	717.80	896.5	917
1013486	1013552	67	806.61	253	1654
1015034	1015045	12	125.25	137	138
1015772	1015785	14	70.36	74	85
1016965	1016967	3	126.67	190	190
1017730	1017741	12	956.92	1043	1068
1019369	1019384	16	34.12	37	37
1020321	1020454	134	538.28	41	2240
1026225	1026447	223	1819.56	225	5427
1026733	1027020	288	141.18	64	1479
1027084	1027101	18	50.44	54	56
1032476	1032527	52	56.81	55	109
1034631	1034744	114	2944.75	3345	3495
1035804	1035818	15	214.60	228.5	243
1037292	1037308	17	473.06	504	511
1037588	1037709	122	315.16	219	748
1039018	1039148	131	1650.88	2506.5	2679
1040610	1040627	18	294.17	309	321
1042104	1042236	133	610.94	344	1145
1043392	1044551	1160	298.72	127	1964
1045189	1045508	320	279.45	268	940
1046202	1047053	852	124.73	34	841
1047876	1047957	82	146.32	165	188
1048063	1048087	25	942.92	974.5	1030
1048409	1048713	305	175.67	92.5	488
1049425	1050811	1387	829.65	98	7999
1051043	1051051	9	69.89	76	94
1051478	1051549	72	1291.35	70	4122
1052831	1052926	96	204.06	144	685
1053593	1053599	7	2121.86	2451.5	2577
1054227	1054375	149	3779.43	4552.5	6073
1054613	1054814	202	1160.90	216	6392
1055839	1056157	319	357.38	401	1116
1057223	1058372	1150	88.89	10	1533
1060173	1060323	151	251.23	293	462
1061605	1061676	72	539.24	50	1557
1062103	1062235	133	49.78	56	74
1062419	1062686	268	12.17	6	75
1063341	1063427	87	58.15	25	144
1063710	1063755	46	24.52	25	30
1064938	1064964	27	44.74	50	54
1066872	1067155	284	208.34	11	1121
1067468	1068020	553	131.29	46.5	443
1068552	1068601	50	231.18	84	593
1069927	1069966	40	175.10	7	2711
1070381	1070507	127	200.39	206	271
1071066	1072257	1192	1248.90	42	8013
1072330	1072428	99	545.33	279.5	1022
1074454	1074492	39	95.85	103	121
1076877	1076893	17	231.24	242	261
1078579	1078692	114	375.66	374	510
1079733	1079832	100	232.16	194	371
1081390	1081439	50	962.06	1197	1362
1082866	1082889	24	154.42	159	171
1084108	1084131	24	89.50	91	105
1085026	1085283	258	1586.30	164	6947
1086118	1086214	97	159.12	133.5	249
1087463	1087632	170	147.71	45	745
1088497	1088508	12	32.42	34	44
1090050	1090211	162	413.94	37	1604
1090662	1090683	22	258.86	277	292
1091712	1091742	31	235.03	261.5	268
1092604	1092609	6	79.67	95	97
1094432	1094442	11	118.09	131	139
1098546	1098561	16	258.25	271	316
1099063	1099193	131	424.05	111	1439
1100481	1100513	33	385.97	392.5	427
1100784	1100926	143	1060.05	522.5	3475
1103126	1103155	30	143.90	149	153
1104200	1104744	545	616.64	326	1674
1105414	1105772	359	2254.26	445	8013
1106883	1107082	200	1153.41	1468	3312
1109069	1109178	110	395.20	404	511
1109945	1109946	2	105.50	211	211
1113898	1113953	56	1667.54	2145	2196
1114374	1114448	75	837.61	887	1437
1117189	1117254	66	79.32	78	95
1118197	1118207	11	129.73	142	149
1119760	1119910	151	1760.38	255.5	6703
1120721	1120722	2	48.50	97	97
1121731	1121800	70	1214.10	297	2795
1123035	1123037	3	66.00	99	99
1124830	1124834	5	22.20	27	30
1125240	1125285	46	336.54	344	350
1125368	1125374	7	412.71	471	643
1125975	1126267	293	1981.10	2080	5407
1126640	1126642	3	306.00	459	461
1127642	1127652	11	587.55	789.5	815
1129549	1129553	5	249.40	311	315
1132743	1132745	3	334.67	502	502
1132944	1133090	147	144.74	131	249
1133877	1133934	58	142.47	152	170
1135249	1135385	137	100.01	15	370
1135899	1135904	6	423.50	509	510
1136898	1136957	60	118.02	166	188
1137642	1137672	31	62.68	65	79
1138783	1138895	113	144.14	162	186
1139463	1139468	6	25.00	30	30
1141739	1141832	94	320.94	271	595
1143270	1143526	257	2640.41	914	7992
1144448	1144516	69	868.68	1151.5	1163
1145030	1145031	2	22.50	45	45
1146545	1146593	49	242.16	388	404
1153414	1153675	262	99.63	81	268
1154954	1155008	55	461.62	19	1345
1155816	1156135	320	639.50	106	3074
1156220	1156398	179	375.84	189	2624
1158005	1158076	72	545.25	48	1575
1158503	1158602	100	206.69	225	345
1158696	1158718	23	228.17	237.5	258
1159589	1159660	72	565.18	452	1120
1160285	1160305	21	148.48	155.5	164
1162130	1162197	68	807.07	552	1467
1163473	1163485	13	81.15	88	90
1165164	1165327	164	515.96	96	3031
1166372	1166385	14	1133.43	1268	1287
1167679	1167871	193	508.39	228	4281
1169177	1169185	9	190.22	214.5	221
1169876	1170137	262	1844.42	1542	4752
1170696	1170713	18	385.22	397	462
1171104	1171115	12	163.50	169	227
1172337	1172351	15	128.13	137	144
1173294	1173405	112	134.26	133	259
1174726	1174793	68	85.37	90	99
1175625	1175637	13	459.46	501	534
1177612	1177683	72	148.81	179	272
1178368	1178383	16	6.94	8	8
1181255	1181666	412	348.58	172	969
1182435	1182705	271	1358.90	352	4316
1184407	1184619	213	590.14	311.5	2779
1186438	1186441	4	2.25	3	3
1186874	1187004	131	26.50	23.5	61
1187941	1188104	164	143.31	144	227
1188333	1188609	277	358.52	281	1309
1190147	1190156	10	549.70	617	621
1190694	1190762	69	2065.22	372	4343
1192836	1192856	21	444.67	436.5	646
1193256	1193310	55	234.87	243.5	269
1193878	1193890	13	101.77	108.5	119
1194263	1194272	10	154.30	171	174
1195680	1195704	25	543.16	593	602
1196608	1196624	17	175.41	187	206
1198134	1198156	23	966.70	973	1223
1198697	1198699	3	314.67	472	483
1199213	1199218	6	138.83	166	175
1199651	1199763	113	3672.97	6301.5	6472
1200634	1200638	5	95.60	119.5	121
1201431	1201435	5	224.60	281	376
1202980	1203005	26	72.42	79	81
1205283	1205324	42	41.86	42	48
1206624	1206869	246	119.05	75	405
1207125	1207580	456	2540.42	752	7999
1209079	1209830	752	3282.14	2126	8003
1210140	1210201	62	526.24	577	858
1210709	1211230	522	346.76	334	804
1211585	1211608	24	1551.04	1372	4335
1212296	1212298	3	172.33	258.5	268
1212851	1212853	3	110.33	165.5	166
1213199	1213217	19	181.58	189	220
1213446	1213521	76	1236.53	168	2710
1214866	1214882	17	675.41	716.5	722
1217505	1217637	133	903.86	1348	1401
1218043	1218056	14	82.79	86	112
1219116	1219225	110	1187.21	1583	1895
1221314	1221338	25	119.16	124	129
1225029	1225044	16	135.19	143	150
1225816	1225845	30	105.90	109	122
1226377	1226469	93	144.47	156	212
1226890	1226946	57	1011.51	698	2724
1227439	1227530	92	4735.77	7555	7879
1228143	1228238	96	631.20	43	1860
1228428	1228454	27	296.30	315	339
1229427	1229435	9	163.56	184	185
1230594	1230659	66	1279.68	1359	2150
1232295	1232602	308	402.66	389	1040
1234016	1234295	280	31.31	29	79
1236357	1236571	215	460.29	130	1221
1237223	1237226	4	8.00	11	11
1237896	1237899	4	207.25	276	277
1238644	1238694	51	548.49	113.5	1150
1239526	1239649	124	978.56	100	4486
1240199	1240472	274	242.02	133	939
1241694	1241824	131	142.59	98	408
1243130	1243377	248	553.51	221	1839
1243480	1243582	103	1721.20	1700.5	3124
1245506	1245963	458	2934.09	720	8029
1247901	1247914	14	66.00	72	73
1249169	1249279	111	888.60	81.5	7352
1249352	1249487	136	512.07	251	6582
1250817	1250837	21	290.33	314	320
1251597	1251607	11	194.00	223	233
1252757	1252784	28	108.50	66	735
1254162	1254324	163	184.70	65	676
1255498	1255771	274	135.56	14	579
1256378	1256745	368	193.32	216	334
1257901	1258249	349	632.04	234	5951
1259057	1259618	562	714.89	112	4897
1261972	1262035	64	2833.12	1497	5705
1263083	1263275	193	2369.49	262	8012
1263555	1263774	220	1126.24	349	6759
1264762	1264934	173	145.97	145	182
1265019	1265307	289	681.39	644	1120
1267384	1267397	14	200.36	217	220
1267863	1267880	18	784.44	747	1381
1268286	1268376	91	2590.90	464	5786
1277047	1277272	226	613.68	509	2402
1277648	1277695	48	826.46	763	1251
1278188	1278298	111	5607.06	7987	8001
1279001	1279047	47	572.96	586.5	631
1279471	1279490	20	934.05	982	991
1280019	1280372	354	1129.66	473	3795
1280443	1280484	42	1927.93	2139	2964
1280641	1280678	38	972.79	1096	1298
1281876	1282007	132	1338.90	1496	2239
1282077	1282112	36	1939.06	685	6869
1282184	1282204	21	729.52	512	2903
1282284	1282316	33	2402.55	486	8001
1282387	1282578	192	3436.04	1245	8010
1284313	1284323	11	150.09	163	171
1284990	1285192	203	616.52	197	1512
1286180	1286190	11	161.00	177	193
1286707	1286968	262	302.74	336	462
1287482	1287785	304	249.60	244	332
1288029	1288087	59	1276.25	1293	1871
1288403	1288537	135	1830.95	3085	3595
1290602	1290606	5	64.00	79.5	83
1291566	1291603	38	28.61	30	35
1293584	1293588	5	266.40	343	367
1294066	1294116	51	278.12	306.5	343
1295389	1295419	31	6756.16	8001	8012
1295700	1295703	4	46.00	61	62
1297086	1297128	43	943.47	1568	1577
1299973	1300040	68	2596.79	2146	4445
1300371	1300375	5	695.00	876.5	885
1301054	1301103	50	473.04	84	959
1301494	1301546	53	85.26	75.5	144
1302603	1302678	76	2001.66	91	5351
1302967	1303119	153	1398.01	1623	1877
1303585	1303588	4	54.00	72	72
1307135	1307231	97	173.74	168	305
1307691	1308085	395	1802.12	271	8000
1308980	1308985	6	52.67	63	65
1310231	1310311	81	319.69	255	649
1310861	1310862	2	51.00	102	102
1311988	1312155	168	136.41	114	333
1313158	1313411	254	107.30	98	190
1313499	1313613	115	409.86	222.5	1249
1314184	1314187	4	36.75	49	49
1316729	1316850	122	691.75	512	1683
1317079	1317837	759	183.56	118	1138
1320037	1320337	301	687.06	475.5	1651
1320593	1320617	25	374.36	400	436
1321155	1321166	12	142.08	156	161
1321593	1321748	156	252.72	90	545
1324693	1324694	2	18.50	37	37
1325484	1325493	10	142.90	158	161
1326070	1326080	11	73.55	81	84
1328906	1328908	3	49.67	74.5	75
1329926	1329959	34	35.76	38	40
1330680	1330798	119	1225.08	1755	2410
1331402	1331403	2	54.00	108	108
1331959	1331964	6	153.17	182	189
1333022	1333093	72	105.50	113	123
1333709	1333812	104	2504.58	251	6612
1334212	1334213	2	87.50	175	175
1335488	1335491	4	171.50	228	231
1336946	1336950	5	192.60	240.5	242
1341452	1341464	13	110.23	118.5	125
1342965	1342969	5	70.60	88	89
1344806	1344811	6	50.83	61	63
1350202	1350205	4	201.25	268	270
1351583	1351730	148	2940.75	5362	5650
1352013	1352362	350	136.07	108	278
1354327	1354330	4	45.75	61	61
1358767	1358991	225	216.15	94.5	1079
1360447	1360546	100	244.74	269	334
1361585	1361656	72	184.51	196	219
1362347	1362518	172	779.38	935	1357
1363065	1363130	66	433.77	456	767
1363782	1364307	526	253.65	10	2174
1364704	1364729	26	51.00	52	59
1365213	1365400	188	3351.91	401	7998
1366663	1367371	709	428.79	420	1928
1367720	1367721	2	347.00	694	694
1368754	1368767	14	440.57	474	479
1369392	1369403	12	231.33	249	268
1369797	1369821	25	485.24	523.5	544
1370182	1370187	6	692.50	830	836
1370299	1370379	81	793.65	910	1491
1370596	1370597	2	74.50	149	149
1371357	1371358	2	130.50	261	261
1372619	1372663	45	324.33	335.5	366
1373069	1373084	16	239.25	248	277
1373900	1373912	13	298.77	320	344
1374447	1374459	13	315.23	326.5	393
1374853	1374864	12	266.42	293	314
1375048	1375059	12	294.83	320	333
1375603	1375617	15	174.73	186.5	208
1375837	1375838	2	119.00	238	238
1376205	1376209	5	178.60	223	225
1376468	1376482	15	184.87	194.5	240
1377093	1377097	5	165.80	208.5	210
1377800	1377805	6	176.50	209	225
1378172	1378183	12	202.17	221	236
1378463	1378475	13	361.00	372.5	464
1379304	1379322	19	298.47	325	369
1379602	1379607	6	271.33	343	344
1380253	1380289	37	295.62	326	488
1380863	1380901	39	163.21	151.5	263
1381214	1381380	167	425.56	23	1083
1382512	1382719	208	27.31	21	53
1383926	1383943	18	726.06	765	797
1384193	1384216	24	92.46	96	103
1385606	1385782	177	1093.40	21	3643
1386158	1386164	7	206.71	239.5	251
1388414	1388416	3	22.67	34	34
1391522	1391526	5	76.40	95.5	96
1392552	1392564	13	87.00	95	97
1393672	1393798	127	729.07	312.5	1515
1394945	1395155	211	3628.20	1466	8011
1395828	1395893	66	678.76	738	895
1396974	1397060	87	1040.98	1972.5	2043
1398771	1399035	265	2689.28	1015	8007
1400743	1400935	193	1353.94	240	8003
1403009	1403167	159	283.99	229	575
1403894	1403902	9	135.56	151	160
1404857	1404874	18	121.50	128	136
1406081	1406098	18	349.61	407	557
1407089	1407179	91	229.42	104	693
1409748	1409756	9	190.33	213.5	220
1411134	1411345	212	458.51	501	1105
1412216	1412217	2	68.00	136	136
1413295	1413718	424	94.25	3	704
1417041	1417067	27	62.07	65	70
1417887	1417888	2	60.00	120	120
1420190	1420204	15	121.93	131	133
1421574	1421604	31	2619.13	2707	2711
1422856	1422914	59	1981.39	2029	2138
1424379	1424391	13	76.77	83	85
1425790	1425794	5	37.80	47	48
1427602	1427687	86	3196.51	5303	6208
1428957	1428974	18	961.11	1019	1023
1430605	1430855	251	287.50	86	800
1432278	1432417	140	54.68	55	77
1433282	1433294	13	20.31	23	23
1436199	1436250	52	109.77	113	145
1436995	1437000	6	103.83	126	129
1438042	1438086	45	221.38	247.5	280
1439425	1439428	4	113.00	150	153
1440239	1440244	6	91.83	114	118
1440722	1440895	174	1156.62	375	2759
1441334	1441693	360	1863.93	1282	8002
1442354	1442397	44	941.39	1142	1187
1444903	1444943	41	122.37	124	170
1445739	1445792	54	274.72	294	346
1446024	1446084	61	53.85	56	63
1446926	1446952	27	74.70	78	84
1448026	1448098	73	1236.82	298	3121
1449672	1450187	516	1113.83	146	5881
1450635	1450779	145	80.41	46	245
1450960	1451003	44	48.39	47	57
1451502	1451756	255	451.27	47	1501
1452051	1452071	21	520.05	545.5	557
1454948	1454964	17	54.41	55	76
1455817	1456006	190	591.40	13	3528
1456733	1456777	45	290.04	301.5	354
1457642	1457651	10	591.80	664	669
1458465	1458581	117	297.85	29.5	1391
1459722	1459925	204	354.06	217	1741
1460892	1461430	539	955.94	726.5	8002
1463957	1464047	91	146.86	156	170
1464753	1464754	2	32.00	64	64
1467734	1467802	69	612.30	202.5	1400
1470541	1470847	307	52.97	57	95
1470950	1471118	169	1590.31	21	8003
1471965	1471966	2	25.00	50	50
1472843	1473555	713	286.10	173.5	1353
1473688	1473917	230	4480.89	6215	8001
1476891	1477541	651	2638.10	881	8013
1477875	1477926	52	60.48	58	96
1479661	1479703	43	6.16	6.5	7
1480886	1480999	114	3.36	4	4
1482857	1482974	118	2779.25	4500	4906
1483899	1484028	130	527.37	440	1131
1484473	1484534	62	1111.05	352	2221
1484874	1484976	103	69.85	65	134
1485775	1485781	7	55.43	65	66
1486883	1486894	12	179.25	196	197
1488562	1488624	63	76.81	78	91
1489402	1489407	6	61.17	73	75
1489672	1489684	13	57.00	61	66
1490987	1490989	3	52.00	78	78
1491902	1491920	19	243.89	256	262
1494681	1494707	27	514.74	587	588
1494960	1495063	104	175.17	50	1842
1495682	1495811	130	53.62	51	72
1496037	1496095	59	965.49	1078	1167
1496636	1496988	353	1207.56	476	8012
1497169	1497366	198	964.25	195	4837
1501477	1501516	40	308.02	314	348
1502330	1502585	256	1746.59	679	7997
1502802	1503437	636	1319.27	146	8025
1506006	1506116	111	47.96	40	67
1506996	1507000	5	29.20	38	38
1507877	1507949	73	452.68	505	752
1508196	1508431	236	2678.81	305	8014
1509149	1509159	11	3.64	4	4
1510174	1510187	14	108.07	118	122
1510431	1511134	704	1122.83	667	7997
1512632	1513142	511	4793.44	4648.5	8000
1513920	1514042	123	1310.66	1195.5	3611
1514532	1514553	22	354.82	371	392
1516040	1516044	5	264.80	331	333
1516495	1516507	13	106.77	116	119
1516907	1516980	74	1191.77	347	2498
1517898	1517905	8	382.38	443	450
1519547	1519548	2	76.50	153	153
1521686	1521891	206	128.49	125	183
1524130	1524577	448	78.99	50	269
1524679	1524948	270	301.27	248	4254
1525858	1525869	12	645.42	761	780
1526744	1526769	26	760.50	794	839
1527400	1527771	372	1505.28	1005	4021
1528084	1528140	57	1797.79	3193.5	3395
1532544	1532693	150	317.83	16	1033
1533744	1533922	179	238.57	226.5	458
1534439	1534528	90	144.28	176	219
1535204	1535208	5	72.00	90	91
1536792	1536793	2	85.50	171	171
1537925	1538061	137	1240.97	563	2241
1538755	1538761	7	319.14	370.5	381
1539782	1539835	54	601.81	859	901
1540580	1540696	117	4640.83	7059	8000
1543373	1543442	70	181.07	22	412
1544634	1544701	68	75.99	76	99
1546739	1546771	33	62.97	68.5	73
1547908	1547911	4	30.00	40	40
1548383	1548384	2	22.50	45	45
1548946	1548957	12	96.17	105	107
1554188	1554199	12	200.00	216	227
1555445	1555447	3	170.00	255	260
1556243	1556248	6	61.83	74	76
1556507	1556518	12	155.33	170	173
1557257	1557285	29	167.76	177	186
1557730	1557742	13	312.15	377	417
1560524	1560537	14	114.50	123	127
1561525	1561538	14	164.57	178	180
1564415	1564520	106	3647.97	88	7999
1566120	1566260	141	765.57	158	2406
1566528	1566541	14	209.71	231	235
1567151	1567156	6	270.50	320	342
1568498	1568503	6	151.67	182	184
1569452	1569508	57	1836.32	79	4474
1570043	1570054	12	501.58	553	610
1570613	1570669	57	105.25	126	141
1571735	1571851	117	1307.37	106	6881
1572668	1572834	167	303.31	298.5	705
1572904	1573067	164	914.75	888	1489
1574232	1574412	181	1281.02	18	5768
1577211	1577238	28	53.25	55	59
1580192	1580321	130	2752.12	4059	4545
1581477	1581488	12	359.50	397	430
1584291	1584446	156	3058.09	84	8001
1587078	1587306	229	477.50	475	723
1588465	1588568	104	412.68	488	613
1589754	1589955	202	2241.07	193	8015
1590046	1590108	63	215.90	235	447
1590646	1590648	3	19.00	28.5	29
1594486	1594489	4	43.00	57	58
1594775	1594907	133	44.52	16	186
1595658	1595769	112	13.18	11	36
1597060	1597195	136	15.59	9	53
1600097	1600101	5	8.80	11	11
1602036	1602087	52	161.29	92	280
1603957	1604040	84	2598.27	1129	5470
1604386	1604391	6	523.33	624	637
1605774	1605877	104	402.70	202	2478
1605948	1605955	8	698.12	800	801
1607469	1607623	155	104.70	101	161
1608995	1609149	155	63.96	23	1492
1609690	1609734	45	238.00	276.5	406
1609972	1609974	3	106.00	159	161
1612415	1613000	586	765.62	372	3232
1614282	1614353	72	539.56	57	1558
1614780	1614838	59	45.27	51	55
1614893	1615029	137	130.64	62.5	349
1615714	1615877	164	429.45	255	747
1617968	1617980	13	94.15	101	112
1618482	1618608	127	275.39	89	581
1621606	1621611	6	85.67	103	103
1622877	1622887	11	78.09	85	90
1623812	1623813	2	25.00	50	50
1627915	1627926	12	1737.00	2716	2735
1628263	1628274	12	127.17	144	147
1629244	1629254	11	174.27	197.5	202
1630764	1630828	65	359.57	379	461
1631210	1631259	50	1174.20	2000	2138
1632574	1632599	26	87.77	91	104
1635435	1635685	251	752.00	596	1749
1636478	1636479	2	116.00	232	232
1637545	1637995	451	375.67	422	721
1639841	1639998	158	933.03	431	2601
1640326	1640455	130	5126.26	6905	8007
1640939	1640953	15	151.40	158.5	179
1641374	1641583	210	499.62	154	1245
1642748	1642773	26	1137.46	1161	1270
1643779	1643981	203	554.50	360	2421
1644981	1645223	243	3277.53	1472.5	8008
1645818	1645959	142	1671.65	503	5986
1646773	1647267	495	317.61	233	794
1649456	1649470	15	167.20	179.5	184
1650643	1650644	2	29.50	59	59
1652649	1652650	2	134.00	268	268
1653767	1653856	90	3054.76	107	6814
1654619	1654695	77	1693.43	1301	2484
1655314	1655316	3	73.00	109.5	111
1655587	1655610	24	79.42	80	101
1656592	1656595	4	82.50	110	111
1657241	1657274	34	134.44	139	145
1658391	1658441	51	311.63	410	446
1658868	1658879	12	35.75	39	40
1660481	1660609	129	440.71	59	1453
1661396	1661399	4	171.50	228	230
1662321	1662387	67	134.90	100	233
1663408	1663589	182	473.85	32	2617
1664376	1664449	74	133.50	146	172
1664786	1664876	91	118.00	113.5	171
1665342	1666028	687	946.57	448.5	4743
1666788	1667056	269	217.78	190	675
1667678	1667680	3	304.33	456.5	457
1667798	1667867	70	30.57	27	79
