#start	end	length	mean	median	max
1	173	173	5.03	2	81
1329	1332	4	7.75	10	11
2038	2043	6	19.33	23	28
4381	4429	49	46.20	59	77
8326	8415	90	2.62	0	16
9268	9274	7	2.86	3	5
10217	10366	150	9.41	3	138
11102	11104	3	36.67	55	55
11732	11792	61	24.69	6	170
13113	13182	70	24.71	25	46
14524	14584	61	8.30	8	13
15962	16017	56	1.29	1	3
17682	17711	30	4.87	3	12
18204	18282	79	10.77	10	51
19000	19033	34	49.06	54	57
21609	21633	25	14.12	1	61
22522	22531	10	2.20	2	3
23951	24149	199	42.63	1	636
25170	25172	3	42.67	64	65
27241	27286	46	64.54	78	99
27845	27846	2	20.50	41	41
30523	30525	3	11.33	17	17
30928	31100	173	28.03	18	76
31518	31578	61	6.41	5	23
32089	32334	246	19.77	6	582
32530	32542	13	186.23	201.5	233
33695	33757	63	5.40	2	26
34874	34924	51	3.88	3.5	7
36509	36555	47	2.49	2	4
37267	37359	93	1.25	1	3
37966	38073	108	6.72	6	13
38224	38230	7	9.00	11	11
40019	40051	33	2.67	3	4
40574	40594	21	23.71	28	29
42395	42414	20	5.95	5	10
44188	44304	117	38.44	36.5	116
48894	49016	123	2.94	0	137
49473	49481	9	74.89	85	87
50589	50671	83	5.39	4	14
52142	52147	6	10.00	12	12
52760	52866	107	2.30	2	6
54913	55065	153	6.50	1	137
56026	56046	21	1.43	1.5	2
56179	56334	156	6.16	6	17
56616	56662	47	36.40	33.5	65
57785	57788	4	9.75	13	13
58173	58175	3	10.00	15	15
58635	58825	191	15.00	3	175
58961	59050	90	177.20	190	296
59411	59495	85	27.53	14	53
63078	63131	54	5.83	6	10
64146	64159	14	0.93	1	1
65447	65453	7	0.86	1	1
65533	65840	308	6.78	3	34
67188	67207	20	37.25	23	95
67511	67628	118	273.61	25	1630
68800	68802	3	26.67	40	40
69034	69045	12	14.08	14	21
71026	71065	40	1.05	1	2
71351	71400	50	13.60	10	35
71740	71762	23	6.35	7	7
72366	72447	82	6.54	1	32
75648	75649	2	7.00	14	14
76865	76871	7	6.29	7	8
77655	77678	24	20.17	23	25
79119	79218	100	13.19	7	72
79579	79766	188	2.38	2	7
80949	80966	18	2.83	3	3
81135	81170	36	2.11	2	4
82806	82843	38	7.29	8	9
84784	84785	2	6.50	13	13
85251	85258	8	48.62	54	64
85937	85957	21	5.62	3	13
86678	86775	98	18.85	2	51
87958	88019	62	2.45	1	7
89826	89837	12	10.67	12	12
91239	91259	21	49.19	55	59
91962	91964	3	44.33	66.5	67
92271	92389	119	23.15	12	127
92726	92763	38	31.08	34	45
93142	93214	73	75.08	46	244
94835	94991	157	0.70	1	2
95145	95154	10	5.50	7	7
96301	96451	151	8.05	4	72
96713	96819	107	81.73	76.5	192
97129	97199	71	12.52	9	119
97344	97374	31	142.16	150	194
97699	97733	35	40.86	30	78
98658	98734	77	4.17	3	9
99530	99534	5	10.40	13	13
102368	102556	189	1.35	1	4
103322	103323	2	3.50	7	7
105914	106022	109	19.00	9.5	118
107385	107551	167	91.15	47	320
107936	108002	67	1.19	1	4
109155	109168	14	3.07	4	4
110752	110804	53	3.62	2	29
113035	113082	48	63.56	90	95
113293	113300	8	60.12	69	70
114944	114948	5	7.20	8.5	11
116401	116502	102	4.04	1	77
116893	116903	11	21.09	23.5	25
117330	117333	4	2.25	3	3
119680	119825	146	5.95	4	44
120066	120072	7	52.43	61.5	63
120748	120766	19	11.89	13	14
121733	121891	159	2.05	1	11
122159	122162	4	15.25	21	21
122844	122895	52	1.60	2	4
122965	123318	354	5.05	2	26
124258	124572	315	4.96	5	12
124930	125357	428	16.64	1	408
126111	126142	32	68.50	83	93
127737	127739	3	3.33	5	5
130035	130154	120	13.93	9	41
130674	130688	15	10.73	11.5	12
132039	132147	109	34.72	2	336
132892	132894	3	6.67	10	10
134293	134348	56	4.61	4	10
135354	135370	17	53.59	65.5	75
136265	136271	7	3.43	4	4
136890	136896	7	20.57	25	28
137545	137553	9	43.89	49.5	51
139037	139097	61	492.52	446	1030
139515	139517	3	54.67	82	82
140424	140445	22	8.50	10	11
141865	141957	93	13.78	4	99
143867	143953	87	3.49	0	26
144680	144715	36	12.47	14	15
146726	146812	87	10.15	11	21
148451	148683	233	8.76	8	31
149395	149446	52	3.08	1	21
151497	151576	80	45.60	39	132
151853	152079	227	32.48	31	108
152554	152556	3	0.67	1	1
153454	153481	28	2.25	3	3
153800	153803	4	9.00	12	12
154401	154416	16	20.50	22	23
155041	155112	72	3.33	4	13
156229	156306	78	7.91	4	20
157450	157531	82	15.88	3	91
158987	159070	84	3.14	3	5
159419	159421	3	4.00	6	6
160664	160713	50	3.80	1	23
161023	161068	46	10.28	3	74
161693	161710	18	32.28	35	53
162200	162338	139	6.89	3	20
163038	163041	4	25.25	34	34
163768	163826	59	19.63	19	30
164973	164983	11	2.18	3	3
165884	165924	41	15.10	14.5	51
167110	167120	11	12.82	14	16
167571	167586	16	0.00	0	0
170666	170769	104	1.92	1	4
173081	173088	8	112.50	127	136
173341	174546	1206	7.30	5	77
174727	174736	10	4.20	5	5
175277	175301	25	0.96	1	1
175716	175725	10	11.20	13	14
176320	176343	24	4.04	4	5
178176	178177	2	1.50	3	3
179987	180016	30	1.33	1	3
180881	180958	78	5.42	3	24
182339	182407	69	10.90	9.5	18
182858	182879	22	0.95	1	1
185187	185244	58	5.31	5	8
188655	188882	228	5.04	4	23
190089	190092	4	4.50	6	6
190822	190851	30	0.90	0	2
193047	193064	18	0.61	1	1
194232	194248	17	5.94	6	8
194969	195016	48	244.60	298	400
195410	195440	31	431.74	444.5	476
195966	196160	195	432.82	123	1948
196866	196934	69	163.43	169	197
197358	197423	66	320.52	253	577
198033	198109	77	74.13	67.5	109
198347	198412	66	29.55	8	151
201170	201455	286	5.40	2	26
202746	202751	6	30.83	37	38
204417	204418	2	1.00	2	2
204734	204991	258	23.70	7	117
205946	205970	25	17.36	18	19
206250	206255	6	22.83	27	28
207252	207260	9	46.67	51.5	59
208914	209143	230	51.81	0	991
210143	210200	58	4.72	3	10
210591	210606	16	0.88	1	2
213016	213061	46	4.43	2	13
214043	214132	90	0.20	0	3
214313	214781	469	1.63	1	6
215727	215753	27	2.59	3	4
216639	216806	168	777.93	1	3786
217887	218001	115	193.23	1	1865
219094	219106	13	7.38	8	8
219746	219759	14	14.43	15	18
221614	221662	49	32.84	6.5	124
222836	222912	77	16.58	7	69
223705	223721	17	740.71	797	906
223826	223921	96	3.59	2	65
225387	225589	203	26.53	0	157
225770	225808	39	101.46	128	144
226148	226152	5	4.00	5	5
227167	227168	2	3.50	7	7
227664	227986	323	8.94	2	276
228278	228280	3	30.00	45	45
229061	229472	412	5.51	5	18
229552	229638	87	0.99	1	2
230161	230205	45	7.89	8.5	10
233101	233269	169	7.95	8	26
233891	234018	128	12.16	3	140
234646	234649	4	0.00	0	0
236006	236137	132	3.84	1	25
236681	236685	5	4.40	5	7
237322	237325	4	7.50	10	10
237917	237924	8	7.25	9	9
238498	238704	207	2.10	1	25
239437	239493	57	0.60	0	3
240463	240465	3	0.67	1	1
241139	241141	3	2.67	4	4
241751	241940	190	190.80	126	476
242139	242196	58	68.19	4	442
242371	242501	131	181.81	20	2298
242628	242644	17	423.94	496	518
244679	244684	6	14.50	17	18
246709	246724	16	14.12	13	45
249264	249344	81	5.52	4	22
249416	249506	91	3.62	2.5	20
249756	249767	12	44.25	49	49
250047	250056	10	61.10	68	69
251635	251710	76	1.76	2	8
252455	252631	177	526.19	1	3438
254090	254181	92	193.53	6	1239
255376	255472	97	2.37	2	4
256031	256034	4	80.00	108	109
257586	257621	36	18.61	19	29
258667	258842	176	604.24	281	2461
260695	260795	101	6.64	4	24
261912	261947	36	21.83	16	72
262086	262102	17	379.24	406	420
263105	263157	53	13.08	4	99
264424	264441	18	2.83	3	3
264515	264657	143	6.76	3	22
265216	265221	6	1.67	2	2
266068	266078	11	5.45	6	7
267495	267566	72	1.03	1	6
269597	269601	5	8.00	10	10
271123	271158	36	9.75	12	15
271762	271784	23	99.13	102	119
272565	272673	109	17.89	8	226
273265	273320	56	9.46	7	21
276505	276558	54	1.89	2	3
277120	277170	51	35.86	34	76
279331	279338	8	11.50	12	16
280182	280189	8	28.38	33	34
281006	281100	95	5.60	6.5	11
282484	282494	11	3.09	3	4
283023	283024	2	22.00	44	44
283757	283763	7	74.29	88	92
284124	284198	75	18.31	21	26
284625	284636	12	21.00	26	29
285648	285776	129	11.80	12	29
286029	286033	5	5154.00	6445.5	6459
286175	286188	14	4171.00	4506	4908
286306	286317	12	1117.50	1223	1402
286510	286545	36	2007.00	2327	2401
289621	289626	6	3.83	5	5
290872	290881	10	0.00	0	0
293288	293328	41	13.98	15	16
293527	293709	183	10.84	2	142
294924	295041	118	79.46	13	734
295675	295902	228	3.22	2	12
296320	296376	57	1.53	1	6
296450	296546	97	3.04	3	6
297774	297782	9	69.67	69.5	100
299022	299158	137	10.36	7.5	81
300248	300357	110	280.43	212	694
300835	300940	106	108.93	100	1245
301037	301063	27	379.44	366.5	641
302660	302811	152	2.41	1	34
303172	303279	108	40.98	16	442
303430	303444	15	86.67	94	98
304312	304334	23	2.52	2	7
304917	304927	11	31.64	35	36
305090	305095	6	16.00	19	20
305165	305232	68	13.29	13	29
305551	305555	5	4.00	5	5
306369	306488	120	2.63	3	8
307149	307151	3	1.33	2	2
308409	308445	37	25.27	27	37
309733	309805	73	48.10	46.5	67
310460	310504	45	436.91	218.5	1401
310985	310993	9	337.33	379	382
312428	313040	613	1257.08	717.5	5734
318128	318174	47	4.89	3	42
319051	319057	7	415.00	491.5	627
319265	319347	83	7.66	2	82
320107	320181	75	6.68	7	9
321571	321680	110	2.51	1	6
322272	322361	90	1.71	2	2
323247	323344	98	3.72	4	10
323597	323820	224	4.22	3	20
323953	324059	107	525.24	319	1246
324231	324354	124	1354.89	833	2918
324454	324601	148	63.99	1	2048
325540	325697	158	0.70	0	15
325836	325996	161	10.84	4.5	187
326108	326125	18	254.67	260	299
326432	326726	295	30.54	5	223
326922	327020	99	82.77	53	180
327318	327339	22	483.68	511	603
327541	327658	118	96.04	14	1061
329189	329221	33	1.39	1	3
329330	329485	156	1.06	0	4
329984	329990	7	5.57	6.5	7
330204	330340	137	3.34	1	23
330623	330634	12	18.50	21	22
331320	331414	95	3.97	4	16
331559	331770	212	2.92	2	10
332008	332028	21	2.48	3	3
332188	332316	129	2.02	2	4
332764	332810	47	0.98	0	5
333108	333116	9	117.33	133.5	136
333459	333465	7	1.71	2	2
333568	333687	120	48.47	24	134
333925	334131	207	23.52	4	672
334546	334654	109	8.31	7	20
334901	335046	146	10.90	9	21
335212	335405	194	0.88	1	6
335664	335686	23	3.00	3	5
336563	336638	76	3.39	3	6
337470	337712	243	7.60	4	33
338340	338403	64	4.59	4	7
338575	338777	203	6.30	3	21
338871	339038	168	5.54	3	29
339378	339447	70	9.34	9	19
339547	339592	46	11.54	12	14
339779	339886	108	34.45	8	101
340239	340324	86	14.53	12	26
341270	341304	35	15.97	18	18
341476	341599	124	1.88	1	9
342221	342255	35	2.43	3	6
343042	343110	69	4.72	4	10
343267	343483	217	3.32	1	23
343625	344031	407	7.74	4	35
344494	344526	33	0.18	0	1
344902	344968	67	0.09	0	1
345263	345419	157	2.75	1	15
345819	346296	478	8.06	3	47
346423	346660	238	0.48	0	3
346817	346825	9	8.56	10	10
346891	346953	63	1.79	1	7
347134	347295	162	0.31	0	2
347614	347667	54	18.41	12	37
348043	348222	180	2.48	2	11
348625	348967	343	7.38	6	34
349355	349382	28	25.36	27	30
349689	349838	150	56.37	25	181
349956	349961	6	44.50	53	55
350049	350135	87	41.26	41.5	67
350289	350324	36	41.08	43	51
350512	350588	77	4.25	3	13
350730	350802	73	12.18	6	27
350986	351015	30	18.93	21	24
351172	351487	316	18.06	20	43
351658	351855	198	5.82	3	33
352018	352194	177	3.94	2	14
352525	352974	450	0.63	0	3
354658	354690	33	8.64	10	13
355471	355489	19	2.11	2	3
356342	356376	35	12.91	13	17
356818	356904	87	3.70	2	7
357094	357195	102	6.75	4	18
357517	357534	18	6.33	7	9
357901	357903	3	11.33	17	18
358181	358217	37	39.30	21.5	91
358488	358605	118	138.11	130	324
358752	358795	44	0.48	0	1
358940	358941	2	1.00	2	2
359053	359299	247	1.60	2	3
359483	359484	2	6.50	13	13
359608	359689	82	8.24	10	12
359969	360018	50	5.76	3	24
360484	360640	157	0.69	1	1
360869	360885	17	12.06	11	23
361048	361090	43	2.35	3	3
361595	361661	67	11.63	16	21
361851	361950	100	9.09	10	13
362731	363006	276	14.66	8	70
365494	365497	4	3.75	5	5
367614	367827	214	2.03	1	8
367981	368001	21	3.38	3	5
368218	368347	130	23.75	23	41
368417	368429	13	3.23	4	4
368509	368612	104	4.52	3	13
369051	369053	3	8.00	12	12
369660	369682	23	5.52	6	8
370436	370437	2	0.50	1	1
370918	370992	75	1.88	1	39
372367	372368	2	0.50	1	1
373281	373300	20	0.95	1	1
373565	373570	6	5.83	7	7
374207	374366	160	97.95	7	368
374940	374949	10	66.70	73	78
376917	377004	88	10.90	7	21
377782	377784	3	2.67	4	4
378442	378452	11	10.36	12	15
379035	379081	47	8.34	1	59
379724	379756	33	1.55	1	3
381680	381739	60	2.38	3	5
382184	382300	117	10.01	5	27
382610	382775	166	4.12	2	10
382917	382973	57	7.28	9.5	12
383166	383229	64	6.11	7	13
383310	383386	77	0.87	0	2
383452	383669	218	24.76	0	136
385035	385043	9	24.78	29	30
386166	386170	5	162.00	197.5	227
387155	387241	87	3.63	1	47
388709	388714	6	1.67	2	2
389876	389952	77	40.86	32	152
390559	390656	98	749.92	646	1953
390891	390897	7	14.29	17	17
391198	391210	13	0.92	1	1
392744	392827	84	1.27	2	2
394694	394728	35	7.46	7	12
395521	395599	79	54.90	28	148
395848	396029	182	20.95	10	294
396288	396311	24	62.33	56	112
396555	396694	140	6.44	4	25
398120	398178	59	2.37	1	10
399985	400069	85	6.35	5	11
400901	400922	22	8.14	9	10
401592	401764	173	7.18	5	87
401966	402170	205	56.95	47	120
402561	402565	5	3.20	4	4
402800	402933	134	1.81	1	4
404422	404532	111	1.32	1	3
404725	404727	3	2.67	4	4
404863	404924	62	2.05	2	7
406236	406257	22	2.18	2	3
408019	408022	4	7.25	10	10
408968	408979	12	253.67	237	359
409208	409269	62	53.94	29	249
410035	410073	39	1.13	1	2
410773	410783	11	1.73	2	2
411216	411341	126	18.67	5	69
412089	412093	5	3.20	4	4
412778	412794	17	16.82	18	19
414313	414483	171	224.81	218	536
417094	417098	5	6.20	8	8
417681	417705	25	1.76	2	2
418342	418358	17	1.88	2	2
419514	419516	3	2.00	3	3
421647	421760	114	1.25	1	5
422418	422425	8	29.00	33	34
422777	422876	100	2.49	1	46
423477	423491	15	7.67	8	9
425915	426169	255	1.11	0.5	10
428098	428136	39	2.23	2	4
429151	429206	56	6.71	8	11
430029	430038	10	16.70	19	20
430549	430555	7	37.29	47	47
432299	432434	136	49.49	42	108
432612	432614	3	71.33	107	110
433362	433457	96	1.20	0	15
434996	435010	15	6.47	7.5	9
435896	436019	124	7.81	1	51
438104	438163	60	5.27	5	9
439803	439816	14	159.29	126	321
440768	440774	7	75.14	87.5	99
441309	441434	126	37.16	2	561
442477	442562	86	93.94	65	215
442821	442852	32	3.66	3	12
444551	444627	77	16.91	12	46
445180	445199	20	1817.70	2219	2552
445332	445364	33	1072.27	1071.5	1276
445917	445993	77	1549.27	9.5	7692
447062	447069	8	1.75	2	2
447250	447409	160	2.64	2	23
448607	448609	3	1.33	2	2
450044	450063	20	11.55	14	15
450135	450292	158	149.48	58	391
450479	450519	41	95.39	91.5	146
450590	450647	58	91.24	78	138
451128	451144	17	11.24	12	13
451451	451542	92	168.53	96	373
453090	453268	179	9.65	1	58
454376	454403	28	30.25	34	38
454914	454983	70	2.60	2	5
455479	455505	27	12.96	16	17
455707	455826	120	18.59	10	148
456631	456637	7	234.57	270.5	284
457937	458166	230	31.23	18	114
459010	459084	75	36.11	6	126
459379	459426	48	22.88	24	31
460024	460092	69	5.67	6.5	9
461314	461324	11	3.18	3.5	4
464916	464963	48	31.56	23	57
465252	465260	9	16.89	16	33
465744	465855	112	3.97	1	37
467359	467423	65	7.52	6	19
468009	468017	9	26.56	29.5	32
468966	469062	97	31.32	31	56
470251	470581	331	424.39	243	1383
472856	472858	3	0.00	0	0
473963	473967	5	0.80	1	1
474820	474833	14	23.71	25	36
475362	475394	33	34.42	38	46
475575	475579	5	20.20	25	26
476027	476058	32	22.72	22	32
478185	478205	21	2.86	3	5
479514	479597	84	75.36	77	144
480033	480061	29	324.83	372.5	670
481862	482040	179	5.84	2	25
482389	482477	89	42.12	2	242
483626	483657	32	4.88	5	7
485558	485562	5	13.40	17	17
486889	487008	120	1.34	1	8
488365	488452	88	1.57	2	4
488882	488883	2	0.00	0	0
490633	490725	93	4.95	4	41
491725	491752	28	6.14	7	8
493429	493459	31	18.71	18.5	31
494162	494293	132	2.55	2	12
494987	495019	33	0.97	1	1
496187	496254	68	33.12	3	99
497428	497564	137	3.76	3	10
499326	499385	60	5.57	7	8
499737	499745	9	3.56	4	4
500526	500538	13	8.00	6	15
502656	502721	66	16.36	12	52
503517	503630	114	21.84	18	79
504345	504456	112	57.40	52	115
505495	505500	6	22.83	27	29
506506	506509	4	7.50	10	10
507215	507371	157	30.59	4	123
508769	508826	58	1.26	1	4
510051	510060	10	1.80	2	2
510730	510865	136	18.38	2	481
510968	511059	92	261.78	241	393
511405	511464	60	288.93	305	471
512467	512473	7	57.00	65	70
513359	513552	194	141.96	89	489
515131	515136	6	342.33	416	417
516391	516549	159	49.99	45	141
516916	517016	101	25.35	1	344
517785	517795	11	3.00	3	4
518381	518724	344	720.87	0	8008
519019	519086	68	1342.26	987	2939
520500	520591	92	1097.92	1013	1936
520931	521023	93	187.98	150	535
523319	523328	10	80.60	89	93
524856	524861	6	127.50	153	154
525126	525160	35	75.11	76	90
525380	525482	103	14.23	11	48
525720	525727	8	28.50	27	55
525953	526040	88	9.11	9	28
526431	526457	27	8.26	8	11
527196	527241	46	9.22	6	35
527887	527893	7	1.57	1	6
529688	529689	2	5.00	10	10
530218	530221	4	3.50	5	5
530903	530910	8	2.12	2	3
531517	531715	199	9.66	2	66
534338	534376	39	0.36	0	1
535754	535761	8	4.50	5	6
536839	536948	110	0.62	0	3
537996	538179	184	0.75	1	3
538263	538344	82	1.33	1	3
538576	538581	6	11.33	14	15
538900	538940	41	18.66	21	24
539778	539878	101	22.21	5	93
540152	540324	173	459.79	37	1875
540595	540813	219	5.15	2	18
541503	541510	8	10.62	11	15
542432	542580	149	15.91	4	358
543244	543309	66	28.15	7	111
543772	543827	56	3.73	3	7
546408	546476	69	583.30	527.5	2572
546825	546885	61	22.21	15	109
547867	547877	11	48.36	53	59
548916	549041	126	28.33	18	124
551304	551360	57	2.98	3.5	8
552936	552946	11	41.64	46	46
553211	553267	57	1.16	1	8
553673	553683	11	2.45	3	3
554125	554191	67	2.01	2	3
558134	558201	68	3.76	5	7
559510	559521	12	5.00	5	8
559882	559889	8	2.50	3	4
562561	562567	7	19.43	22.5	24
564050	564196	147	11.65	9	29
565142	565151	10	5.70	6	7
566187	566198	12	3.67	4	5
568113	568118	6	2.50	3	3
569578	569750	173	5.11	3	70
571074	571111	38	19.03	20	23
572012	572018	7	50.57	62	63
572781	572794	14	55.00	62	88
573665	573673	9	10.67	11.5	14
574838	574844	7	7.29	9	10
575181	575228	48	11.69	11	25
575811	575864	54	26.19	27	43
577629	577661	33	1.67	2	2
578517	578564	48	63.31	26	205
580014	580027	14	7.43	8	9
581396	581400	5	0.80	1	1
582748	582790	43	0.88	0	6
585007	585242	236	42.64	8	208
585864	585896	33	13.73	15	18
586722	586723	2	3.00	6	6
588601	588630	30	0.87	0	6
589600	589699	100	2.65	1	20
592399	592536	138	2.18	2	6
593347	593378	32	45.97	47	55
593790	593890	101	9.24	2	127
595178	595184	7	3.43	4	4
595437	595465	29	0.00	0	0
595766	595903	138	1.94	2	4
596138	596194	57	24.93	26	38
596369	596690	322	159.47	3	8003
597747	597855	109	515.90	7	4262
599227	599267	41	2.37	2	4
600179	600255	77	10.35	2	95
601500	601514	15	6.67	7.5	8
602796	603026	231	56.08	11.5	320
605028	605103	76	1.96	1	6
605659	605812	154	1.89	1	10
606263	606271	9	8.00	6.5	14
607202	607232	31	16.13	17	32
608442	608595	154	4.28	1	19
610120	610225	106	2.92	3	15
610883	610957	75	29.17	3	477
612284	612300	17	466.12	497.5	503
613189	613197	9	34.78	47	49
614764	614797	34	5.26	1	30
617263	617616	354	1.48	1	11
619505	619615	111	3.70	1	35
620087	620090	4	12.00	16	16
620974	621166	193	1.65	1	4
621542	621600	59	1.56	2	2
621699	621734	36	2.97	2	5
621885	621889	5	5.20	6.5	7
622277	622369	93	2.15	0	32
622802	622838	37	2.54	3	3
623133	623164	32	1.84	1	4
623615	623817	203	9.98	6	35
624035	624089	55	1.87	2	3
624324	624355	32	3.84	5	5
624644	624954	311	2.41	2	7
625675	625756	82	1.01	1	2
625844	626012	169	0.44	0	2
626760	626919	160	506.23	358	1338
627022	627255	234	39.67	10	742
627403	627530	128	21.40	22	52
627688	627810	123	138.89	108	340
628060	628177	118	57.80	33	149
628376	628382	7	207.14	241.5	243
628644	628725	82	13.32	15	44
631132	631191	60	0.47	0	3
631885	631916	32	2.41	2	3
633552	633605	54	12.91	7	42
634278	634281	4	21.75	29	29
635819	635906	88	1.95	1	13
636348	636359	12	37.08	37	49
637131	637137	7	4.29	5	5
637879	637898	20	9.85	10	14
638541	638593	53	11.17	13	16
640094	640100	7	0.86	1	1
641738	641740	3	2.67	4	4
642920	643156	237	6.23	3	40
643658	643693	36	3.86	2	16
644909	645012	104	17.44	15	32
647211	647294	84	34.30	32	78
648162	648172	11	4.27	5	5
648968	649002	35	1.63	1	3
651279	651411	133	4.12	3	16
652600	652619	20	4.80	4	7
652802	652889	88	12.38	10	25
653605	653668	64	82.02	65	167
653789	653817	29	135.17	124	196
653962	654111	150	162.35	92	763
654292	654300	9	12.89	15	15
654574	654708	135	1.00	1	3
654838	655056	219	5.86	4	21
655231	655345	115	18.09	11	72
656196	656274	79	11.22	9	20
656590	656731	142	192.15	135	521
656941	657048	108	20.49	10	201
657256	657391	136	10.38	10	23
657527	657729	203	2.81	1	103
657889	657955	67	87.03	86	117
658109	658634	526	40.30	15	160
658887	658893	7	3.43	4	4
659026	659197	172	57.74	71	118
659315	659399	85	5.27	3	51
659559	659754	196	7.53	6	54
659959	660181	223	75.11	25	350
660583	660633	51	0.94	1	1
660835	660840	6	0.83	1	1
661102	661207	106	2.62	2	7
661871	661986	116	5.04	3	16
662128	662185	58	4.55	5	7
662912	663180	269	3.41	2	12
663433	663434	2	9.50	19	19
663660	663761	102	2.57	2	8
663915	663939	25	0.72	1	1
664189	664507	319	2.90	2	10
664646	664666	21	0.52	1	1
664928	665180	253	5.49	5	12
665415	665431	17	6.41	7	7
665672	665688	17	0.94	1	1
665878	665978	101	8.41	6	19
666288	666573	286	0.95	1	3
666958	667051	94	3.43	3	7
667187	667305	119	0.60	1	2
667657	667744	88	1.98	1	4
667874	668057	184	2.41	2	7
669111	669399	289	2.65	1	12
671271	671289	19	2.05	2	3
671614	671692	79	2.56	2	6
673973	674136	164	6.19	1	41
675493	675853	361	19.74	7	447
676823	676874	52	13.17	17	26
678099	678131	33	8.27	8	11
679389	679402	14	1.57	2	2
680423	680481	59	3.64	3.5	8
680860	680880	21	5.29	6	6
680992	681243	252	2.72	2	7
682364	682454	91	18.09	19	38
682683	682866	184	0.57	0	2
683401	683453	53	0.00	0	0
683757	683761	5	0.80	1	1
684010	684045	36	0.78	0	2
684226	684389	164	0.71	1	2
684642	685012	371	2.54	2	11
685349	685368	20	35.55	37	41
685600	685878	279	2.57	1	13
686824	686832	9	1.78	2	2
687724	687727	4	9.75	14	14
688535	688928	394	46.00	6	445
689076	689267	192	83.28	25	345
689574	689796	223	2.69	2	15
690439	690441	3	0.00	0	0
692917	692918	2	0.50	1	1
695543	695581	39	1.36	1	4
695990	696076	87	61.97	63	111
696362	696459	98	4.42	2	34
697774	697919	146	8.38	9	14
698283	698519	237	2.73	1	9
698721	698791	71	4.13	4	9
699020	699099	80	7.96	2	60
699304	699335	32	36.34	31	60
699519	699664	146	3.44	3	6
699845	700039	195	7.07	7	14
700163	700174	12	18.00	21	22
700523	700573	51	13.10	4	37
700748	700831	84	9.74	6	19
701267	701404	138	26.54	11	87
701672	701681	10	25.30	28	29
701889	701932	44	19.57	4	72
702209	702342	134	12.41	13	25
702584	702602	19	32.47	33	37
703254	703291	38	9.95	10	16
705790	705904	115	9.76	7	23
708591	708633	43	68.95	57	154
711443	711459	17	4.94	6	6
712180	712204	25	41.12	12	130
712352	712409	58	44.52	52	70
713325	713477	153	216.14	73.5	867
714180	714226	47	201.17	207	364
714881	714888	8	13.00	12	21
715960	715991	32	0.69	1	1
718446	718506	61	0.87	1	2
719191	719196	6	13.00	15	17
720985	721074	90	8.78	4	80
724556	724668	113	11.97	3	79
725398	725512	115	12.63	3	110
727313	727321	9	58.00	65	68
728421	728535	115	5.30	3	17
729478	729490	13	111.15	126	130
730244	730433	190	149.89	7	1188
731433	731452	20	82.10	79	144
732752	732892	141	19.20	9	59
734186	734286	101	52.40	49	81
736428	736460	33	0.00	0	0
737383	737402	20	1.45	2	3
739080	739105	26	53.00	49	84
739394	739425	32	4.72	1	23
740041	740105	65	37.49	28.5	104
740616	740627	12	29.58	33	36
741681	741731	51	3.47	3	5
741903	742006	104	3.99	4	7
742256	742258	3	7.67	11.5	12
742922	742974	53	165.64	31.5	589
744046	744190	145	472.26	1	3551
745292	745293	2	8.00	16	16
745681	745687	7	16.71	19	21
746564	746749	186	70.83	52	214
747647	747738	92	1.74	2	5
748810	748840	31	1.58	2	4
749873	749889	17	4.53	5	7
751461	751467	7	5.71	7	7
752002	752037	36	8.89	3	31
753543	753545	3	0.00	0	0
754704	754729	26	0.96	1	1
755270	755286	17	17.06	19	24
756907	756988	82	2.44	2	7
757754	757848	95	14.92	9	47
759283	759420	138	0.33	0	4
760030	760043	14	10.43	12	15
760230	760256	27	22.26	24	28
760914	760951	38	8.53	7	49
761603	761702	100	10.04	12	17
762759	762768	10	10.20	11	12
762889	763007	119	2.84	1	46
763836	763845	10	21.80	24	28
764440	764599	160	10.97	2	83
765570	765678	109	5.62	6	12
766999	767366	368	7.29	2	117
767709	767738	30	6.20	6	7
767919	768321	403	4.49	4	17
768616	768817	202	23.59	16	71
768995	769025	31	18.48	20	23
769182	769236	55	10.20	10	16
769618	769736	119	26.42	25.5	52
770100	770970	871	11.78	3	149
771250	771462	213	18.68	5	85
771706	771995	290	3.71	2	34
772188	772377	190	3.41	3	13
772534	772786	253	2.04	1	7
772964	773064	101	5.01	5	10
773191	773223	33	5.00	5	9
773482	773483	2	8.00	16	16
773691	773692	2	2.00	4	4
773798	774176	379	5.22	3	23
774753	774814	62	10.32	8	82
775019	776395	1377	3.02	1	37
776470	776517	48	5.33	7	8
777481	777484	4	3.50	5	5
777977	777988	12	4.42	5	7
778959	779069	111	3.00	3	12
782367	782375	9	17.22	19	20
784561	784647	87	52.92	45.5	138
786164	786181	18	28.72	32	32
790187	790291	105	11.14	4	113
791138	791140	3	2.67	4	4
791783	791806	24	0.75	1	3
792959	792966	8	0.00	0	0
793159	793198	40	1.30	1	3
793727	793730	4	0.00	0	0
794349	794418	70	8.24	10	18
794939	795014	76	8.79	5	17
798528	798604	77	1.21	1	9
801645	801649	5	13.20	16.5	17
803072	803111	40	141.20	162	210
804282	804367	86	28.95	12	279
804917	804995	79	2.75	2	7
805449	805513	65	2.86	2	9
807731	807806	76	7.01	5	16
808104	808107	4	1.50	2	2
808776	808859	84	7.46	2	100
808935	808958	24	79.25	77	123
809706	809709	4	17.00	23	24
810034	810041	8	612.38	699	705
810216	810353	138	19.24	1	293
812106	812142	37	1.73	2	4
812914	812942	29	13.59	15.5	19
813525	813630	106	182.45	27	737
813754	813813	60	8.95	9	11
814000	814008	9	10.56	12	12
814225	814289	65	8.00	7	19
814458	814692	235	15.03	7	56
814858	814928	71	9.21	10	19
815082	815084	3	8.00	12	12
815241	815483	243	9.12	4	45
815634	815708	75	2.99	1	20
816075	816333	259	1.46	1	3
816585	816586	2	0.00	0	0
816821	817041	221	0.77	0	2
817189	817329	141	4.04	4	9
817387	817403	17	164.65	166	295
817566	817734	169	78.55	10	372
817918	817923	6	4.83	6	7
818059	818171	113	3.63	1	12
818241	818477	237	1.14	1	7
818724	819132	409	28.96	3	207
819370	819431	62	29.61	6	98
819630	819739	110	11.89	7	40
819811	820327	517	2.97	2	11
820808	820813	6	3.17	3	5
821360	821371	12	75.17	84	96
821684	821797	114	3.22	0	35
822907	823039	133	17.41	13	42
824573	824634	62	6.26	1	37
825817	825858	42	19.98	20	24
826078	826088	11	225.09	244.5	275
826281	826384	104	115.35	4	1750
828848	828955	108	20.31	13	54
829202	829620	419	28.85	2	276
830632	830777	146	0.25	0	1
830952	830957	6	0.17	0	1
831786	831845	60	3.63	3	7
832236	832346	111	25.50	10	65
832566	832608	43	38.21	48	52
836167	836193	27	11.15	12	13
837106	837179	74	12.53	1	37
840915	840918	4	2.00	3	3
842156	842213	58	0.00	0	0
844182	844193	12	10.67	11	13
844680	844741	62	83.79	67	187
846187	846449	263	2.17	1	10
847095	847096	2	1.00	2	2
848267	848269	3	3.33	5	5
849128	849237	110	0.67	0	4
851812	851816	5	13.60	17	17
853395	853579	185	0.74	0	5
855273	855363	91	34.70	23	75
857529	857567	39	9.97	3	58
857958	857994	37	0.27	0	3
860915	861143	229	8.26	3	42
861228	861280	53	3.81	4	7
861653	861660	8	3.38	4	4
862507	862530	24	3.17	3	4
863680	863831	152	4.45	2	75
865734	865775	42	7.57	7	27
866010	866017	8	120.62	136	143
866549	866556	8	4.38	4	8
867185	867251	67	109.00	18.5	1295
867513	867517	5	4652.60	5816	5820
869429	869547	119	19.47	20	29
871087	871170	84	5.46	5	8
871651	871684	34	5.06	2	25
871961	871966	6	161.67	196	199
872294	872357	64	2.67	0	12
875368	875384	17	1.94	2	3
876413	876417	5	68.80	86	87
877918	878049	132	2.04	2	5
879430	879495	66	6.39	4	18
881150	881366	217	11.98	5	181
882786	882896	111	0.42	0	2
883950	883972	23	40.17	42	43
884657	884708	52	2.33	2	11
885441	885462	22	6.41	7	7
886513	886570	58	3.59	4	9
886922	886938	17	12.35	14	16
887980	887995	16	0.94	1	2
888168	888187	20	16.40	15	26
889103	889130	28	11.93	13	14
890589	890594	6	71.50	81	97
891576	891761	186	13.20	3	263
892077	892100	24	12.21	13	13
893037	893040	4	34.50	46	46
893872	893890	19	1.84	1.5	3
894242	894264	23	3.04	3	4
894676	894798	123	2.11	1	9
896472	896483	12	1.50	2	3
896937	896952	16	2.50	3	4
898987	899087	101	5.79	6	14
899973	899989	17	20.12	23.5	25
900347	900349	3	258.00	387	399
901007	901060	54	18.30	2	198
901328	901339	12	406.92	451	453
901784	901787	4	3.75	5	5
905283	905363	81	10.73	11	28
906816	906850	35	20.20	14	44
907091	907196	106	0.86	1	2
908481	908495	15	0.80	1	1
908886	909316	431	41.93	34	166
910457	910471	15	4.27	5	5
911501	911532	32	15.56	16	21
911827	911908	82	0.88	1	2
913652	913685	34	3.74	4	5
914412	914441	30	5.60	6	7
914513	914735	223	9.11	7	22
915534	915625	92	2.99	3	6
915902	915906	5	167.80	209	215
916039	916070	32	14.00	14	24
916206	916286	81	3.94	2	8
916512	916592	81	0.94	1	8
918347	918352	6	37.00	46	46
920108	920160	53	9.70	10	14
923091	923098	8	10.88	13	14
923417	923421	5	1.60	2	2
923722	923784	63	3.95	2.5	8
924676	924725	50	5.12	2	17
925852	925857	6	1.67	2	2
926461	926567	107	16.78	5	44
927885	927968	84	0.92	1	6
929121	929122	2	0.50	1	1
931005	931009	5	20.20	25	26
931718	931749	32	7.38	9	10
931927	932054	128	8.57	6	19
932169	932183	15	6.67	7	8
932352	932750	399	1.85	1	8
932925	932989	65	5.48	2	25
933383	933469	87	0.72	1	1
934457	934459	3	1.00	1.5	2
936040	936045	6	4.67	6	6
936537	937027	491	3.73	1	19
937838	937977	140	1.20	0	15
938317	938404	88	4.03	3	11
938597	938609	13	5.46	6	6
939009	939187	179	3.67	1	19
939407	939443	37	78.76	60	147
939666	939891	226	14.32	10	42
940393	940470	78	0.28	0	2
940654	940657	4	9.75	13	13
941512	941603	92	29.47	10	245
941778	941918	141	171.76	136	467
942249	942771	523	69.88	2	600
944522	944529	8	1.00	1	2
945355	945498	144	1.51	2	2
945685	945803	119	24.30	1	366
946206	946212	7	4.43	5	6
946909	946931	23	11.00	3	39
947391	947409	19	4.05	3	8
947725	947820	96	8.08	9	19
947974	948064	91	18.70	19	36
948380	948407	28	12.71	15	16
948579	948649	71	38.55	20	237
948764	948797	34	98.32	111	121
949062	949169	108	59.32	47	160
949305	949470	166	16.75	13	104
949906	950016	111	2.97	4	5
950200	950245	46	14.39	14	22
950549	950695	147	6.29	5	16
951410	951677	268	8.71	6	26
951846	951918	73	2.66	3	4
954526	954536	11	4.55	5	5
954771	954933	163	1.48	1	3
955129	955147	19	6.21	7	7
955367	955447	81	1.98	2	5
956618	956637	20	462.55	545	582
956878	956997	120	11.57	4	204
957508	957627	120	30.48	13	83
958297	958347	51	4.63	1	59
958738	958892	155	2.28	0	35
959913	959933	21	6.38	7	8
960186	960221	36	24.19	32	34
960384	960430	47	233.91	264.5	354
960674	960773	100	1.30	0	4
961008	961123	116	2.48	2	5
961535	961591	57	1.32	2	3
961790	961831	42	4.17	4	5
962081	962100	20	2.10	2	3
962971	962978	8	3.50	4	4
963381	963497	117	0.56	1	1
963624	963751	128	0.40	0	2
964043	964052	10	0.90	1	1
964593	964672	80	1.96	2	3
964955	965123	169	3.30	2	10
965301	965578	278	2.23	2	7
965708	965802	95	0.60	0	2
966103	966229	127	13.03	13	34
966407	966655	249	7.37	2	22
966836	966926	91	7.45	8	15
967680	967784	105	1.65	1	6
968130	968149	20	40.50	42	47
968301	968404	104	1.70	2	4
968756	968936	181	5.44	4	17
969138	969421	284	3.33	2	16
969671	969676	6	7.17	8	10
969944	969953	10	3.80	5	5
970359	970402	44	1.41	2	2
970517	970556	40	3.67	4	6
970761	970888	128	5.55	5	12
971079	971276	198	1.46	1	3
971670	971798	129	3.47	4	5
972087	972110	24	5.79	6	7
972176	972289	114	1.70	1	3
972386	972437	52	0.65	1	2
972582	972743	162	2.41	2	5
972894	972905	12	55.92	56	77
973152	973247	96	28.36	27	50
973392	973402	11	4.00	4	6
974189	974247	59	45.42	15	138
974641	974678	38	11.71	12	17
975426	975566	141	2.60	1	20
976986	977074	89	15.21	3	87
979492	979510	19	85.11	87.5	111
979682	979968	287	1067.19	2	8007
980113	980282	170	2004.32	16	8000
980442	980572	131	3.71	4	11
981345	981473	129	1.01	1	3
982917	982920	4	1.50	2	2
984732	984820	89	1.17	1	2
985403	985488	86	21.12	23	115
986005	986018	14	236.00	253	260
986567	986581	15	1.27	1	3
987557	987579	23	6.83	6	15
987859	987881	23	13.17	13.5	19
989109	989113	5	1.60	2	2
993257	993280	24	13.50	14	17
993539	993603	65	9.85	10	17
994903	994940	38	4.76	3	21
995364	995403	40	3.55	3	6
995959	995970	12	1.92	2	3
996442	996448	7	2.00	3	3
997535	997800	266	4.11	2	56
998542	998549	8	1.75	2	2
998952	998988	37	89.27	5	486
999679	999696	18	4.44	6	6
1000312	1000323	12	68.75	75	77
1000645	1000743	99	157.99	136	392
1000795	1000855	61	5.95	5	11
1002017	1002198	182	1.39	1	5
1004800	1004826	27	3.63	4	4
1006036	1006043	8	3.50	4	4
1007625	1007863	239	3.24	0	35
1009502	1009594	93	22.68	24	90
1009985	1009998	14	24.57	27	27
1011469	1011545	77	14.05	8	50
1012440	1012479	40	15.32	16	20
1013380	1013396	17	1.12	1.5	2
1015265	1015277	13	3.62	4	4
1016577	1016586	10	4.30	5	5
1018108	1018223	116	128.44	124	240
1019334	1019518	185	21.82	2	723
1020053	1020082	30	17.73	20	22
1020153	1020196	44	10.48	8	19
1021313	1021421	109	3.55	2	8
1021962	1022032	71	8.70	3	97
1022471	1022478	8	60.62	69	71
1023472	1023723	252	1.84	1	8
1025242	1025259	18	4.61	5	5
1025746	1025857	112	7.13	7	13
1027514	1027580	67	16.48	18	36
1028976	1028987	12	5.92	5	9
1029843	1030009	167	1.16	1	3
1030907	1030914	8	0.00	0	0
1032007	1032023	17	16.65	17	22
1034550	1034737	188	3.76	2	91
1035170	1035265	96	3.50	1	94
1036637	1036667	31	34.90	44	44
1037556	1037561	6	45.83	43	76
1040307	1040309	3	4.00	6	6
1041716	1041720	5	1.60	2	2
1042318	1042425	108	8.71	2	153
1042981	1043001	21	137.43	177	199
1044772	1044784	13	0.46	0.5	1
1045061	1045072	12	3.17	2	6
1046849	1046988	140	6.11	3	20
1048675	1048678	4	19.50	26	26
1052306	1052320	15	2.07	2	3
1052792	1052804	13	0.92	1	2
1055976	1055995	20	1.80	2	2
1056311	1056322	12	1.08	1	2
1057037	1057132	96	8.24	4	35
1057808	1057809	2	0.50	1	1
1058371	1058382	12	38.67	42	43
1058611	1058616	6	83.50	101	103
1058938	1058989	52	15.58	15	28
1059257	1059345	89	122.90	15	752
1060584	1060598	15	4.67	5	5
1063567	1063575	9	315.78	353.5	383
1063690	1063866	177	36.85	4	1152
1063936	1064500	565	12.01	5	73
1064606	1065057	452	30.81	8	496
1066198	1066295	98	1.70	1	21
1068135	1068273	139	432.73	1	3068
1069417	1069552	136	17.07	1	554
1069755	1070173	419	3.96	3	11
1070339	1070763	425	24.04	10	312
1071277	1071430	154	69.33	51	136
1071502	1071670	169	275.47	221.5	627
1072452	1073082	631	5.94	1	96
1074556	1074806	251	3.45	1	17
1075074	1075635	562	0.78	1	2
1077649	1077696	48	0.98	1	1
1077919	1078229	311	9.01	9	19
1078918	1079190	273	19.68	12	61
1079443	1079978	536	2.88	2	42
1080398	1080484	87	1.45	1	3
1080758	1080868	111	16.91	1	328
1081118	1081206	89	34.01	21	70
1081399	1081503	105	6.40	7	13
1081699	1081708	10	41.00	46	47
1081886	1081927	42	28.00	27	39
1082039	1082268	230	81.47	1	606
1083970	1084026	57	3.74	3.5	8
1084417	1084504	88	25.08	3	80
1084664	1084748	85	9.65	9	24
1084929	1085061	133	2.28	3	13
1085350	1085655	306	3.03	2	12
1085860	1086080	221	24.58	15.5	64
1086160	1086219	60	23.97	25	38
1086433	1086492	60	1.85	2	4
1086742	1086746	5	0.80	1	1
1086930	1086977	48	2.77	2	5
1087272	1087628	357	1.43	1	7
1087770	1087774	5	4.00	5	5
1087931	1087954	24	17.00	19	21
1089044	1089193	150	13.01	11	33
1093180	1093206	27	1.11	1	3
1094683	1094782	100	11.53	1	80
1095995	1096002	8	8.50	10	10
1096330	1096352	23	3.13	3	4
1098865	1098880	16	11.31	10	20
1099175	1099192	18	13.00	13	21
1100321	1100455	135	3.28	3	18
1101032	1101189	158	120.90	95	310
1101424	1101482	59	56.36	45	89
1102857	1102875	19	53.63	61	63
1103140	1103246	107	25.41	10	66
1103457	1103511	55	1.76	2	9
1104472	1104667	196	439.45	252	1649
1105688	1105693	6	12.50	15	15
1106746	1106870	125	3.70	2	10
1107426	1107612	187	144.98	2	2565
1110053	1110097	45	51.84	54	101
1110722	1110790	69	0.35	0	2
1112566	1112580	15	0.93	1	1
1114387	1114499	113	2.65	1.5	11
1115089	1115149	61	6.43	9	10
1115682	1115985	304	5.37	5	13
1116068	1116121	54	18.31	18	34
1117142	1117276	135	5.17	2.5	37
1118144	1118242	99	17.21	2	69
1118630	1118658	29	7.10	7	9
1118989	1118993	5	15.20	19	19
1119162	1119309	148	1.16	1	3
1119952	1120063	112	1.42	1	4
1120307	1120320	14	66.64	73	77
1120969	1121028	60	29.92	30	52
1121551	1121693	143	8.91	2	135
1122426	1122427	2	2.00	4	4
1122698	1122795	98	0.95	1	5
1123018	1123221	204	14.40	10	50
1124005	1124117	113	3.14	2	8
1127260	1127291	32	4.97	5	7
1128231	1128286	56	36.64	37	60
1129094	1129103	10	1.90	2	3
1129485	1129552	68	119.44	149	257
1130126	1130158	33	190.61	207	280
1130294	1130306	13	111.15	120	129
1131104	1131178	75	40.33	24	131
1132316	1132338	23	3.09	4	4
1133803	1133929	127	3.66	3	14
1135202	1135213	12	8.00	9	9
1136291	1136358	68	157.09	4	1247
1136659	1136851	193	107.65	57.5	1648
1140786	1140809	24	4.62	5	5
1141026	1141031	6	4.33	5	6
1141686	1141785	100	5.11	2	32
1143241	1143409	169	6.54	7	12
1143481	1143638	158	5.25	3	15
1144998	1145323	326	2.32	2	5
1146695	1146829	135	6.41	5	16
1147940	1148063	124	0.90	1	2
1149015	1149094	80	0.89	0	8
1150142	1150170	29	4.31	5	6
1151023	1151040	18	0.89	1	1
1152121	1152142	22	5.41	6	6
1152908	1152957	50	60.08	27	154
1154155	1154291	137	5.37	4	51
1155681	1156081	401	8.07	3	47
1157033	1157068	36	1.06	1	2
1158140	1158247	108	2.00	2	8
1159337	1159389	53	12.04	13	15
1160413	1160595	183	32.32	28	79
1161760	1161771	12	16.08	18	19
1162462	1162467	6	111.67	133	137
1163626	1163794	169	8.72	5	29
1165663	1165666	4	0.75	1	1
1166384	1166388	5	9.60	12.5	17
1166998	1167015	18	5.72	7	8
1168516	1168586	71	11.15	11	31
1169532	1169557	26	21.42	24	26
1170515	1170518	4	12.50	16	18
1171617	1171618	2	1.50	3	3
1172600	1172610	11	8.18	10	10
1173757	1174287	531	21.21	15	91
1175341	1175463	123	1.85	1	8
1177945	1178445	501	9.14	8	34
1179421	1179881	461	1.87	1	12
1181046	1181147	102	6.35	3	48
1182120	1182124	5	3.20	4	4
1185210	1185212	3	5.33	8	8
1186050	1186068	19	36.05	39	56
1187925	1187930	6	12.83	16	17
1189451	1189453	3	0.67	1	1
1190459	1190635	177	1.25	1	3
1192418	1192420	3	158.00	237	237
1193090	1193590	501	1.03	0	10
1194437	1194485	49	0.98	1	2
1195476	1195493	18	10.72	11	12
1196337	1196345	9	15.56	17	20
1196502	1196503	2	20.00	40	40
1196882	1196889	8	12.88	14	20
1198720	1198791	72	10.33	12	21
1199983	1200909	927	2.35	2	37
1201306	1201355	50	0.30	0	2
1202121	1202125	5	6.80	8.5	9
1202285	1202290	6	6.17	7	8
1202681	1202685	5	3.20	4	4
1204537	1205053	517	7.50	1	57
1205504	1205598	95	3.06	3	4
1206238	1206279	42	2.02	2	6
1208534	1208564	31	2.77	2	5
1208635	1209113	479	5.49	3	22
1209990	1210384	395	2.49	1	14
1211372	1211577	206	3.65	2	27
1213844	1213938	95	2.89	2.5	6
1216899	1216959	61	9.26	3	56
1217884	1217914	31	24.42	27	29
1219775	1219891	117	6.69	6	35
1220978	1220993	16	7.62	9	9
1223083	1223092	10	33.10	37	47
1223999	1224072	74	7.99	7	29
1225078	1225147	70	4.10	2	14
1226468	1226537	70	29.64	33	46
1227459	1227469	11	15.73	19	20
1228722	1228836	115	10.56	10	28
1229002	1229070	69	49.77	37.5	124
1229203	1229208	6	10.50	13	13
1231526	1231528	3	3.67	5.5	6
1232438	1232479	42	1.74	2	3
1233005	1233062	58	25.29	36	40
1233798	1233874	77	38.10	5	481
1234829	1234865	37	43.27	34.5	89
1235208	1235264	57	64.96	14.5	483
1236759	1236810	52	1.00	0	7
1238917	1239068	152	16.80	1	313
1240104	1240107	4	55.50	71	81
1241047	1241189	143	15.97	8	187
1242753	1242800	48	82.77	54	164
1245435	1245525	91	3.75	0	57
1246096	1246172	77	124.86	107	281
1246641	1246729	89	202.08	121	464
1247671	1247715	45	1.16	1	2
1248601	1248615	15	27.87	27.5	35
1250790	1251102	313	8.37	1	55
1252474	1252591	118	10.01	10	21
1252709	1252992	284	0.82	1	12
1254253	1254267	15	2.53	3	3
1256850	1256890	41	0.51	1	1
1258124	1258261	138	12.14	2	56
1258332	1258408	77	27.00	27	52
1259801	1259812	12	2.75	3	3
1260878	1260891	14	26.93	27	43
1262022	1262201	180	3.58	2	23
1263315	1263326	12	10.25	10	17
1263425	1263471	47	37.91	46	59
1265462	1265559	98	1.56	1	3
1266667	1266709	43	4.65	2	31
1267370	1267405	36	71.94	68	93
1268009	1268127	119	31.15	17	275
1270116	1270175	60	3.93	2	22
1270937	1270968	32	3.59	3	6
1271212	1271268	57	5.37	2	32
1271596	1271726	131	3.40	3	7
1272000	1272634	635	28.00	1	461
1274666	1274669	4	6.75	9	9
1274738	1274849	112	21.90	18	49
1276197	1276208	12	11.42	12	15
1276962	1276968	7	15.71	18.5	19
1277371	1277407	37	16.24	17	26
1278416	1278423	8	3.12	4	4
1279727	1279735	9	1.11	1	2
1280972	1280995	24	9.46	10	11
1281317	1281469	153	7.80	1	69
1282079	1282103	25	13.44	14	19
1283577	1283591	15	12.53	13	14
1284192	1284210	19	2.68	3	4
1286677	1286696	20	40.05	42	44
1287531	1287533	3	25.00	37.5	38
1289673	1289713	41	14.73	16	21
1290440	1290575	136	12.92	12	31
1291911	1291913	3	10.33	15.5	18
1295507	1295571	65	26.80	29	41
1295893	1296040	148	258.49	86	877
1296479	1296490	12	182.58	198	212
1297417	1297562	146	18.45	12	57
1298478	1298484	7	5.00	6	6
1299676	1299764	89	2.11	1	13
1300701	1300762	62	6.11	4	23
1301339	1301350	12	325.75	366	376
1301714	1301797	84	37.76	29	87
1302095	1302240	146	209.75	29	1565
1303141	1303159	19	1.89	2	2
1304744	1304848	105	79.91	6	332
1305413	1305415	3	2.67	4	4
1306205	1306261	57	1.19	1	2
1306331	1306398	68	1.25	1	3
1307558	1307635	78	1.45	2	2
1308358	1308514	157	2.75	1	10
1309652	1309839	188	0.54	0	3
1311028	1311034	7	2.71	3.5	4
1311301	1311302	2	1.50	3	3
1311564	1311600	37	4.57	5	8
1313020	1313123	104	2.94	2	27
1313436	1313441	6	69.67	84	86
1314171	1314268	98	13.36	13	24
1314395	1314461	67	0.78	0	27
1314996	1315008	13	19.08	21	21
1315492	1315581	90	23.09	25	35
1316332	1316419	88	1.10	0	4
1317662	1317858	197	2.26	2	8
1318093	1318130	38	2.55	3	3
1318266	1318625	360	16.36	2	133
1319526	1319605	80	24.35	8	238
1319720	1319723	4	54.75	65	90
1319856	1319978	123	171.61	68.5	431
1320255	1320345	91	11.30	10	48
1320514	1320586	73	24.25	22.5	39
1320764	1321008	245	2.68	2	8
1321186	1321267	82	3.77	2	18
1321385	1321720	336	17.88	8	275
1321883	1321971	89	197.98	116	520
1322305	1322317	13	17.77	20	20
1322447	1322609	163	5.89	4	18
1322937	1323169	233	1.12	1	8
1323389	1323530	142	32.11	19	103
1323684	1323840	157	4.34	3	11
1324117	1324266	150	7.42	2	45
1325260	1325387	128	5.10	5	11
1326492	1326497	6	1542.00	1827	1920
1326678	1326777	100	9.91	5	97
1326982	1327193	212	48.87	11	408
1327492	1327593	102	70.96	58	164
1328476	1328781	306	137.04	47	508
1328926	1329123	198	58.84	2	1255
1329254	1329367	114	209.11	69	838
1330043	1330098	56	2.73	3	4
1330735	1330835	101	1.95	1	12
1330965	1331161	197	5.47	4	23
1332338	1332437	100	7.52	5	18
1332615	1332750	136	9.58	8	22
1333372	1333382	11	40.00	42.5	52
1333545	1334313	769	4.77	1	59
1334535	1334612	78	12.53	12	53
1334718	1334719	2	6.50	13	13
1334858	1335036	179	22.78	5	157
1335154	1335157	4	13.50	17	20
1335269	1335364	96	17.06	18	26
1335479	1335505	27	243.37	204.5	416
1335721	1335748	28	187.46	155	392
1335863	1336191	329	66.48	51	188
1336324	1336434	111	10.28	9	20
1336521	1336733	213	0.36	0	1
1336833	1336951	119	0.45	0	1
1337069	1337264	196	2.16	0	26
1338465	1338523	59	1.54	2	4
1338803	1338997	195	1.41	0.5	8
1339196	1339253	58	1.78	1	6
1339800	1339930	131	2.45	2	13
1340561	1340671	111	6.09	6	9
1340813	1341056	244	3.16	3	10
1341183	1341463	281	5.16	4	19
1341686	1341782	97	0.37	0	1
1342074	1342138	65	4.14	4	6
1342616	1343226	611	4.66	1	35
1343488	1344027	540	5.66	4	14
1344418	1344660	243	9.70	5	34
1344838	1344938	101	4.82	4	9
1345065	1345097	33	7.33	7	10
1345356	1345357	2	4.00	8	8
1345565	1345566	2	2.00	4	4
1345672	1346107	436	95.29	32	382
1346624	1346700	77	289.56	142.5	1449
1346845	1347130	286	55.65	3	2889
1347410	1347449	40	31.35	40	47
1347621	1347828	208	17.14	12	67
1348186	1348680	495	17.72	12	47
1348840	1349016	177	2.56	2	7
1349315	1349354	40	2.50	2	5
1349754	1350212	459	3.42	1	31
1350366	1350756	391	147.14	53	1025
1350985	1351143	159	55.38	3	801
1351513	1351515	3	8.67	13	13
1351801	1351803	3	18.00	27	27
1352029	1352090	62	3.66	2	13
1352409	1352534	126	6.60	6	14
1353045	1353047	3	1.33	2	2
1353661	1353764	104	12.45	9	27
1353930	1354029	100	8.60	8	18
1354285	1354330	46	71.72	53	151
1354442	1354681	240	20.09	1	556
1355108	1355181	74	30.59	29	63
1355488	1355591	104	9.49	9	17
1355928	1355994	67	3.58	3	12
1356973	1357132	160	0.76	1	3
1357235	1357734	500	4.07	3	13
1359817	1360009	193	156.86	171.5	250
1360272	1360406	135	21.26	19	47
1360812	1361025	214	0.67	1	2
1361422	1361503	82	0.60	0	4
1362115	1362258	144	4.70	4	11
1362517	1362519	3	1.33	2	2
1363388	1363450	63	4.52	6	8
1363901	1363907	7	11.29	13	15
1364148	1364630	483	7.32	2	49
1364787	1364811	25	3.60	4	5
1365031	1365185	155	3.39	4	7
1366524	1366746	223	2.02	2	4
1367062	1367125	64	1.59	2	3
1367354	1367678	325	4.76	4	16
1368138	1368153	16	4.69	5	5
1368660	1368720	61	14.05	12	31
1369090	1369094	5	38.40	48	49
1369329	1369432	104	3.01	3	8
1371535	1371608	74	3.92	4	6
1373297	1373324	28	33.36	36	38
1373547	1373639	93	42.47	39.5	86
1375272	1375325	54	375.91	357	535
1375635	1375857	223	431.14	24	2159
1377316	1377366	51	407.80	307	926
1377769	1377774	6	317.17	383	383
1378249	1378359	111	17.93	12	175
1378516	1378575	60	6.02	4	18
1379899	1379975	77	11.42	10	18
1380951	1380955	5	20.80	26	27
1382773	1382779	7	4.29	5	5
1384475	1384482	8	3.50	4	4
1385539	1385545	7	2.57	3	3
1386076	1386092	17	61.12	63	72
1387041	1387063	23	418.70	435.5	521
1388579	1388612	34	609.12	604	754
1389153	1389154	2	296.50	593	593
1390123	1390193	71	665.27	389	1431
1390437	1390487	51	196.14	218.5	272
1390578	1390605	28	84.50	92	115
1391329	1391376	48	139.88	82	280
1391854	1392123	270	18.15	1	306
1393351	1393436	86	75.06	70	174
1394091	1394093	3	0.67	1	1
1395785	1395966	182	0.55	0	6
1396210	1396236	27	54.74	51.5	124
1396573	1396575	3	6.00	9	9
1397386	1397443	58	2.33	2	4
1397617	1397681	65	3.09	1	45
1398975	1399017	43	7.49	8.5	11
1400401	1400414	14	1.86	1	4
1403139	1403280	142	34.16	23	95
1406544	1406549	6	4.33	5	6
1407849	1407860	12	7.17	8	8
1408116	1408135	20	2.75	3	3
1408580	1408673	94	22.74	4	58
1410587	1410595	9	3.89	4	5
1410959	1410964	6	18.83	24	26
1411557	1411677	121	19.40	4	208
1412446	1412467	22	8.64	9	13
1412591	1412663	73	5.71	5.5	14
1413708	1413740	33	9.73	10	12
1413891	1413942	52	21.19	16	53
1418041	1418076	36	57.89	59	87
1419979	1420019	41	75.29	69.5	98
1423311	1423551	241	126.11	72	536
1424344	1424352	9	31.67	36	37
1424644	1424768	125	14.99	2	110
1426745	1426812	68	42.85	2	156
1427953	1428100	148	1.16	0	4
1428566	1428604	39	57.44	54.5	85
1430263	1430337	75	88.49	20	278
1433845	1433851	7	16.29	20	20
1434089	1434243	155	3.90	4	7
1435789	1435826	38	4.82	2	24
1436916	1437022	107	9.52	4	61
1438640	1438676	37	18.16	23.5	25
1439031	1439032	2	27.00	54	54
1440257	1440557	301	93.62	28	568
1443451	1443505	55	33.38	31	68
1444349	1444351	3	2.33	3.5	4
1445285	1445287	3	1.33	2	2
1445942	1445999	58	401.71	351	824
1446318	1446429	112	587.54	433	1141
1449746	1449852	107	104.80	85.5	247
1450321	1450349	29	306.28	282	416
1450725	1450921	197	10.43	2	171
1455485	1455496	12	5.67	6	7
1455788	1455799	12	3.92	4	5
1456691	1456992	302	0.79	0	45
1457891	1457895	5	1.60	2	2
1458793	1458798	6	5.00	6	6
1459552	1459605	54	848.26	867	1272
1460203	1460234	32	737.06	745	852
1460346	1460440	95	12.89	3	441
1460825	1460831	7	38.57	45	45
1461792	1461904	113	92.14	10	662
1464154	1464161	8	2906.75	3330	3445
1466463	1466806	344	1209.87	1	7952
1468625	1468724	100	0.89	1	2
1469526	1469550	25	4.80	5	6
1469637	1469700	64	2.55	2	5
1470886	1470968	83	1.35	1	4
1471473	1471481	9	6.56	7	9
1472574	1472610	37	148.57	154.5	181
1472869	1472884	16	297.81	327	342
1473293	1473304	12	109.33	118	148
1473734	1473852	119	61.44	1	579
1474657	1474696	40	97.38	102	133
1475045	1475062	18	164.67	176	188
1475999	1476047	49	47.71	50.5	77
1476438	1476488	51	338.69	340.5	452
1476852	1476899	48	202.73	209	255
1477014	1477054	41	102.27	10	527
1477607	1477608	2	7.00	14	14
1478926	1478958	33	51.91	49	72
1479415	1479421	7	150.00	184	187
1480040	1480057	18	265.06	296	310
1480424	1480440	17	101.29	107	131
1480978	1480992	15	78.73	80.5	127
1481392	1481404	13	84.46	92.5	96
1481939	1482016	78	351.51	337	526
1482371	1482373	3	46.00	69	69
1483000	1483010	11	138.18	155	166
1483706	1483719	14	127.86	106	211
1484449	1484450	2	96.00	192	192
1484835	1484837	3	147.33	221	221
1485111	1485157	47	150.23	147	203
1486019	1486033	15	225.33	237	295
1487613	1487907	295	34.89	33	93
1489376	1489482	107	3.79	3	10
1489552	1489571	20	4.35	5	5
1490346	1490457	112	67.52	31	186
1491568	1491572	5	23.60	30	34
1491816	1491845	30	27.57	33	36
1493292	1493387	96	10.85	9	20
1494225	1494233	9	1.00	1	2
1495737	1495743	7	6.29	7	8
1496620	1496629	10	41.40	46	48
1496993	1497282	290	5.63	1	119
1498429	1498445	17	8.82	9	10
1499604	1499716	113	82.34	78	258
1500539	1500556	18	2.50	1	5
1500983	1501037	55	8.38	5.5	18
1502007	1502202	196	4.46	4	16
1502274	1502287	14	29.36	32	32
1502732	1502737	6	24.17	29	30
1505705	1505760	56	2.34	1	5
1506877	1506879	3	6.00	9	9
1508398	1508459	62	162.02	126	349
1508880	1508994	115	63.75	1	941
1511628	1511635	8	4.25	5	5
1512701	1512864	164	69.58	56	175
1513891	1513922	32	11.22	11	16
1514481	1514651	171	2.60	1	12
1515291	1515293	3	8.67	13	13
1515558	1515593	36	8.64	9	15
1516934	1517213	280	17.32	5	102
1517409	1517427	19	3.37	5	5
1518040	1518176	137	7.30	7	13
1519218	1519317	100	18.06	11	41
1520848	1520851	4	9.75	13	13
1521323	1521346	24	0.79	1	2
1522118	1522120	3	1.00	1.5	2
1522829	1522836	8	7.25	7	10
1523545	1523604	60	1.08	1	5
1524067	1524254	188	3.10	2	15
1527032	1527046	15	0.80	1	1
1527899	1527911	13	5.92	6	7
1528815	1528859	45	40.13	35.5	100
1530225	1530380	156	21.51	2	242
1532925	1533405	481	14.73	10	68
1533736	1533817	82	15.11	11	63
1533889	1533929	41	2.15	2	4
1534305	1534328	24	15.62	16	19
1535076	1535082	7	1.71	2	2
1535266	1535290	25	18.68	21	25
1535828	1535850	23	3.13	3	11
1537744	1537772	29	622.76	572	889
1538071	1538207	137	183.16	33	1457
1538448	1538456	9	1464.44	1564.5	1914
1539699	1539743	45	1047.40	1353.5	1509
1541748	1541757	10	118.50	131	145
1543126	1543162	37	13.43	13	17
1543259	1543321	63	1.44	1	2
1543535	1543555	21	1.86	2	4
1544714	1544719	6	2.33	3	4
1546551	1546572	22	2.27	2	5
1547098	1547125	28	307.57	316	411
1547375	1547404	30	294.23	73	777
1548941	1548993	53	30.66	21	62
1549738	1549912	175	180.65	13	816
1550450	1550452	3	1.67	2.5	3
1551200	1551206	7	3.14	4	4
1552257	1552391	135	1.25	1	9
1553417	1553421	5	23.00	30	30
1554838	1554889	52	1.00	1	8
1556281	1556372	92	0.21	0	1
1558271	1558373	103	38.69	24	290
1559781	1559825	45	24.27	12	77
1560521	1560526	6	5.17	6	7
1562818	1562972	155	42.38	27	135
1563870	1563923	54	353.87	396	524
1564494	1564594	101	3.13	2	10
1565564	1565572	9	0.89	1	1
1566305	1566314	10	26.20	31	32
1569144	1569323	180	19.97	7	158
1569777	1569780	4	2.00	3	3
1570635	1570752	118	1.93	2	11
1570822	1570886	65	20.40	30.5	41
1571361	1571411	51	407.69	185	883
1571607	1571752	146	13.77	4	232
1574498	1574529	32	0.16	0	1
1575151	1575215	65	2.72	2	7
1576215	1576256	42	2.05	2	4
1578015	1578025	11	5.73	6	7
1580063	1580094	32	70.78	63	109
1580902	1580956	55	1.02	1	2
1583965	1584043	79	139.09	110	245
1585978	1586107	130	30.25	0	251
1587527	1587594	68	44.91	34	83
1588240	1588345	106	93.96	22	403
1589711	1589770	60	27.82	26	46
1591508	1591511	4	4.50	6	6
1592811	1592841	31	2.00	2	3
1594378	1594471	94	26.54	4	575
1594667	1594699	33	305.24	299	419
1595045	1595085	41	45.68	45	64
1595641	1595644	4	3.75	5	5
1596440	1596608	169	8.32	5	45
1597800	1597830	31	13.68	14	18
1598962	1598975	14	44.21	47	52
1599225	1599360	136	98.49	86	310
1602268	1602316	49	3.41	4	6
1602704	1602714	11	4.91	5	6
1604002	1604008	7	5.00	6	7
1604714	1604744	31	6.23	2	23
1605729	1605751	23	29.57	28	50
1606205	1606265	61	124.23	96.5	215
1607646	1607659	14	111.79	118	129
1609622	1609630	9	1.78	2	2
1610795	1610882	88	6.49	5	41
1611414	1611495	82	1.63	0	34
1611913	1611932	20	13.55	13	18
1613262	1613392	131	7.35	4	51
1614144	1614147	4	7.50	10	10
1616902	1616996	95	1.76	2	5
1617327	1617345	19	2.63	3	4
1617415	1617515	101	0.24	0	4
1619216	1619219	4	0.25	0	1
1620102	1620154	53	1.58	2	3
1621265	1621325	61	3.97	2	19
1623120	1623196	77	12.96	5	58
1624805	1624834	30	7.23	6	11
1625504	1625511	8	0.12	0	1
1628317	1628321	5	7.20	9	9
1629105	1629152	48	2.17	2	4
1630401	1630421	21	2.86	3	3
1632507	1632706	200	17.82	3	300
1633724	1633926	203	11.21	10	29
1634374	1634377	4	9.00	12	12
1635443	1635542	100	44.39	43	74
1638114	1638125	12	8.17	9	10
1639482	1639493	12	0.92	1	1
1640346	1640396	51	7.61	10	12
1643378	1643497	120	8.69	5	101
1644353	1644464	112	35.97	16	123
1644927	1644932	6	19.50	23	25
1646145	1646198	54	130.43	148	196
1646382	1646438	57	49.81	0.5	335
1647775	1647787	13	25.15	28.5	33
1649371	1649574	204	8.71	5	35
1652473	1652529	57	5.35	5	10
1654207	1654278	72	7.60	7	12
1656133	1656135	3	2.00	3	3
1656709	1657990	1282	9.35	8	33
