#start	end	length	mean	median	max
1	142	142	21.81	28.5	37
1970	2005	36	4.17	5	5
2094	2129	36	1.94	2	2
3429	3441	13	1.77	2	2
3862	3935	74	2.42	2	6
4010	4025	16	11.12	12	14
5284	5290	7	3.43	4	4
5669	5709	41	1.78	2	3
7681	7737	57	2.46	2	4
8551	8557	7	1.71	2	2
10514	10526	13	4.62	5	5
10956	10983	28	4.82	5	5
11918	11945	28	18.93	21	21
14403	14446	44	0.98	1	1
16676	16697	22	0.95	1	1
21532	21591	60	1.80	2	3
23749	23815	67	1.24	1	3
24515	24569	55	4.07	4	5
24942	24978	37	6.70	7	7
26791	27332	542	5.30	5	13
27747	27790	44	69.32	66	120
28121	28206	86	88.94	93	100
28444	28585	142	4.25	4	15
30047	30099	53	302.38	9	2222
30222	30285	64	5.98	1	108
32381	32521	141	6.83	7	11
33179	33251	73	9.62	9	12
35232	35354	123	5.80	6	8
35712	35719	8	2.62	3	3
37532	37775	244	1.64	1	16
37941	38017	77	13.95	8.5	37
40147	40501	355	4.62	4	9
41162	41170	9	8.00	9	9
41642	41645	4	2.25	3	3
42561	42585	25	3.84	4	4
45072	45141	70	4.13	4	5
46237	46304	68	6.40	6	7
47459	47460	2	1.00	2	2
50188	50208	21	2.86	3	3
51967	51989	23	3.43	3	5
52431	52481	51	1.96	2	2
53968	54108	141	4.45	3	8
54952	55000	49	3.96	4	5
55718	55750	33	1.67	2	2
56282	56437	156	1.24	1	4
56540	56584	45	5.09	6	7
57254	57313	60	11.90	12	16
58637	58649	13	1.77	2	2
61008	61049	42	4.12	4	5
61419	61481	63	3.05	3	4
62121	62157	37	2.03	2	3
62476	62805	330	11.47	13	19
62892	62923	32	1.03	1	2
63995	64060	66	3.33	3	4
65039	65080	42	0.98	1	1
66574	66724	151	4.56	2	9
68024	68031	8	1.75	2	2
69642	69863	222	6.68	3	18
71684	71689	6	2.50	3	3
72065	72128	64	0.91	1	1
74218	74401	184	1.80	2	2
76119	76161	43	3.70	4	9
76516	76718	203	4.77	4	11
81363	81379	17	2.88	3	4
82120	82185	66	4.94	5	7
83074	83093	20	0.95	1	1
84222	84339	118	2.04	2	3
84820	84832	13	3.23	3.5	4
85043	85093	51	2.33	2	3
86530	86552	23	1.43	1.5	2
87320	87385	66	2.95	3	4
87460	87470	11	4.36	4.5	6
88116	88149	34	18.38	19	21
88552	88602	51	13.55	13	17
88927	89713	787	16.20	4	88
91388	91437	50	22.00	22	27
92251	92256	6	18.67	22	24
94733	94753	21	15.10	16	17
95288	95360	73	7.81	7	13
96414	96487	74	9.03	9	13
96695	96779	85	7.36	7	11
99203	99204	2	2.00	4	4
101706	101769	64	6.09	6	7
102355	102359	5	7.20	9	9
102693	102731	39	4.18	4	5
103710	103722	13	2.77	3	3
104602	104636	35	2.66	2.5	4
107994	108021	28	13.93	14	18
108972	108977	6	5.67	7	7
109668	109952	285	3.62	2	8
111314	111345	32	2.66	3	4
112120	112188	69	6.83	7	8
113980	114018	39	4.05	5	5
115274	115290	17	2.88	3	4
117724	117774	51	0.98	1	1
118471	118544	74	12.68	15	20
119133	119156	24	1.17	1	2
120399	120479	81	1.25	1	3
121743	121775	33	2.48	3	3
122968	122972	5	1.60	2	2
125226	125233	8	8.75	10	10
126521	126574	54	5.72	5	12
127868	127998	131	1.60	1	6
128746	128798	53	5.25	5	6
129312	129315	4	3.75	5	5
129514	129520	7	2.00	2	3
129962	129972	11	5.45	6	6
131650	131733	84	1.40	1	2
132691	132697	7	2.57	3	3
133463	133507	45	0.98	1	2
133793	134007	215	5.85	6	8
134845	135274	430	3.44	3	8
138341	138382	42	3.74	4	5
138674	138680	7	1.71	2	2
139521	139528	8	3.50	4	4
142203	142309	107	2.57	3	3
142583	142595	13	1.85	2	2
144074	144099	26	4.62	5	5
144682	144892	211	4.25	4	8
145547	145621	75	2.57	3	4
148602	148666	65	3.35	2.5	9
150050	150108	59	1.86	2	2
152468	152549	82	4.24	4	6
152635	152730	96	9.25	9	18
153076	153124	49	16.71	17.5	20
153500	153563	64	6.72	6	17
153639	153738	100	1.59	2	3
155515	155573	59	3.15	3	5
156923	156958	36	7.22	6	14
157250	157310	61	15.21	15	20
157886	157891	6	0.83	1	1
158597	158650	54	3.52	3	7
159823	160031	209	10.60	8	20
160488	160501	14	4.86	5	6
161000	161021	22	1.91	2	2
161412	161417	6	2.50	3	3
162267	162276	10	2.70	3	3
162631	162643	13	3.69	4	4
163088	163089	2	1.00	2	2
163534	163546	13	3.69	4	4
163751	163755	5	8.00	10	10
164392	164522	131	6.44	8	14
164760	164768	9	7.11	8	8
164994	165103	110	2.25	2	5
167933	167966	34	4.09	4	5
169353	169799	447	28.35	19	72
170172	170185	14	3.71	3	6
170984	170997	14	2.79	3	3
171304	171345	42	2.67	3	3
174049	174068	20	1.95	2	3
174378	174421	44	14.57	11	81
175886	175933	48	0.98	1	1
178315	178365	51	7.98	8	10
178525	178707	183	1.90	2	7
180830	181025	196	4.19	3	8
181681	181848	168	3.74	3	6
184074	184358	285	3.88	3	9
185133	185179	47	5.91	6	8
185480	185566	87	5.70	5	13
186395	186397	3	6.67	10	10
187837	187887	51	6.51	7	8
189035	189082	48	2.65	2	6
189389	189453	65	1.97	2	2
190240	190319	80	3.08	3	8
190557	190595	39	11.00	10.5	17
191742	191745	4	6.75	9	9
192034	192083	50	4.32	4	5
192930	192964	35	7.26	7	8
195341	195428	88	9.10	11	12
197164	197199	36	1.94	2	2
198055	198064	10	1.80	2	2
198605	198708	104	3.06	3	6
199293	199340	48	4.06	3	8
200247	200320	74	2.04	2	3
201838	201839	2	1.50	3	3
202224	202405	182	2.86	2	7
203690	203702	13	1.85	2	2
204036	204060	25	1.92	2	2
204652	204732	81	20.43	22	25
205081	205148	68	23.78	26	27
205899	205906	8	3.50	4	4
206567	206575	9	3.56	4	4
207600	207602	3	2.00	3	3
209295	209326	32	3.88	4	4
209951	210086	136	1.09	1	2
214339	214342	4	3.00	4	4
214772	214788	17	3.88	4	5
215230	215235	6	2.83	3	4
215617	215790	174	2.61	3	4
216376	216446	71	1.97	2	2
217656	217725	70	2.74	2	4
219041	219076	36	2.36	2	3
220115	220199	85	5.82	5	15
220296	220404	109	1.68	1	6
220639	220717	79	3.56	4	5
221126	221173	48	4.35	4	8
222410	222447	38	2.42	2	4
223147	223185	39	2.26	2	3
223600	223693	94	5.31	6	7
224441	224473	33	2.18	2	3
225134	225240	107	1.83	1	10
226705	226741	37	4.62	5	5
227221	227538	318	6.05	5	15
229365	229404	40	2.80	3	4
230392	230407	16	5.62	6	6
230921	230960	40	3.35	3	5
232353	232429	77	3.71	4	5
233075	233081	7	3.43	4	4
233256	233269	14	5.07	5	6
233585	233600	16	0.62	1	1
233823	233826	4	1.50	2	2
234928	235011	84	2.61	3	3
236236	236442	207	2.42	3	5
236683	236727	45	4.47	5	6
238411	238453	43	6.05	6	9
240708	240762	55	2.62	3	3
241120	241124	5	1.60	2	2
241770	241887	118	1.51	1	5
243546	243678	133	0.92	1	1
244144	244150	7	3.43	4	4
244660	244672	13	2.08	2	3
244976	244984	9	7.56	8.5	9
245654	245697	44	2.77	3	3
246763	247119	357	1.75	2	3
247402	247406	5	5.00	6	7
249424	249500	77	1.13	1	2
250326	250653	328	3.35	4	6
252116	252135	20	2.85	3	3
254092	254140	49	1.96	2	2
255604	255625	22	2.45	3	3
257041	257048	8	1.75	2	2
257622	257684	63	3.32	3	4
258998	259041	44	14.30	15	17
260073	261314	1242	12.27	6	141
263108	263163	56	5.00	5	8
264971	265070	100	6.44	6	9
266560	266590	31	4.48	5	5
268247	268285	39	4.90	5	6
271208	271267	60	2.35	2	3
272423	272554	132	2.49	3	3
274759	274794	36	1.94	2	2
277534	277636	103	2.65	4	4
279403	279552	150	4.81	4	9
281823	281890	68	0.06	0	1
282593	282697	105	2.14	2	3
284267	284383	117	5.60	4	11
285218	285516	299	5.01	5	9
288592	288600	9	1.78	2	2
289663	289794	132	1.36	1	3
289871	290034	164	5.53	6	10
290449	291015	567	13.47	4.5	71
292573	292639	67	2.37	2	3
293684	293685	2	1.50	3	3
294028	294149	122	1.64	1	5
294564	294579	16	1.88	2	2
297134	297179	46	0.98	1	1
298621	298679	59	3.49	4	5
300144	300239	96	1.07	1	2
302908	302943	36	1.94	2	2
304339	304342	4	1.50	2	2
305360	305407	48	3.17	4	5
306542	306630	89	1.54	2	2
306991	307033	43	7.91	8	9
307712	308324	613	3.47	3	9
308601	308647	47	1.53	2	2
310508	310554	47	5.34	5	7
311919	312096	178	4.08	4	6
312840	312966	127	0.91	1	3
314196	314235	40	2.10	2	3
315066	315141	76	5.89	6	8
315640	315676	37	3.03	3	4
318271	318374	104	5.06	4	7
319959	319965	7	2.57	3	3
320620	320725	106	1.46	1	4
320993	321034	42	9.52	10	10
322594	322626	33	1.85	2	3
327822	327948	127	2.63	3	5
330525	330675	151	2.19	2	3
331177	331245	69	3.16	3	4
332287	332294	8	0.88	1	1
333354	333359	6	1.50	2	2
335164	335204	41	3.88	4	5
335580	335615	36	2.92	3	3
336471	336506	36	2.47	3	3
336825	336828	4	3.00	4	4
337753	337789	37	0.97	1	1
339002	339019	18	4.22	4	5
340927	340952	26	1.04	1	2
341241	341337	97	1.35	1	3
342772	342827	56	0.98	1	1
343899	343916	18	1.89	2	2
345159	345246	88	0.61	0	2
346036	346095	60	1.72	2	2
349010	349119	110	2.93	3	4
350036	350167	132	4.16	3	8
351347	351363	17	2.06	2	3
352501	352526	26	2.54	3	4
352601	352642	42	1.88	2	3
354811	354882	72	0.18	0	1
356564	356581	18	0.56	1	1
356822	357053	232	2.13	2	3
357573	357632	60	1.37	1	2
358752	358801	50	2.14	2	3
362816	363307	492	1.98	2	4
365052	365066	15	4.53	5	5
365625	365667	43	1.95	2	2
366802	366857	56	8.09	9	10
367923	367962	40	0.80	1	1
368611	368618	8	1.75	2	2
373077	373138	62	2.85	3	4
374699	374816	118	2.25	2	4
375603	375670	68	1.57	2	3
376343	376358	16	4.69	5	5
376635	376705	71	1.69	2	2
379286	379290	5	1.20	1.5	2
379525	379537	13	0.92	1	1
380587	380792	206	2.59	3	5
382967	383193	227	1.59	2	2
383944	384048	105	3.72	4	5
384232	384409	178	2.63	2	5
384890	385254	365	2.46	2	6
386263	386452	190	2.50	3	4
387233	387237	5	1.60	2	2
387949	388034	86	2.49	3	3
388692	389315	624	10.32	3	63
389418	389443	26	7.69	8	8
389969	390006	38	0.97	1	1
391769	391777	9	1.78	2	2
392705	392768	64	3.92	3	6
393810	393909	100	2.45	2	3
394740	394829	90	2.73	3	4
395787	396154	368	2.50	3	4
396551	396617	67	1.18	1	2
398407	398494	88	2.98	4	4
398822	398863	42	1.43	1	2
399185	399219	35	2.86	2.5	4
400672	400719	48	2.06	2	3
402337	402338	2	1.00	2	2
402546	402627	82	1.05	1	2
403048	403135	88	2.06	2	3
403913	403983	71	2.73	3	4
404707	404840	134	5.63	6	16
405543	405720	178	25.06	28	39
406549	406561	13	8.15	9	9
408069	408077	9	8.44	9.5	10
411027	411035	9	0.89	1	1
413491	414640	1150	5.75	4	19
415244	415272	29	1.69	2	2
416474	416494	21	1.90	2	2
418969	418990	22	2.82	3	3
420350	420399	50	0.70	1	1
421153	421333	181	1.39	1	2
422813	422876	64	2.95	3	3
424919	424990	72	3.10	3	4
430450	430536	87	0.44	0	2
433000	433213	214	13.00	9	27
433748	433796	49	7.61	8.5	9
434283	434360	78	2.71	3	3
434832	434881	50	6.08	3	14
436427	436475	49	1.96	2	2
438112	438198	87	1.98	2	2
439210	439213	4	2.25	3	3
439799	439845	47	3.38	3	4
441448	441489	42	0.98	1	1
442217	442364	148	1.59	2	2
443909	443936	28	0.96	1	1
445283	445301	19	44.53	45.5	91
445743	445839	97	9.11	6	20
446416	446456	41	5.71	6	10
446679	446723	45	15.96	15	23
449513	449582	70	3.01	2	7
449775	449780	6	4.17	5	5
450063	450139	77	16.69	16	25
451609	451640	32	3.84	4	6
452964	452998	35	10.69	11	14
455854	455922	69	2.59	2	4
456967	457133	167	1.22	1	2
463712	463754	43	0.98	1	1
465481	465542	62	3.56	3	5
466698	466734	37	1.14	1	2
466996	467039	44	0.98	1	1
467535	467574	40	1.48	1	3
468052	468179	128	4.18	2	11
468254	468314	61	0.59	1	1
469101	469133	33	0.97	1	1
471909	471936	28	2.89	3	3
472996	473084	89	3.55	3	5
473733	473817	85	1.32	1	2
476016	476047	32	3.34	3	4
476909	477152	244	1.84	2	3
478560	478592	33	0.97	1	1
481418	481430	13	8.38	9	10
483842	483957	116	3.62	4	5
484774	484831	58	1.97	2	2
490342	490347	6	2.50	3	3
492424	492494	71	2.35	2	4
494341	494396	56	3.07	3	4
497075	497163	89	3.69	4	5
497680	497709	30	1.63	2	2
498910	498946	37	3.11	3	5
500095	500196	102	3.01	3	5
500848	500909	62	2.27	2	3
500983	501019	37	4.14	4	5
503794	503905	112	3.60	3	8
505404	505539	136	3.89	3	9
506629	506635	7	21.00	24.5	25
507077	507378	302	4.73	4	16
508249	508316	68	5.40	5	6
509025	509129	105	11.89	12	87
509458	509500	43	2.63	3	3
512551	512759	209	4.94	5	7
515876	515937	62	4.02	4	5
517405	517447	43	3.77	4	5
517700	517735	36	5.31	5	6
520154	520165	12	4.58	5	6
520742	520797	56	3.50	4	5
521660	521729	70	8.91	7	15
523108	523147	40	7.03	7	9
525460	525509	50	14.26	14	16
526528	526540	13	3.92	4	5
527351	527495	145	5.19	3.5	13
527570	527620	51	3.41	3	9
528821	528975	155	1.03	1	2
529393	529405	13	3.31	4	4
529883	529886	4	3.75	5	6
531100	531154	55	4.40	4	5
532117	532212	96	4.49	5	5
533749	533759	11	2.73	3	3
534909	534918	10	2.70	3	3
535399	535427	29	1.83	2	2
535842	535944	103	1.91	2	2
537746	537754	9	1.78	2	2
539270	539522	253	1.74	1	7
540602	540674	73	4.34	5	5
541959	541961	3	4.67	7	7
542217	542256	40	1.25	1	2
542899	543006	108	7.41	9	11
543637	543698	62	1.97	2	2
544728	544951	224	5.07	5	9
546914	547025	112	2.12	2	3
547770	547790	21	7.10	8	8
548196	548277	82	3.11	3	6
548956	548966	11	1.82	2	2
549216	549271	56	2.95	3	4
551377	551423	47	4.53	4	6
552018	552057	40	0.00	0	0
553815	553838	24	1.29	1	2
555461	555566	106	6.01	7	9
556359	557835	1477	4.63	2	19
557942	558009	68	3.87	4	6
560603	560849	247	3.15	3	5
562784	562835	52	2.40	2	4
566489	566518	30	10.30	10	12
567686	567729	44	2.43	2	3
568687	568761	75	1.28	1	2
570238	570263	26	2.15	2	3
571224	571308	85	1.34	1	3
573242	573344	103	2.45	2	4
574455	574620	166	13.62	17	24
576688	576871	184	5.46	3	11
578760	578836	77	1.00	1	2
580366	580374	9	4.44	5	5
580780	580880	101	1.44	1	3
582522	582619	98	5.34	6	9
584680	584720	41	3.90	4	4
585546	585588	43	2.63	1	8
586327	586379	53	20.51	21.5	23
586668	586672	5	4.00	5	5
590069	590076	8	2.12	2	3
590296	590361	66	4.30	4	5
591343	591365	23	4.78	5	5
592267	592434	168	3.14	3	4
593253	593322	70	4.26	4	7
594224	594260	37	2.46	3	3
594426	594438	13	11.38	12	13
594937	594988	52	3.25	3	4
596944	596990	47	11.32	12	13
597720	597913	194	17.49	18	22
598262	598514	253	20.95	16	42
599307	599990	684	13.22	13	26
602356	602453	98	31.93	6	160
603384	603470	87	2.61	1	18
604821	604862	42	5.86	6	6
605316	605324	9	1.78	2	2
606480	606550	71	5.93	6	8
608759	608833	75	2.73	2	6
609734	609777	44	3.36	3	4
610174	610237	64	3.22	3	5
610946	610989	44	0.98	1	1
612466	612534	69	2.00	2	3
613948	613966	19	5.95	6	7
614609	614610	2	2.50	5	5
614773	614832	60	10.13	10	14
615172	615234	63	6.30	3	12
617415	617531	117	129.00	162.5	168
618114	618170	57	1.61	2	2
619190	619251	62	7.90	8	9
620371	620419	49	9.61	10	12
621170	621183	14	3.07	3	5
623926	624001	76	10.70	11	13
625052	625089	38	5.76	5	8
625375	625387	13	5.54	6	6
627590	627595	6	4.17	5	5
629826	629844	19	3.53	4	4
631586	631625	40	4.30	4	6
632091	632092	2	2.00	4	4
632462	632530	69	1.65	2	2
633350	633365	16	1.88	2	2
634046	634119	74	1.01	1	2
634774	634824	51	5.06	5	7
635890	635902	13	1.77	2	3
639026	639055	30	1.50	1	3
639329	639368	40	2.48	3	3
639807	639821	15	3.73	4	4
643248	643313	66	0.98	1	1
643698	643788	91	2.78	3	4
645169	645181	13	0.92	1	1
646706	646761	56	2.27	3	3
648706	648742	37	2.92	3	3
649004	649073	70	3.14	3	4
649638	649675	38	2.16	2	3
649985	649988	4	1.50	2	2
651066	651113	48	5.10	5	9
652257	652303	47	1.00	1	2
652484	652491	8	1.75	2	2
652933	652962	30	1.80	2	2
653431	653432	2	2.00	4	4
655364	655467	104	2.38	3	4
656779	656796	18	1.89	2	2
658584	658589	6	2.50	3	3
659328	659333	6	7.50	9	9
662549	662583	35	1.11	1	2
663610	663658	49	2.47	2	4
663968	664266	299	6.66	6	11
665626	665640	15	2.60	3	3
666007	666021	15	6.87	8	8
666346	666352	7	2.57	3	3
667259	667266	8	4.88	6	6
667864	667870	7	0.86	1	1
669686	669691	6	4.17	5	5
670352	670356	5	4.00	5	5
671380	671387	8	2.62	3	3
672384	672426	43	1.12	1	2
673051	673193	143	2.59	3	4
674403	674698	296	4.99	6	10
675527	675710	184	7.35	7	13
677402	677501	100	6.90	7	12
679194	679214	21	1.43	1.5	2
680566	680637	72	2.07	2	4
681601	681666	66	3.38	3	6
682273	682371	99	6.01	2.5	16
682642	682655	14	3.71	4	4
684063	684072	10	2.60	3	3
685977	686023	47	2.36	2	4
686576	686667	92	1.12	1	2
687058	687067	10	1.80	2	2
687365	687431	67	1.58	2	2
687630	687638	9	3.00	3	4
688991	689027	37	2.32	2	4
689745	689797	53	3.53	4	4
690910	690935	26	3.19	3	4
691905	691920	16	0.94	1	1
693368	693428	61	1.97	2	2
693726	693764	39	3.44	4	4
694215	694260	46	3.35	3	5
695697	695699	3	2.00	3	3
697141	697166	26	3.85	4	4
697686	697723	38	5.50	5	7
699160	699194	35	1.80	2	2
700942	701011	70	2.89	3	3
702124	702164	41	2.00	2	3
702240	702360	121	6.11	6	8
702622	702630	9	8.33	10	10
703391	703412	22	1.91	2	3
704175	704280	106	3.39	4	4
705379	705499	121	12.25	9	21
705656	705665	10	4.60	5	6
706704	706787	84	0.67	1	1
710943	710951	9	4.44	5	5
711891	711953	63	4.98	5	6
713034	713107	74	6.45	6	8
713675	713849	175	3.66	4	5
715809	716310	502	7.67	7	17
716554	716620	67	4.60	5	6
717614	717755	142	7.23	6	12
718065	718412	348	6.83	5	14
719331	719776	446	4.33	4	9
720119	720340	222	6.55	6	12
720572	720739	168	2.79	3	5
721097	721296	200	4.04	3	7
722266	722287	22	12.41	13	13
723527	723586	60	1.52	2	2
724214	724238	25	4.04	4	5
726097	726166	70	5.39	6	6
726806	726870	65	2.28	1	8
727135	727173	39	2.92	3	3
727927	728361	435	11.96	9	34
729800	730148	349	12.39	6	431
730953	731321	369	7.53	4	210
734261	734505	245	2457.32	11	8001
734785	734818	34	2.91	3	3
734892	734911	20	2.85	3	3
735449	735486	38	2.63	3	4
735904	735974	71	5.65	5	10
738079	738174	96	3.05	3	4
738466	738474	9	1.78	2	2
739735	739852	118	2.71	3	4
740306	740352	47	3.23	4	4
741100	741116	17	3.47	4	4
742303	742307	5	2.40	3	3
742503	742506	4	0.75	1	1
742903	742904	2	4.50	9	9
744091	744099	9	3.56	4	4
744265	744368	104	0.98	1	1
745329	745413	85	4.13	4	9
745903	745958	56	4.52	4	6
747601	747671	71	8.51	9	10
749883	749962	80	1.23	1	2
755905	756001	97	0.29	0	1
757388	757432	45	1.22	1	2
759213	759219	7	1.71	2	2
759901	760089	189	4.52	5	7
760867	761043	177	1.40	1	3
761416	761460	45	3.24	4	5
762673	762708	36	1.94	2	2
763186	763201	16	5.75	6	8
764495	764504	10	2.70	3	3
764739	764747	9	1.78	2	2
768651	768666	16	1.88	2	2
771132	771143	12	2.83	3	4
772305	772396	92	0.54	1	1
773543	773560	18	5.67	6	6
774809	774826	18	3.78	4	4
778535	778558	24	2.58	3	3
779192	779266	75	1.97	2	2
779624	779634	11	1.82	2	2
780922	780950	29	3.38	4	5
781994	781999	6	4.83	6	6
783367	783407	41	1.07	1	2
783690	783780	91	10.13	14	16
785149	785183	35	4.86	5	5
787088	787110	23	1.91	2	2
788401	788435	35	1.94	2	2
790781	790839	59	1.31	1	3
793655	793683	29	2.34	2.5	3
794197	794230	34	1.94	2	2
794982	795455	474	47.70	5	213
795771	796147	377	2.62	1	38
797771	797814	44	37.86	38	53
798595	798696	102	30.16	30	36
799798	799802	5	11.60	14.5	15
800958	801011	54	16.02	17	18
803267	803304	38	6.45	6	8
804931	805011	81	3.90	4	5
805720	805765	46	4.72	5	10
806501	806540	40	1.88	2	2
806970	807003	34	4.09	4	5
808288	808294	7	1.57	2	2
808850	808907	58	2.86	3	4
810565	810598	34	0.97	1	1
812769	812868	100	2.93	3	3
814204	814227	24	2.50	3	3
814696	814808	113	1.72	2	4
816106	816144	39	3.10	3	4
816568	816603	36	5.06	4	7
817221	817279	59	1.25	1	2
817961	817967	7	0.86	1	1
820200	820251	52	1.02	2	2
820834	820933	100	2.53	3	3
823893	824138	246	17.11	5	45
824508	824524	17	3.53	4	4
824780	824888	109	5.61	5	11
826146	826201	56	6.50	6	8
827394	827423	30	4.83	5	5
828972	828979	8	7.00	8	8
829600	829641	42	2.14	2	3
830197	830235	39	0.97	1	1
833142	833149	8	2.88	3	4
834940	834972	33	4.52	5	5
837848	837926	79	1.80	2	3
840620	840688	69	4.10	4	5
842361	842469	109	0.95	1	2
842755	842842	88	14.66	18	27
842965	843027	63	322.86	1	2221
844216	844272	57	1.96	2	2
844828	844868	41	3.37	2	6
845506	845572	67	8.58	8	19
847226	847333	108	9.93	11	23
847997	848042	46	1.96	2	2
851835	851967	133	3.68	3	15
853624	853724	101	2.21	2	3
856317	856363	47	1.87	2	4
857714	857776	63	2.71	2	5
858851	858867	17	2.94	3	4
859941	859952	12	5.50	6	6
860178	860362	185	7.78	8	15
862221	862258	38	1.32	1	2
863405	863423	19	1.89	2	2
863634	863700	67	1.15	1	2
864412	864446	35	5.66	6	6
865839	865877	39	4.26	3	9
866268	866320	53	8.60	8	11
867359	867463	105	8.12	7	14
868130	868153	24	5.25	5	6
868261	868352	92	3.10	3	7
870540	870590	51	1.39	1	2
870810	870816	7	6.00	7	7
871006	871053	48	8.58	9	10
871690	871739	50	8.40	9	10
874893	874934	42	2.36	2	4
877141	877235	95	3.78	3	8
877815	877915	101	4.80	5	9
878918	879023	106	4.32	4	6
879330	879351	22	1.91	2	2
880323	880378	56	3.71	4	4
881753	881931	179	21.09	15	38
882005	882086	82	1.13	1	2
882172	882316	145	6.18	5	11
883709	883798	90	2.96	3	4
885516	885563	48	2.73	3	3
887426	887454	29	2.21	2.5	3
888459	888493	35	3.57	4	4
889424	889432	9	5.56	6	7
889952	890051	100	2.65	3	4
890646	890768	123	5.80	6	10
891825	891864	40	5.42	6	6
893878	893943	66	6.89	7	8
894133	894413	281	5.89	6	8
896081	896101	21	7.24	8	8
897083	897140	58	2.67	3	6
898383	898479	97	2.84	3	4
902270	902275	6	1.67	2	2
903209	903243	35	2.94	3	4
904482	904533	52	5.90	4	13
908367	908426	60	1.02	1	2
910370	910376	7	2.57	3	3
911895	911966	72	1.12	1	2
912617	912831	215	0.93	1	1
913051	913093	43	1.77	1	3
913325	913338	14	1.86	2	2
913486	913805	320	4.13	3	9
914043	914050	8	3.50	4	4
914921	916102	1182	2.25	2	10
918296	918358	63	1.97	2	2
919919	919929	11	3.64	4	4
920557	920716	160	3.63	4	6
922568	922578	11	3.00	3	4
922828	922895	68	2.49	3	3
924120	924314	195	1.06	1	2
925644	925658	15	1.87	2	2
926559	926660	102	2.26	2	3
926874	926981	108	2.67	3	4
928509	928544	36	3.31	3	4
929648	929695	48	2.35	2	3
930158	930205	48	4.25	4	6
932203	932311	109	1.75	2	3
933462	933494	33	2.27	2	3
934518	934557	40	1.95	2	2
934804	934822	19	0.53	1	1
935162	935173	12	0.92	1	1
935855	935890	36	0.97	1	1
936972	937032	61	4.89	5	6
938173	938238	66	2.30	2	3
938620	938639	20	4.40	5	6
939237	939241	5	1.60	2	2
941665	941963	299	2.73	3	7
944729	944732	4	4.50	6	6
945360	945453	94	0.84	1	2
945628	945701	74	18.57	19	20
947992	948030	39	1.03	1	2
948715	948776	62	1.58	2	2
949290	949436	147	2.82	3	4
949510	949912	403	3.20	3	7
950165	950679	515	2.69	2	6
951263	952929	1667	3.26	2	12
954388	954486	99	1.88	2	2
955417	957274	1858	9.82	6	66
958748	958906	159	2.12	2	3
959153	959154	2	0.50	1	1
961622	961721	100	3.36	4	5
962457	962558	102	5.73	6	8
963183	963228	46	1.85	2	3
963535	963570	36	0.39	0	1
964963	965136	174	3.83	4	6
967940	967972	33	1.76	2	2
969026	969128	103	2.83	3	4
970416	970465	50	2.32	3	3
970712	970825	114	2.44	2	5
971312	971368	57	10.35	11	11
973028	973087	60	3.23	3	5
974387	974409	23	0.96	1	1
975259	975349	91	2.01	2	3
975599	976146	548	3.49	2	17
978259	978283	25	3.84	4	4
980015	980021	7	2.57	3	3
980319	980354	36	6.94	7	8
980766	980807	42	4.60	4	6
982086	982102	17	4.71	5	5
984951	985042	92	1.87	2	3
985859	985899	41	3.07	2	6
986227	986269	43	3.91	4	4
986837	986934	98	2.84	3	3
988178	988277	100	2.59	2	4
990524	990539	16	2.06	2	3
992226	992319	94	3.91	4	5
992656	992674	19	3.63	4	4
993212	993305	94	1.60	2	3
995769	995853	85	2.56	3	3
998135	998171	37	3.95	4	5
1000029	1000069	41	3.88	4	5
1000307	1000393	87	0.92	1	1
1000655	1000815	161	54.32	25.5	113
1000901	1001011	111	3.37	3	5
1002786	1002922	137	6.28	6	11
1006351	1006411	61	1.80	2	3
1006817	1006884	68	0.99	1	1
1007983	1008226	244	1.80	2	4
1009805	1010634	830	2.16	2	6
1011388	1011521	134	1.76	2	3
1016254	1016256	3	1.33	2	2
1018149	1018154	6	1.17	1	2
1019196	1019203	8	3.12	4	4
1019648	1019784	137	1.28	1.5	3
1022003	1022010	8	3.50	4	4
1023076	1023088	13	0.92	1	1
1023656	1023657	2	1.50	3	3
1024443	1024444	2	0.50	1	1
1025756	1025764	9	3.56	4	4
1026389	1026396	8	6.12	7	7
1027723	1027859	137	4.07	5	6
1028574	1028703	130	3.39	3	7
1029439	1030566	1128	4.24	4	10
1030643	1030723	81	10.83	9	21
1031751	1031811	61	7.25	5.5	16
1033495	1033640	146	1.23	1	3
1035169	1035245	77	5.68	6	7
1035942	1035954	13	0.92	1	1
1036132	1036176	45	2.78	3	4
1038109	1038114	6	7.17	9	10
1038445	1038513	69	4.62	5	6
1039850	1039851	2	4.50	9	9
1040833	1040930	98	17.99	19	24
1042128	1042181	54	3.46	4	6
1043985	1044062	78	1.40	1	3
1047329	1047371	43	2.93	3	3
1048743	1048772	30	0.97	1	1
1049829	1049921	93	1.33	1	2
1051853	1051854	2	1.50	3	3
1052296	1052305	10	0.90	1	1
1053493	1053501	9	3.56	4	4
1055116	1055154	39	2.64	3	3
1056313	1056348	36	4.47	5	5
1056907	1056927	21	4.62	4	7
1057034	1057843	810	3.40	2	22
1059865	1060514	650	2.41	1	11
1062089	1062097	9	2.67	3	3
1063148	1063259	112	2.77	3	3
1065904	1065958	55	3.51	3	5
1066454	1066500	47	0.96	1	2
1066717	1066898	182	31.66	35	55
1067172	1067207	36	3.33	3	4
1069250	1069317	68	1.29	1	2
1069402	1069414	13	3.15	4	4
1070450	1070488	39	3.31	3	4
1072841	1072901	61	9.30	9	13
1074190	1074233	44	0.98	1	1
1075152	1075185	34	8.50	9	9
1076071	1076151	81	3.15	3	5
1077026	1077104	79	3.08	2	7
1079924	1079929	6	1.67	2	2
1080737	1080779	43	0.98	1	1
1081761	1081790	30	2.97	3	4
1082211	1082218	8	1.50	2	2
1083242	1083249	8	2.62	3	3
1083589	1083676	88	1.91	2	3
1084325	1084341	17	1.88	2	2
1084639	1084690	52	3.79	4	5
1085375	1085466	92	3.25	4	6
1087497	1087519	23	21.26	22	23
1089622	1089895	274	14.70	17	32
1090058	1090243	186	8.98	9	17
1090475	1090511	37	3.73	4	4
1092603	1092632	30	3.57	4	4
1094067	1094162	96	3.62	4	5
1095654	1095869	216	1.99	2	4
1096782	1096835	54	3.39	3	4
1098403	1098499	97	2.81	3	4
1099883	1099958	76	0.03	0	1
1100229	1100484	256	3.28	3	9
1100941	1101300	360	3.00	3	6
1102102	1102313	212	2.23	2	4
1102848	1102858	11	0.91	1	1
1103045	1103173	129	2.67	3	7
1104431	1104476	46	2.85	2	6
1105989	1106037	49	8.10	9	9
1108549	1108644	96	2.60	3	3
1110680	1110775	96	3.21	3	4
1113974	1114016	43	2.14	2	3
1114860	1114877	18	3.56	4	4
1115577	1115734	158	4.90	3	10
1119569	1119622	54	1.37	1	2
1121682	1121741	60	5.75	5	8
1122708	1122711	4	2.25	3	3
1124055	1124106	52	2.40	2	4
1126117	1126191	75	10.69	2	30
1126924	1126946	23	4.83	5	6
1128060	1128159	100	1.89	2	3
1128415	1128576	162	4.86	3	17
1129414	1129491	78	4.27	4	5
1129882	1130093	212	2.62	3	4
1133060	1133119	60	0.03	0	1
1133981	1134039	59	0.98	1	1
1134622	1134894	273	7.11	5	31
1135369	1135381	13	3.85	4	5
1135826	1135877	52	3.83	3	6
1136355	1136370	16	5.62	6	6
1137004	1137012	9	2.67	3	3
1137625	1137628	4	1.50	2	2
1138522	1138523	2	2.00	4	4
1139082	1139159	78	1.72	2	3
1139472	1139545	74	1.55	1	3
1139714	1139811	98	10.05	13	14
1141119	1141192	74	4.58	5	5
1141601	1141607	7	1.71	2	2
1144159	1144172	14	1.86	2	2
1146558	1146617	60	1.97	2	2
1146692	1146806	115	1.58	2	2
1147038	1147043	6	1.67	2	2
1147164	1147433	270	2.74	3	5
1148655	1148670	16	0.94	1	1
1149019	1150117	1099	8.61	8	28
1150193	1150317	125	1.96	2	2
1154427	1154551	125	0.74	1	1
1158092	1158194	103	4.51	3	9
1158519	1158676	158	3.96	3	12
1158896	1158917	22	2.00	2	3
1160226	1160300	75	9.23	9	13
1162089	1162323	235	2.85	2	5
1163305	1163473	169	4.84	6	8
1164230	1164244	15	2.80	3	3
1165160	1165199	40	2.90	2	6
1165674	1165750	77	8.23	6	15
1166627	1166882	256	1.66	2	3
1167444	1167449	6	1.67	2	2
1168345	1168412	68	0.41	0	1
1168947	1168954	8	4.38	5	5
1172332	1172407	76	1.71	2	3
1173840	1173844	5	0.80	1	1
1174565	1174671	107	2.89	3	4
1175499	1175588	90	3.72	4	6
1175865	1175926	62	7.66	6	16
1177709	1177841	133	3.80	4	7
1178100	1178104	5	0.80	1	1
1179616	1180814	1199	3.21	2	15
1180889	1180907	19	19.16	20	22
1180977	1181067	91	1.66	1	12
1181575	1182110	536	2.55	2	5
1182873	1182913	41	3.56	4	4
1183967	1183970	4	1.50	2	2
1185186	1185343	158	3.37	4	5
1186887	1186971	85	1.96	2	2
1188442	1188623	182	2.75	3	7
1189680	1189688	9	0.89	1	1
1191009	1191014	6	1.67	2	2
1191978	1192120	143	3.24	3	6
1192211	1192298	88	1.98	2	3
1193636	1193642	7	2.71	3	4
1194420	1194434	15	5.27	6	7
1194870	1194871	2	6.50	13	13
1195553	1195571	19	3.63	4	4
1196661	1196709	49	5.41	6	8
1197274	1197334	61	10.16	10	13
1198088	1198411	324	6.13	3	20
1201094	1201135	42	13.76	13	20
1201508	1201568	61	2.93	3	10
1203164	1203278	115	3.16	2.5	9
1206816	1206891	76	8.96	10	12
1207534	1207556	23	6.17	7	7
1207631	1207907	277	1.97	1	4
1209264	1209283	20	2.85	3	3
1209965	1209981	17	2.82	3	3
1210306	1210339	34	3.94	4	5
1212194	1212229	36	2.86	3	4
1212863	1212946	84	2.31	2	3
1214861	1214913	53	8.74	7	16
1216852	1216886	35	1.94	2	2
1217796	1217848	53	1.98	2	3
1218269	1218275	7	4.29	5	5
1219403	1219461	59	1.81	2	3
1219547	1219680	134	11.46	5	24
1220884	1220969	86	3.80	2	9
1222236	1222252	17	12.53	13.5	15
1224245	1224313	69	36.72	36	45
1227076	1227118	43	1.42	1	3
1228863	1229190	328	16.56	10	43
1229980	1229983	4	4.50	6	6
1231232	1231311	80	1.99	2	3
1232131	1232140	10	2.70	3	3
1233510	1233514	5	3.20	4	4
1234475	1234611	137	4.26	5	7
1238359	1238521	163	8.67	9	12
1238861	1238932	72	4.26	5	7
1239572	1239650	79	2.92	3	3
1241514	1241741	228	3.86	5	6
1243962	1244013	52	1.75	2	2
1244869	1245034	166	0.98	1	4
1245119	1245158	40	1.95	2	2
1248289	1248417	129	1.74	2	2
1250557	1250643	87	7.41	3	18
1250718	1250760	43	2.86	2	5
1251967	1251981	15	1.87	2	2
1252096	1252124	29	4.79	5	6
1252950	1252988	39	11.08	11	13
1257078	1257128	51	2.94	3	3
1257483	1257591	109	2.07	2	3
1257934	1257941	8	10.50	12	12
1258542	1258599	58	19.26	21	25
1262859	1262986	128	8.02	8	11
1264175	1264308	134	4.25	4	6
1264477	1264495	19	1.89	2	2
1265351	1265405	55	4.40	4	7
1265898	1265906	9	7.33	8	11
1266696	1266816	121	29.99	35	41
1266902	1266943	42	1.10	1	2
1268111	1268213	103	2.77	3	4
1268287	1268356	70	6.50	7	8
1268723	1268724	2	5.50	11	11
1269136	1269148	13	4.69	5	6
1269524	1269527	4	0.75	1	1
1270880	1270917	38	1.61	2	2
1271080	1271087	8	9.75	11	12
1271487	1271552	66	5.85	5	10
1271934	1271968	35	8.29	9	10
1273901	1273946	46	7.09	5	15
1275153	1275179	27	3.48	4	4
1275897	1276030	134	3.01	3	4
1276105	1276190	86	1.70	2	3
1277310	1277345	36	3.89	4	4
1280959	1281024	66	2.91	3	4
1282232	1282244	13	0.00	0	0
1283870	1283914	45	131.56	140	142
1284173	1284244	72	0.53	0	2
1285601	1285612	12	2.75	3	3
1288183	1288261	79	1.91	2	2
1289321	1289352	32	5.03	5	6
1289429	1289719	291	5.31	6	7
1290692	1290786	95	6.75	6	11
1290863	1290897	35	2.97	3	4
1292257	1292289	33	1.70	2	3
1293926	1294043	118	1.12	1	2
1294455	1294456	2	0.50	1	1
1294910	1294944	35	3.63	4	4
1296273	1296514	242	46.48	20	113
1297532	1297538	7	0.71	1	1
