#start	end	length	mean	median	max
1	317	317	34.15	3	205
1671	1866	196	8.34	6	22
3010	3121	112	80.85	16	261
4463	4578	116	0.00	0	0
4864	4869	6	24.17	29	31
5980	6030	51	12.59	14	18
7969	8065	97	1.18	1	4
10592	10728	137	57.07	18.5	183
12241	12258	18	18.33	25	26
12775	12918	144	167.98	39	674
15873	16219	347	9.32	2	106
17324	17344	21	43.71	42	58
19921	19924	4	13.50	18	18
20255	20308	54	126.46	185	193
21425	21652	228	0.54	0	3
23084	23132	49	8.35	12	12
23952	24194	243	131.64	2	1199
24933	24950	18	5.83	6	7
25350	25351	2	9.00	18	18
25838	25862	25	0.60	1	1
27466	27495	30	0.60	1	1
28198	28254	57	1.82	3	3
28894	29100	207	1405.18	21	8004
31003	31089	87	7.41	2	17
31963	31998	36	0.00	0	0
32107	32198	92	481.90	1	1254
32535	32572	38	26.16	24	47
33380	33398	19	2.84	3	3
34452	34655	204	0.79	0	4
38018	38032	15	0.00	0	0
39383	39386	4	0.00	0	0
40470	40706	237	0.15	0	1
41730	41804	75	0.48	0	1
44269	44283	15	1.40	1.5	2
45223	45326	104	8.37	2	45
46434	46452	19	12.47	14	14
47230	47336	107	776.04	0	3217
47994	48075	82	35.23	3	298
49306	49586	281	47.06	12	395
49878	49935	58	72.52	19	241
50470	50515	46	30.70	9	116
50753	50908	156	16.03	3	47
51518	51775	258	13.62	0	87
52533	52630	98	4.12	4	16
53924	53944	21	21.14	22	23
54670	54838	169	36.29	16	148
56810	56814	5	24.20	30	31
57259	57285	27	23.78	26	36
58636	58693	58	59.31	57	100
58841	58896	56	27.25	27	55
60187	60227	41	260.24	165	516
60402	60505	104	0.73	0	3
60797	60947	151	0.97	0	3
64657	64676	20	0.00	0	0
64926	64949	24	0.00	0	0
66066	66152	87	0.00	0	0
70647	70654	8	0.88	1	1
71394	71407	14	0.00	0	0
71714	71734	21	0.00	0	0
72371	72384	14	0.00	0	0
73657	73762	106	0.93	0	3
74096	74131	36	0.56	0	2
74570	75135	566	2.18	0	22
75730	75799	70	0.24	0	1
76520	76759	240	10.42	2	67
78580	78604	25	32.44	35	41
79268	79374	107	45.71	0	219
80329	80418	90	4.12	2	9
80489	81053	565	13.36	2	152
81840	81843	4	0.75	1	1
82465	82703	239	1.47	1	5
83028	83124	97	2.51	1	7
83491	83548	58	0.00	0	0
84530	84922	393	0.13	0	2
85610	85689	80	0.17	0	1
93870	93928	59	0.19	0	1
94169	94182	14	0.93	1	1
97571	97573	3	0.00	0	0
98942	98956	15	0.00	0	0
99828	100005	178	0.98	1	3
100636	100935	300	44.69	0	974
101899	101924	26	9.27	10	11
102729	102752	24	39.33	37	56
103662	103775	114	131.39	82	417
104178	104301	124	24.56	5	84
104650	104717	68	18.62	24	32
105009	105122	114	0.58	0	17
105411	105426	16	0.94	1	1
106057	106151	95	161.93	15	534
106521	106803	283	53.13	0	421
109084	109188	105	15.01	0	62
110089	110115	27	110.33	76	244
113630	113774	145	7.57	0	38
114606	114642	37	3.68	5	6
115756	115864	109	37.64	1	228
117235	117455	221	16.29	2	135
117906	117913	8	0.00	0	0
118247	118465	219	13.77	1	52
118892	118905	14	4.64	5	5
119320	119599	280	1.60	2	7
119987	120001	15	1.87	2	2
120512	120561	50	0.90	1	1
120862	120917	56	2.84	4	5
123978	123989	12	0.42	0	1
125413	125429	17	15.06	16	16
126003	126019	17	10.41	12	13
127030	127050	21	0.95	1	1
128180	128220	41	20.80	17	36
130567	130762	196	21.11	16	117
131510	131581	72	425.71	495	761
133088	133268	181	263.05	1	1519
133500	133513	14	8.36	10	10
133790	133932	143	97.77	9.5	415
134033	134121	89	1290.81	407	3155
135694	135797	104	90.45	44	254
136746	136758	13	73.31	78.5	88
137650	137852	203	1.78	0	15
138135	138137	3	0.00	0	0
139808	139821	14	0.93	1	1
140257	140258	2	1.00	2	2
140607	140716	110	2.41	0	9
140921	140936	16	0.94	1	1
141342	141725	384	0.18	0	1
142107	142242	136	0.11	0	1
142612	142658	47	0.45	0	1
142968	143107	140	115.04	25	416
144761	144984	224	1074.50	0	8015
145921	145935	15	0.93	1	1
147393	147398	6	0.00	0	0
148077	148358	282	14.43	0	184
150696	150743	48	7.96	12	15
151554	151839	286	8.06	1	45
153922	154116	195	0.83	0	7
155830	155873	44	25.89	21	37
156702	156920	219	99.96	0	423
157911	157918	8	160.88	229	247
158750	158762	13	5.54	6	10
159150	159200	51	88.76	121	127
161094	161140	47	34.72	41.5	48
161423	161539	117	19.20	2	76
162395	162458	64	3.75	0	11
163722	164119	398	149.79	1	1656
166460	166624	165	3.62	1	11
166720	167357	638	11.37	3	198
167661	167766	106	75.67	1	225
169012	169291	280	3.30	0	30
170150	170223	74	78.08	1	231
172216	172382	167	36.69	19	152
173595	173632	38	25.66	22	51
174509	174510	2	0.50	1	1
175357	175386	30	33.50	22	68
176641	176725	85	37.36	20	124
180026	180030	5	30.40	38	38
182320	182325	6	69.50	83	84
183985	184059	75	139.49	114.5	308
184855	185148	294	48.03	0	639
186373	186428	56	173.77	253	291
187930	188051	122	285.80	8	2003
188307	188447	141	517.30	40	2026
189327	189350	24	36.12	43	45
190086	190251	166	1024.45	7	4995
191068	191244	177	4.02	1	37
191920	191970	51	2.12	3	4
193866	194552	687	89.66	0	1171
194859	194980	122	2400.89	135	8003
195287	195675	389	111.90	6	842
197047	197099	53	28.62	11.5	76
198054	198098	45	12.02	12	15
198925	199082	158	118.02	3	507
200034	200277	244	53.12	22	219
201865	202047	183	29.19	3.5	144
202166	202197	32	42.03	4	143
203728	203928	201	7.33	1	61
205846	205875	30	65.50	63	135
206752	206825	74	36.19	26	61
207147	207283	137	2.66	1.5	9
207743	207795	53	6.02	8	10
208126	208194	69	8.87	6.5	20
208867	208945	79	38.35	36	65
209885	210180	296	337.15	2	2529
210802	210893	92	145.23	104	316
211476	211584	109	815.24	304.5	2565
212143	212259	117	19.97	22	58
215797	215829	33	18.00	23	27
217417	217442	26	13.00	15	19
217719	217949	231	15.26	9	62
218334	218486	153	158.71	168	287
218913	219021	109	517.55	50.5	1586
220966	221313	348	22.51	8	257
223387	223504	118	5.82	2	23
224282	224299	18	22.67	23	31
225182	225299	118	142.78	7	537
226224	226343	120	14.36	0	54
226452	226545	94	0.87	1	2
226655	226748	94	0.06	0	1
226858	226869	12	0.42	0	1
227935	227950	16	29.75	33	33
228795	228873	79	90.54	8	234
229867	229983	117	22.28	4	71
231478	231928	451	675.03	37	7999
233476	233726	251	1758.55	61	8001
236654	236734	81	3339.46	1963	7305
236849	236859	11	1871.55	2021	2600
236930	236940	11	306.73	430.5	441
237014	237057	44	77.55	4	1237
237128	237135	8	335.25	458	500
237215	237231	17	74.24	80	113
237301	237324	24	51.04	59	74
237408	237422	15	23.93	22.5	54
237494	237506	13	731.77	739.5	1302
237578	237599	22	317.50	179	622
237673	237950	278	1079.91	102	7999
239498	239748	251	1756.24	59	8005
242676	242756	81	3370.19	1959	7325
242871	243016	146	67.75	4	812
243473	243487	15	25.33	30.5	32
245023	245053	31	7.29	6	13
247514	247661	148	30.99	9	95
249033	249168	136	24.73	8	136
250240	250261	22	13.27	15	16
251424	251444	21	47.10	54	61
252918	253317	400	1036.67	6	8005
253930	253938	9	5.78	7	7
255352	255357	6	10.67	13	14
255766	255767	2	14.50	29	29
256521	256525	5	16.80	21	24
257036	257118	83	841.87	76	4535
257722	257827	106	80.72	37	215
257975	257996	22	113.59	130	138
258174	258305	132	464.22	129	1490
258837	258893	57	18.72	19	26
259362	259490	129	17.74	13	57
259914	259955	42	15.81	17	29
260643	260693	51	12.49	12	20
260835	260892	58	341.09	408	605
261391	261471	81	9.12	9	17
261832	261991	160	61.71	26	296
262166	262273	108	45.81	9	262
262886	262939	54	76.78	14	259
263095	263234	140	21.14	17	61
264411	264912	502	590.46	9	8006
268465	268637	173	41.28	15	171
272241	272318	78	57.88	45	117
272862	272929	68	3.31	0	9
274388	274663	276	6.33	0	60
276134	276273	140	7.67	0	43
277918	278127	210	7.27	2	38
279829	280039	211	1.29	0	8
281537	281674	138	16.87	0	86
282812	282961	150	1.59	1	5
283376	283384	9	3.33	4	5
284342	284415	74	67.50	0	196
285049	285134	86	38.98	6	99
287019	287034	16	115.69	133	140
287662	287667	6	0.50	1	1
289102	289223	122	3.89	2	12
290034	290171	138	219.21	0	998
290673	290711	39	22.15	22	26
291372	291632	261	5.34	4	25
292473	292491	19	27.68	30.5	32
293311	293429	119	20.65	11	71
294399	294439	41	2.61	3	5
295538	295830	293	22.54	0	173
298523	298774	252	21.94	0	250
299438	299444	7	0.00	0	0
300225	300298	74	2.89	2	15
300797	300809	13	0.92	1	1
301128	301195	68	8.62	9	14
301421	301497	77	10.17	8	22
302167	302330	164	3.48	1	19
303108	303199	92	78.10	37	181
304873	304889	17	6.59	8.5	9
305709	305821	113	50.27	43	197
305939	306093	155	116.80	0	807
307273	307487	215	13.79	8	42
308199	308385	187	19.21	4	90
311535	311539	5	24.40	30.5	31
312377	312498	122	60.65	55	170
314930	315618	689	5.97	0	63
316096	316373	278	4.07	2	28
317175	317184	10	31.40	43	56
317737	317878	142	1.76	1	7
320601	320606	6	13.17	15	19
323643	324946	1304	5.79	2	60
325442	325597	156	0.85	0	4
326483	326571	89	2.69	2	6
327208	327215	8	123.62	141	143
329085	329185	101	55.58	0	192
330497	330503	7	0.86	1	1
330792	330810	19	0.00	0	0
332534	332699	166	53.58	2	281
332985	333022	38	5.29	4	12
333575	333782	208	42.76	53	112
336085	336145	61	13.92	18.5	24
336530	336645	116	46.28	1	223
337789	337806	18	36.89	39	40
338233	338496	264	24.29	0	97
340156	340203	48	34.02	41	52
341029	341069	41	1.98	1	4
341853	341885	33	8.45	0	35
341989	342077	89	207.03	27.5	504
344993	345020	28	29.18	34	37
346434	346710	277	205.39	14	1005
347368	347553	186	36.68	0	193
347944	347992	49	1.88	1	4
348761	348916	156	0.78	0	4
349397	349659	263	0.68	0	3
350560	350724	165	4.01	2	12
351595	351903	309	0.56	0	5
355843	355934	92	0.00	0	0
356661	356846	186	2.22	1	9
358746	359243	498	1.47	0	12
359577	360007	431	2.10	0	15
365342	365567	226	3.75	0	27
366090	366305	216	1.28	0	9
366588	366590	3	0.67	1	1
368402	368413	12	2.75	3	5
368783	368874	92	0.74	0	2
369160	369382	223	1.43	1	5
369752	369797	46	0.43	0	1
369984	370083	100	4.95	2	13
370414	370481	68	58.16	1	135
372477	372480	4	1.75	2	3
373135	373183	49	2.78	4	4
373946	373971	26	0.35	0	1
374416	374424	9	0.56	0	4
375187	375192	6	0.83	1	1
375841	375864	24	2.88	3	3
376858	376881	24	1.58	2	2
377221	377238	18	1.67	2	2
377668	377754	87	0.83	0	2
378130	378314	185	6.92	0	43
379077	379143	67	34.67	41.5	65
379555	379602	48	6.15	7	9
381127	381365	239	93.99	1	419
382884	383059	176	4.72	2	21
384074	384266	193	3.39	0	16
384720	384735	16	0.00	0	0
386128	386129	2	0.50	1	1
386988	387046	59	43.32	50	56
388055	388156	102	6.49	4	18
389065	389162	98	2.60	0	23
389778	389878	101	2.76	2	6
390821	390952	132	18.91	3	78
393586	393605	20	0.95	1	1
394869	394943	75	30.81	7	99
395451	395549	99	114.39	7	382
396267	396305	39	19.82	15	33
396639	396681	43	60.33	66	108
397393	397551	159	6.91	0	43
400319	400338	20	0.10	0	1
400639	400727	89	13.98	2	65
400920	400960	41	24.73	27.5	41
401879	401982	104	410.54	79	1076
402400	402620	221	3.65	0	23
403065	403084	20	0.95	1	1
403538	403691	154	0.10	0	1
404319	404547	229	0.16	0	1
404932	405006	75	34.59	36.5	70
405766	405963	198	0.60	0	2
407428	407442	15	0.00	0	0
408262	408280	19	0.00	0	0
409256	409270	15	1.67	2	2
411185	411318	134	47.87	22	194
411688	411783	96	199.79	35	544
412150	412175	26	361.46	421	528
413289	413421	133	60.11	28.5	166
414085	414245	161	19.80	1	94
415493	415529	37	71.68	112.5	136
415977	416172	196	281.98	9	1610
416803	416860	58	1136.52	1687	1886
417284	417288	5	5.60	7	7
418087	418216	130	21.13	1	595
418697	418868	172	20.65	9	77
419654	419659	6	1.50	2	2
420770	420787	18	2.28	3	3
423419	423453	35	2.69	3	3
425386	425513	128	6.84	3	26
426317	426427	111	417.58	34	1314
427433	427450	18	45.61	54	62
427829	427899	71	6.80	6	12
428290	428304	15	12.13	12	25
428725	428952	228	6.51	0	58
431416	431465	50	1.28	1	2
434067	434154	88	9.64	0	59
434251	434268	18	31.72	36	54
435142	435481	340	29.01	0	305
435671	435699	29	37.24	38	57
436507	436802	296	138.13	9	970
438201	438329	129	39.00	14	123
438531	438534	4	9.00	12	12
438943	438997	55	6.22	5	17
439295	439377	83	77.82	29	230
439930	440079	150	5.03	2	19
440890	440943	54	4.74	2	16
442620	442624	5	0.80	1	1
443171	443363	193	4.21	1	22
444219	444381	163	1.55	0	14
446341	446342	2	10.50	21	21
447122	447136	15	7.00	9	10
448241	448258	18	4.72	4	7
450839	450863	25	11.84	3	38
451737	451856	120	0.96	0	5
452424	452439	16	0.00	0	0
453184	453866	683	234.20	4	4359
456267	456353	87	215.16	61	529
458244	458331	88	8.05	9	19
458815	458914	100	36.29	6	260
459758	459898	141	14.25	1	56
460532	460566	35	6.63	6	9
461833	461972	140	8.19	0	18
462474	462519	46	50.22	64	66
464554	464727	174	24.89	0	173
465040	465178	139	101.89	2	578
466106	466336	231	15.67	1	98
469115	469360	246	4.26	1	22
470846	471121	276	1.61	0	17
472109	472165	57	0.00	0	0
473552	473650	99	6.80	2	17
475100	475113	14	0.00	0	0
475267	475566	300	55.84	0	584
476290	476334	45	9.29	13	14
476998	477020	23	0.00	0	0
477774	477892	119	5.30	3	22
481195	481201	7	26.43	37.5	45
482147	482304	158	20.92	0	163
483898	484033	136	4.26	4	15
485315	485317	3	0.00	0	0
487959	488052	94	4.97	3	10
488274	488331	58	526.71	0	1991
488539	488565	27	1.33	0	4
489444	489948	505	4.28	0	53
490132	490152	21	0.52	1	1
490801	491112	312	3.10	1	19
491458	491863	406	0.86	0	5
492104	492188	85	1.44	1	3
493164	493377	214	4.58	0	55
493599	493778	180	94.28	2	405
494154	494455	302	21.75	7	85
494831	495165	335	9.60	1	118
495523	495850	328	18.66	0	161
496409	496520	112	0.53	1	1
498219	498371	153	26.70	6	83
499473	499564	92	8.91	8	19
500042	500201	160	16.19	0	70
500565	500736	172	184.73	0	891
501310	501376	67	251.97	9	649
501545	501638	94	306.23	73	859
502365	502402	38	16.47	18	21
503294	503493	200	5.80	0	56
505486	505587	102	4.43	1	13
506461	506528	68	0.00	0	0
507285	507354	70	1.33	2	2
508261	508337	77	7.00	1	17
510096	510289	194	4.14	0	35
510881	511068	188	23.11	17	67
512026	512102	77	6.10	8	15
512325	512377	53	5.53	7.5	9
513884	514081	198	23.66	0	134
515194	515202	9	0.89	1	1
515851	515961	111	0.87	1	3
518020	518025	6	0.00	0	0
518626	518655	30	0.00	0	0
519121	519139	19	122.26	129	130
519536	519548	13	1.08	1	2
521240	521257	18	0.61	1	1
521549	521565	17	0.94	1	1
522835	522976	142	47.96	0	248
523910	524067	158	56.03	41	174
524427	524523	97	19.22	11	49
524877	525100	224	4.80	0	29
525662	525771	110	6.35	1	27
526450	526476	27	11.44	12	13
526834	526842	9	11.22	12.5	14
527299	527682	384	5.31	0	65
529516	529618	103	208.88	0	756
530048	530096	49	83.51	77	128
531525	531647	123	4.30	5	12
532461	532507	47	3.57	0	14
532600	532743	144	77.62	0	329
533110	533258	149	4.79	0	18
534672	534802	131	21.85	4	74
535808	535841	34	57.06	79	85
537156	537359	204	8.60	1	74
538110	538217	108	7.90	4	39
538659	538706	48	169.83	190	262
540366	540623	258	5.66	0	30
541953	542000	48	5.88	6	9
542739	542970	232	12.84	1	73
545933	545945	13	35.46	38	40
547194	547211	18	23.22	25	26
549261	549275	15	0.93	1	1
550128	550189	62	19.08	9	41
551018	551097	80	40.89	0	141
551365	551385	21	7.38	8	8
552739	552780	42	13.12	19	21
553747	553920	174	48.37	1	241
555241	555346	106	11.21	0	76
557757	557806	50	452.26	477	763
558821	559060	240	81.22	3	301
560252	560293	42	7.71	8	12
561212	561324	113	3.21	1	13
561673	561693	21	0.00	0	0
562678	562700	23	0.00	0	0
563220	563246	27	0.00	0	0
563625	563681	57	0.00	0	0
564930	565189	260	3.28	0	23
566135	566503	369	0.20	0	3
567167	567186	20	0.00	0	0
569206	569240	35	0.00	0	0
569535	569580	46	5.30	1	35
570421	570498	78	0.44	0	1
571528	571586	59	24.34	29	39
572220	572431	212	143.09	0	762
573611	573702	92	5.68	4	18
575179	575309	131	84.56	97	244
576015	576017	3	6.00	9	10
576711	576754	44	8.27	9	10
577793	577986	194	37.95	0	240
578099	578194	96	46.93	46	114
579098	579142	45	313.56	438.5	465
580517	580778	262	11.46	7	56
580923	581011	89	20.80	1	782
581321	581323	3	0.00	0	0
583708	583710	3	4.00	6	6
584293	584295	3	4.00	6	6
587393	587546	154	23.79	18	84
588653	588731	79	21.32	7	109
589761	589803	43	107.91	95.5	209
591097	591192	96	17.00	17	30
591292	591414	123	0.42	0	2
592807	592852	46	74.26	135	135
593579	594010	432	1.62	1	13
595472	595527	56	2.16	1	6
595984	595999	16	2.44	3	3
596750	596880	131	88.11	1	464
597124	597141	18	79.17	97	98
597802	597834	33	6.03	6	7
599017	599106	90	344.68	35	865
600535	600961	427	43.40	0	578
603290	603407	118	115.47	43	490
604578	604838	261	1.45	0	6
605550	605620	71	0.00	0	0
606644	606663	20	0.95	1	1
609127	609245	119	21.08	2.5	77
610647	610786	140	3.61	4	10
611198	611199	2	2.00	4	4
613737	613866	130	4.82	5	9
614407	614636	230	4.77	1	43
615435	615474	40	2.77	3	4
616579	616597	19	3.79	4	4
617873	617983	111	35.06	19.5	107
618082	618322	241	46.34	0	215
618848	618927	80	19.56	4	65
620272	620445	174	0.28	0	1
621145	621222	78	53.10	2	139
621769	621964	196	4.14	2	17
623971	624078	108	91.06	2	279
624577	624626	50	36.08	46	56
625011	625064	54	22.80	14	51
625407	625555	149	111.72	68.5	406
626894	627061	168	215.05	2	1936
627521	627530	10	8.10	9	9
631067	631185	119	56.16	4	255
631483	631529	47	4.68	4	8
633297	633459	163	3.43	3	26
634084	634200	117	17.71	0	67
635646	635743	98	42.10	5	229
636514	636622	109	14.68	4	59
638372	638414	43	1.93	1	4
638907	638988	82	4.62	4	10
640129	640237	109	52.28	13	188
640691	640748	58	120.36	2	277
641139	641237	99	12.76	1	47
641976	642063	88	27.62	6	125
642340	642357	18	11.33	12	17
642622	642661	40	8.45	9	11
643103	643135	33	0.91	1	3
643835	643922	88	135.08	123	418
645600	645905	306	3.02	0	34
650652	650749	98	7.59	2	29
651023	651086	64	62.17	90	104
651612	651972	361	6.20	2	52
654455	654457	3	0.00	0	0
655517	655524	8	0.00	0	0
655840	655868	29	0.00	0	0
657135	657226	92	21.78	1	91
657929	658035	107	4.90	3	19
658450	658465	16	1.88	2	2
659057	659127	71	706.48	768	1359
659215	659283	69	3.23	4	21
659941	660292	352	0.16	0	1
661205	661206	2	0.50	1	1
661564	661693	130	0.77	1	2
661928	662097	170	15.39	0	78
662629	662694	66	96.52	0	258
663610	663877	268	26.30	2	159
665756	665853	98	813.39	122	2163
666580	666724	145	778.34	1	3290
667373	667414	42	13.00	8	27
669254	669469	216	31.52	0	173
670859	670950	92	19.99	4	56
671788	671872	85	15.31	13	26
672155	672254	100	313.58	139	707
673203	673228	26	14.46	15	18
673868	673912	45	26.09	10	60
676601	676648	48	9.27	11	14
677294	677304	11	5.27	6	6
678749	678914	166	38.16	0	772
679146	679215	70	346.17	450	668
679921	679966	46	124.26	123	223
680528	680649	122	28.09	32	55
681064	681117	54	8.96	7	23
682637	682869	233	1.07	0	7
683152	683208	57	2.30	2	4
683515	683580	66	2.95	1	7
684394	684421	28	5.18	6	7
685286	685461	176	25.19	0	84
686283	686294	12	9.42	11	16
686670	686785	116	14.34	14	33
688482	688530	49	1.47	2	2
688732	688745	14	1.86	2	2
689625	689644	20	67.60	72	76
689819	689946	128	15.38	10	40
690553	690660	108	233.27	8	1475
691194	691469	276	5.05	1	31
691896	691936	41	9.44	5	21
692144	692164	21	53.05	62.5	64
693083	693456	374	74.38	3	626
694529	694543	15	201.13	227	238
694814	694818	5	1.60	2	2
695578	695595	18	4.72	5	5
696640	696688	49	0.29	0	2
698762	698785	24	100.04	109	109
700783	700813	31	18.00	20	22
701600	701626	27	0.81	0	2
701960	701988	29	0.83	1	1
703625	703636	12	0.00	0	0
704135	704159	25	1.56	2	3
706071	706085	15	3.73	4	5
706992	707231	240	1.44	0	8
708093	708369	277	1.23	0	15
708727	708748	22	2.59	3	4
710603	710617	15	0.00	0	0
710915	710935	21	4.29	5.5	6
711344	711361	18	11.56	13	14
712406	712409	4	18.25	24	25
712830	712852	23	2.48	3	3
714086	714101	16	0.94	1	1
714336	714358	23	2.13	2	3
715349	715353	5	9.40	11.5	13
716899	716906	8	2.62	3	3
718308	718332	25	6.08	3	11
719497	719605	109	4.48	0	15
720068	720079	12	21.92	24	25
720506	720527	22	2.50	3	3
722046	722059	14	0.00	0	0
722933	722946	14	11.64	13	14
724234	724254	21	6.52	6.5	10
724892	724914	23	0.78	1	1
725314	725327	14	10.00	11	11
725736	725754	19	2.37	2.5	3
726049	726118	70	1.76	1	4
727769	727773	5	0.40	0.5	1
730855	730873	19	0.00	0	0
731540	731555	16	16.12	17	20
732198	732321	124	14.27	16	37
732646	732647	2	7.50	15	15
732969	733016	48	3.44	3	6
733662	733934	273	81.75	24	507
735663	735826	164	23.71	3	129
737630	737644	15	3.80	4	6
738371	738421	51	50.82	55	90
738632	738800	169	176.83	4	599
738993	739080	88	55.27	44	197
740884	740998	115	18.90	0	79
741737	741821	85	128.92	9	342
742299	742314	16	9.19	11	12
742651	742797	147	14.62	0	57
743200	743894	695	23.41	0	452
745809	746140	332	3.03	1	9
746648	746807	160	7.89	6	42
747810	748026	217	0.95	0	5
749139	749153	15	7.40	8	8
750084	750109	26	1.46	2	2
751961	751982	22	1.27	2	2
753354	753369	16	0.00	0	0
754027	754292	266	0.41	0	4
756042	756058	17	0.00	0	0
758057	758087	31	0.00	0	0
758589	759128	540	0.23	0	1
759468	759576	109	10.54	0	60
760573	760629	57	10.49	12	19
760924	761021	98	13.60	6	51
761856	761983	128	1.63	0	4
762662	762744	83	0.78	0	2
763354	763470	117	4.92	1	18
766140	766268	129	3.42	0	18
767154	767155	2	0.50	1	1
768113	768121	9	7.89	9	9
768728	768739	12	4.58	5	5
769358	769687	330	15.13	3	75
770942	771009	68	25.03	10	51
771880	771887	8	2.62	3	3
772875	773030	156	2.82	2	11
774327	774345	19	0.00	0	0
775234	775247	14	0.00	0	0
776121	776145	25	4.92	1	12
777397	777402	6	0.50	1	1
778429	778443	15	14.27	18	20
779560	779721	162	39.19	0	128
780472	780509	38	2.76	3	3
781155	781196	42	23.26	31	39
782184	782364	181	27.72	6	109
783292	783333	42	4.67	5	7
783664	783704	41	62.00	78.5	83
784569	784724	156	67.19	0	351
785106	785316	211	190.69	0	1139
785398	785568	171	6.92	0	29
785914	786112	199	16.65	1	79
786578	786749	172	22.30	1	90
787095	787254	160	2.74	2	9
788131	788151	21	15.24	15	22
788962	789137	176	31.91	3	153
789621	789622	2	37.50	75	75
790088	790343	256	27.45	5	174
793158	793343	186	18.96	11	90
793986	794180	195	1470.90	2	8011
795555	795821	267	75.50	4	420
800247	800284	38	3.03	3	4
801131	801159	29	0.10	0	1
801634	801759	126	237.21	0	1390
802411	802513	103	113.45	4	465
803402	803438	37	18.95	24	27
804138	804254	117	99.91	12	272
804894	804979	86	15.12	16	44
805898	806006	109	40.48	20	113
806535	806791	257	51.45	5	568
807251	807304	54	141.28	171	179
808763	808854	92	88.63	40	234
809050	809120	71	39.32	2	326
809880	810034	155	14.43	1	90
810383	810536	154	3.16	1	14
812436	812588	153	2.15	0	21
813225	813354	130	241.59	18	1001
815401	815442	42	383.50	498	527
815914	815943	30	10.97	11	16
816400	816611	212	9.85	1	67
817152	817163	12	0.83	1	1
818262	818263	2	1.50	3	3
820944	821075	132	39.27	4	204
821775	821844	70	328.99	394	584
822385	822524	140	16.63	0	73
823395	823481	87	162.59	140.5	351
824409	824637	229	27.01	6	164
825088	825105	18	3.83	4	6
825610	825635	26	10.35	11	12
826047	826273	227	1257.36	1	7951
828902	828918	17	3.06	3	4
829765	829876	112	30.01	13	88
830432	830450	19	0.16	0	3
831111	831128	18	18.89	17	38
831516	831638	123	10.10	0	38
832461	832540	80	3.59	4	6
833507	833549	43	3.28	4	5
834828	835028	201	5.06	0.5	28
836661	836816	156	264.28	0	1209
840462	840501	40	26.77	32	44
840583	840713	131	2.46	2	6
842673	842788	116	3.67	3	10
843698	844379	682	4.35	0	79
844662	844855	194	0.98	0	4
845744	846545	802	0.04	0	1
847575	847619	45	7.02	8	12
848031	848205	175	44.46	6	163
849841	850138	298	3.77	1	14
851522	851630	109	0.20	0	1
852849	852983	135	1.50	1	6
853452	853659	208	15.18	0	74
856300	856764	465	0.38	0	4
862870	863008	139	0.65	0	3
863264	863344	81	26.01	21	46
863720	863786	67	30.66	0	189
863882	863979	98	613.59	382	1730
865081	865187	107	16.95	16	40
866286	866457	172	8.54	6	35
868619	868669	51	31.06	29	55
870518	871051	534	29.11	0	747
871229	871454	226	37.66	2	232
872211	872292	82	20.88	13	52
872845	872848	4	18.75	25	25
873203	873207	5	1.60	1	5
873526	873677	152	84.60	0	529
874788	874814	27	337.89	476	500
876225	876293	69	11.00	7	30
877005	877018	14	33.43	36	36
878042	878288	247	2.50	0	19
881301	881318	18	2.22	3	3
882849	882852	4	0.00	0	0
883765	883788	24	0.00	0	0
886524	886988	465	25.74	8	128
888549	888602	54	15.46	12	55
888857	888953	97	6.25	1	50
888999	889006	8	41.00	47	47
889493	889526	34	41.18	42	58
890082	890186	105	8.48	1	28
891183	891200	18	0.00	0	0
891510	891544	35	7.34	9	13
891896	892025	130	3.23	2	10
893190	893399	210	0.17	0	1
895416	895432	17	0.00	0	0
895760	895762	3	0.67	1	1
896096	896117	22	0.73	1	1
897441	897463	23	0.00	0	0
898190	898191	2	0.00	0	0
899143	899162	20	0.00	0	0
899928	900047	120	8.26	0	40
901434	901479	46	103.89	118	143
901954	902089	136	3.38	0	13
904038	904188	151	13.44	6.5	49
905566	905569	4	45.00	60	60
905924	905944	21	12.05	15.5	18
907049	907256	208	120.56	12	696
907533	907541	9	132.00	151	159
907884	908138	255	29.29	12	119
908973	908980	8	244.88	280	286
909748	909766	19	35.16	37	40
910769	910920	152	320.65	16	1744
912477	912479	3	24.67	37	37
913077	913286	210	147.18	49	749
914910	914988	79	19.15	1	58
917164	917165	2	4.00	8	8
917631	917685	55	9.27	2	73
917756	917761	6	253.17	223	611
917847	918000	154	256.74	3	1162
918439	918456	18	0.00	0	0
918940	918996	57	13.23	7.5	29
919387	919533	147	42.03	0	186
920818	920900	83	7.31	5	19
921612	921811	200	222.64	4	1256
921881	921909	29	232.52	2	2182
921980	922109	130	102.98	77	559
922488	922603	116	15.10	8	80
923276	923409	134	69.01	3	438
923905	923942	38	2.87	3	6
925290	925320	31	20.68	22	24
925993	926037	45	14.96	15	21
927172	927314	143	107.87	0	433
927705	927709	5	7.20	9	9
928811	928895	85	560.20	82.5	1474
929397	929512	116	48.03	44	108
930323	930539	217	145.36	0	889
932013	932157	145	41.22	15	153
932461	932467	7	0.00	0	0
933734	933750	17	1.88	2	2
934099	934112	14	0.79	1	1
935562	935636	75	24.59	21	50
937533	937623	91	33.87	0	619
937794	937825	32	23.94	24	36
939395	939518	124	1.92	0	8
940557	940577	21	23.24	25	28
941415	941505	91	32.19	8	82
942424	942542	119	802.68	14	3012
943263	943264	2	3.00	6	6
944378	944402	25	4.40	4	9
945057	945089	33	11.18	13.5	17
947049	947308	260	70.78	2	417
947930	948040	111	13.86	6	57
948707	948824	118	45.41	47	110
949554	949579	26	20.88	26	29
950573	950614	42	6.64	7	11
951218	951344	127	5.98	0	24
952290	952662	373	9.51	2	62
952731	952832	102	2892.89	1012	7996
953970	953992	23	20.00	25	25
954500	954514	15	24.93	27	29
955253	955304	52	136.21	167	202
955464	955553	90	487.23	1	1540
956010	956024	15	9.53	10	13
956769	956866	98	19.09	8	90
957827	957860	34	5.24	7	7
958833	958846	14	11.71	10	19
960650	960855	206	454.89	63	2507
961324	961558	235	1217.08	3	7995
961859	961973	115	126.50	39	377
963102	963113	12	23.50	26	27
963339	963417	79	74.56	41	270
963526	963539	14	2.36	2	5
965441	965564	124	25.69	6	139
966609	966619	11	169.91	193.5	212
967517	967539	23	10.26	11	12
968359	968518	160	27.69	0	101
968975	969070	96	196.19	46	628
969296	969531	236	1187.42	23	7934
969844	969861	18	14.56	16	18
970705	970895	191	10.94	4	57
972027	972044	18	52.67	57	59
972747	972764	18	67.39	76	84
973485	973606	122	55.49	34	200
974660	974774	115	28.87	27	136
975681	975696	16	1.88	2	3
976921	977006	86	112.35	87	269
977562	977586	25	16.96	17	22
978499	978535	37	55.38	24	106
979352	979591	240	11.90	2	63
980174	980192	19	52.68	56	57
980658	980818	161	13.65	13	41
981485	981518	34	6.44	7	11
982311	982331	21	50.33	52	64
983220	983299	80	15.25	3	63
984086	984116	31	5.13	4.5	11
985389	985390	2	4.50	9	9
985625	985652	28	2.79	3	5
988379	988402	24	107.42	127	159
988547	988756	210	13.63	1	79
989429	989466	38	5.11	8	9
989908	989927	20	204.15	213	223
990675	990895	221	41.32	1	335
991913	992112	200	3.78	2	15
993624	993659	36	10.50	6	22
995133	995274	142	522.66	0	2558
996325	996339	15	0.20	0	1
996817	996952	136	2042.61	3	8001
999586	999669	84	18.06	0	55
1001236	1001344	109	16.20	18	35
1001768	1001821	54	0.43	0	1
1003181	1003262	82	22.37	1	94
1003386	1003464	79	1086.80	1	7918
1004230	1004334	105	43.62	6	305
1006478	1006560	83	110.63	52	299
1006927	1006958	32	508.84	567	583
1007988	1008176	189	34.05	0	174
1008654	1008671	18	157.94	168	169
1010844	1011008	165	9.56	3	39
1011618	1011765	148	264.53	0	1138
1012555	1012557	3	4.00	6	6
1014055	1014133	79	164.47	122	359
1014416	1014724	309	81.05	1	668
1014989	1014990	2	36.00	72	72
1016707	1016821	115	22.55	18.5	65
1017854	1017868	15	8.20	8	12
1018727	1018771	45	6.29	8	8
1019915	1020136	222	3.00	1	10
1020356	1020663	308	38.48	0	505
1020895	1021097	203	7.51	4	32
1022423	1022472	50	46.08	65	86
1023181	1023246	66	1282.08	1117	2639
1024360	1024405	46	519.61	727	774
1025285	1025622	338	26.29	0	316
1027655	1027670	16	0.00	0	0
1028571	1028687	117	89.93	65.5	237
1029177	1029291	115	28.10	12	102
1029985	1030067	83	21.81	0	65
1030938	1031074	137	61.38	2	393
1033476	1033496	21	11.10	11	13
1034154	1034310	157	18.48	4	73
1036077	1036120	44	90.55	126	133
1037084	1037194	111	6.68	7	15
1038860	1038868	9	5.89	7	7
1039076	1039562	487	131.93	27	1169
1040331	1040381	51	1.10	1	2
1041408	1041673	266	2.76	0	28
1043075	1043092	18	0.78	1	1
1048177	1048198	22	2.64	3	3
1049462	1049524	63	2.52	0	19
1050326	1050395	70	7.49	8	16
1051618	1051622	5	1.00	1	2
1052292	1052398	107	32.47	1.5	99
1053167	1053263	97	22.97	0	63
1055600	1055614	15	37.40	41.5	43
1056095	1056125	31	2.74	3	4
1057125	1057161	37	21.00	28	30
1057648	1057661	14	6.50	7	7
1058658	1058790	133	6.40	0	36
1059343	1059393	51	62.90	75.5	95
1059943	1060385	443	58.34	0	854
1061892	1061896	5	17.20	21.5	22
1062872	1062984	113	51.14	35.5	121
1064617	1064623	7	295.86	340.5	360
1066025	1066214	190	56.18	1	293
1066524	1066654	131	18.23	2	86
1067606	1067607	2	13.00	26	26
1067878	1067901	24	29.83	30	35
1068430	1068573	144	9.95	9	36
1070654	1070742	89	1.44	2	3
1072162	1072176	15	0.67	1	1
1072843	1072911	69	55.83	75.5	109
1073854	1074056	203	26.00	2	142
1074669	1074802	134	63.37	0	242
1075574	1075767	194	472.99	5	2559
1077604	1077777	174	66.76	13	467
1078636	1078676	41	22.34	19	41
1078917	1079106	190	56.44	0	539
1079404	1079582	179	53.16	10	217
1080789	1081068	280	119.66	5	896
1084507	1084660	154	9.88	5	30
1085558	1085850	293	28.54	2	158
1086652	1086665	14	13.21	14	18
1087665	1087843	179	24.47	1	93
1089560	1089777	218	7.53	1	32
1091464	1091507	44	115.25	122	123
1092378	1092571	194	58.70	0	403
1095428	1095561	134	308.71	5	1055
1097431	1097449	19	48.53	49	80
1098314	1098334	21	42.76	50.5	55
1098893	1098895	3	24.00	36	36
1099880	1099884	5	4.00	5	5
1100713	1100833	121	2.75	0	13
1102823	1102900	78	84.24	5	254
1104631	1104726	96	219.95	19	587
1105879	1105881	3	29.33	44	44
1106263	1106286	24	11.58	13	13
1107268	1107299	32	15.53	21	31
1108296	1108506	211	2.48	2	11
1109995	1110008	14	12.36	15	15
1110831	1110845	15	8.33	9	10
1111152	1111214	63	90.10	149.5	157
1111617	1111747	131	210.02	144	625
1113437	1113531	95	218.21	8	2065
1114303	1114369	67	6.96	2	17
1114724	1114983	260	4.58	0	19
1115266	1115268	3	6.00	9	9
1115590	1115622	33	1.94	2	2
1117010	1117023	14	0.93	1	1
1117390	1117428	39	3.51	2.5	8
1117846	1117933	88	11.80	3	59
1118832	1118919	88	1.23	1	3
1119070	1119223	154	19.93	3	82
1119755	1119781	27	0.00	0	0
1120677	1120692	16	2.81	3	3
1122998	1123249	252	3.19	0	20
1124963	1124966	4	0.00	0	0
1126611	1126649	39	0.49	0.5	1
1126956	1127025	70	27.31	0	62
1127371	1127397	27	7.41	5	12
1128544	1129006	463	0.77	0	5
1130579	1130621	43	0.16	0	1
1130967	1131035	69	4.25	5	9
1131606	1131756	151	40.39	43	137
1131994	1132103	110	4.85	2	14
1132509	1132602	94	25.31	29	65
1133080	1133200	121	2.14	0	11
1135114	1135263	150	3.00	1	17
1135612	1135619	8	0.00	0	0
1136049	1136075	27	0.56	0	2
1137377	1137380	4	0.00	0	0
1138125	1138127	3	1.33	2	2
1138701	1138768	68	6.10	0	177
1138957	1139109	153	10.03	8	22
1140210	1140295	86	0.17	0	1
1141377	1141397	21	0.00	0	0
1143060	1143099	40	0.10	0	1
1143757	1143775	19	0.00	0	0
1144286	1144332	47	0.00	0	0
1146495	1146509	15	11.20	12	12
1146945	1146971	27	1.41	2	2
1147245	1147250	6	0.00	0	0
1147884	1147906	23	1.43	2	2
1149488	1149504	17	0.00	0	0
1150498	1150506	9	0.00	0	0
1151914	1151931	18	2.00	3	3
1153048	1153077	30	0.00	0	0
1153780	1153847	68	0.00	0	0
1155039	1155054	16	18.50	22	22
1157003	1157036	34	0.00	0	0
1157208	1157593	386	89.40	10	865
1158731	1158815	85	6.69	2	46
1158913	1158956	44	1.52	1	3
1161037	1161127	91	504.41	1	1279
1162547	1162590	44	0.00	0	0
1163953	1163974	22	0.23	0	1
1164854	1164878	25	0.00	0	0
1165530	1165546	17	0.00	0	0
1166066	1166067	2	0.00	0	0
1167526	1167559	34	0.88	0	2
1167842	1168009	168	0.21	0	1
1168763	1168777	15	0.00	0	0
1169417	1169421	5	0.80	1	1
1169986	1170002	17	0.00	0	0
1170808	1170825	18	0.00	0	0
1172381	1172592	212	8.63	5	28
1174042	1174083	42	110.81	154	174
1174633	1174948	316	18.32	0	207
1175612	1175775	164	0.46	0	5
1178076	1178090	15	0.80	1	1
1178721	1178738	18	0.00	0	0
1181010	1181017	8	0.00	0	0
1184254	1184255	2	0.00	0	0
1188908	1188922	15	0.00	0	0
1189727	1189728	2	0.00	0	0
1191792	1191838	47	16.68	20	23
1192304	1192319	16	5.44	6	6
1192767	1192857	91	17.71	1	65
1193386	1193418	33	13.55	16	17
1193728	1193732	5	4.80	6	6
1194282	1194704	423	18.40	1	175
1195491	1195762	272	9.24	2	49
1196774	1196887	114	45.38	37	154
1197965	1197992	28	41.86	47	79
1198749	1198795	47	65.87	68	113
1199153	1199311	159	392.49	0	1630
1199633	1199727	95	59.24	7	527
1199954	1200001	48	368.54	56	1744
1201052	1201053	2	1.00	2	2
1203460	1203622	163	9.64	5	43
1204322	1204337	16	10.75	6	21
1207746	1207845	100	106.03	7	492
1208296	1208313	18	2.56	3	4
1211512	1211620	109	10.71	9	27
1212293	1212332	40	3.70	5	6
1213212	1213367	156	34.17	2	137
1213674	1213675	2	5.00	10	10
1214216	1214310	95	8.08	7	13
1216021	1216045	25	2.76	3	3
1218401	1218483	83	36.20	2	108
1218793	1218870	78	16.09	16	26
1220680	1220871	192	13.61	5	92
1222084	1222141	58	138.95	125	223
1222634	1222783	150	23.65	1	122
1223582	1223596	15	951.13	1021.5	1025
1224341	1224346	6	30.83	39	40
1224956	1224994	39	10.18	10	14
1225520	1225636	117	37.59	44	140
1225708	1226173	466	14.01	1	272
1227434	1227477	44	60.07	76	78
1228069	1228224	156	3.38	1	14
1228672	1228796	125	2.37	0	11
1229394	1229427	34	63.41	68	70
1229686	1229811	126	9.94	7	34
1231222	1231248	27	3.04	4	5
1231510	1231680	171	4.60	1	17
1232155	1232195	41	12.37	18.5	21
1233641	1233847	207	12.44	4	58
1234505	1234511	7	6.14	8	8
1234773	1234809	37	2.65	0	35
1235656	1235678	23	14.91	2	100
1236171	1236277	107	5.42	0	296
1236989	1237021	33	413.12	535.5	571
1238666	1238686	21	4.38	5	5
1240169	1240286	118	76.34	4	310
1240737	1240785	49	53.78	59.5	82
1241248	1241438	191	472.60	0	4746
1242357	1242378	22	8.36	9	10
1244438	1244575	138	10.42	1	41
1245713	1245795	83	169.82	28.5	423
1246189	1246341	153	5.24	0	28
1246555	1246675	121	0.24	0	1
1247207	1247226	20	0.85	1	1
1247890	1248153	264	11.19	0	310
1249090	1249206	117	82.84	78	253
1250488	1250674	187	6.29	4	18
1251932	1252052	121	82.75	17.5	247
1252617	1252653	37	16.08	16.5	21
1253221	1253324	104	43.92	5	162
1253865	1253876	12	28.92	35	35
1255520	1255655	136	27.07	8	104
1256514	1256787	274	4.21	1	28
1258864	1258928	65	191.38	277	347
1260231	1260515	285	81.15	4	459
1261416	1261438	23	7.04	8	8
1261976	1261991	16	21.50	23	24
1263399	1263421	23	13.35	15	16
1264199	1264303	105	107.28	79	250
1264721	1264744	24	2.71	1	9
1265054	1265058	5	4.20	6	6
1265929	1265972	44	116.98	155	177
1266567	1266726	160	8.07	0	32
1267132	1267314	183	23.07	9	92
1271736	1271820	85	89.27	91.5	223
1272286	1272614	329	1.36	0	14
1274346	1274679	334	0.80	0	5
1276474	1276509	36	26.92	14	61
1278376	1278590	215	90.57	19.5	469
1279287	1279521	235	115.77	18	520
1281196	1281323	128	94.07	20	445
1282239	1282363	125	212.89	26	832
1282595	1282701	107	57.88	33.5	231
1285148	1285353	206	18.92	0	152
1285720	1285792	73	12.71	12	21
1287125	1287270	146	167.96	72	633
1288564	1288609	46	30.67	39	43
1289129	1289161	33	1.42	1	7
1289774	1289933	160	24.99	0	112
1290261	1290354	94	2.52	1	7
1290580	1290728	149	88.29	1	427
1292721	1292943	223	51.86	13	730
1293181	1293233	53	765.11	545	1582
1294074	1294094	21	8.95	10	10
1294824	1294847	24	1.33	2	2
1295352	1295363	12	2.17	2	3
1298213	1298507	295	5.18	0	24
1299234	1299235	2	73.50	147	147
1299791	1300022	232	41.04	1	154
1300779	1300794	16	51.12	57	68
1301581	1301597	17	23.82	31	32
1302738	1302753	16	20.00	21	22
1304014	1304055	42	61.24	73	80
1305760	1305866	107	6.02	3	15
1310199	1310382	184	1164.14	19	6031
1310848	1310879	32	12.38	13	22
1311996	1312012	17	23.65	26	26
1312587	1312611	25	80.56	45.5	157
1315230	1315248	19	58.21	61.5	64
1315591	1315690	100	6.68	6	16
1316603	1316674	72	14.25	1	38
1317617	1317755	139	70.19	9	444
1318023	1318123	101	62.71	55	144
1320443	1320485	43	1.88	1.5	3
1321524	1321686	163	74.84	9	242
1322146	1322193	48	54.33	53	91
1322659	1322747	89	212.65	55.5	531
1322895	1322952	58	151.48	7	495
1323490	1323572	83	30.47	5	222
1325127	1325141	15	1.47	2	2
1325352	1325378	27	7.85	7	13
1326345	1326480	136	45.70	4	245
1327570	1327589	20	44.45	47	47
1329351	1329366	16	0.81	1	1
1331396	1331761	366	0.23	0	3
1331851	1331936	86	1.40	1	3
1333023	1333040	18	0.11	0	1
1335848	1335889	42	255.79	356	376
1336268	1336331	64	87.78	98	161
1336602	1336616	15	2.53	3	3
1337580	1337761	182	30.72	5	156
1338821	1338925	105	19.48	7	80
1339481	1339641	161	15.89	17	48
1340107	1340122	16	4.12	5	5
1341485	1341490	6	6.67	8	9
1341896	1341928	33	17.70	14.5	30
1342313	1342411	99	35.90	13.5	136
1343264	1343281	18	46.78	49	62
1344852	1344856	5	9.80	12	13
1345736	1345739	4	0.00	0	0
1346186	1346303	118	13.32	3	41
1348952	1349144	193	47.87	0	368
1349592	1349616	25	29.88	32	36
1351306	1351435	130	18.12	2	67
1352300	1352438	139	15.87	12.5	39
1353504	1353520	17	255.47	357.5	373
1354946	1354972	27	61.15	59.5	83
1355966	1355984	19	56.63	70.5	76
1356966	1356998	33	41.58	49	58
1358247	1358284	38	40.03	42	59
1358353	1358368	16	58.81	62	71
1358537	1358623	87	7.99	1	523
1359716	1359862	147	10.35	7	41
1361279	1361470	192	819.58	2	4417
1363597	1363634	38	11.39	11	15
1364460	1364498	39	1.51	2	3
1364778	1364865	88	44.15	2	121
1365145	1365286	142	34.44	0	102
1365632	1365662	31	13.65	9	31
1366737	1366779	43	3.65	4	6
1367737	1367990	254	63.54	6	418
1368915	1369068	154	63.25	42	213
1371340	1371374	35	41.20	59.5	71
1372212	1372566	355	184.17	0	1801
1373638	1374072	435	12.99	5	83
1377604	1377723	120	432.80	51	1419
1380281	1380374	94	329.37	0	1143
1381104	1381156	53	26.77	25	56
1382084	1382175	92	21.77	21	42
1382752	1382822	71	5.38	5	12
1384065	1384339	275	10.45	3	52
1385384	1385686	303	185.87	7.5	1515
1387247	1387362	116	126.38	31	519
1387858	1387865	8	13.75	13	21
1389046	1389157	112	29.61	1	128
1391738	1391759	22	14.91	17	19
1393563	1393581	19	36.37	40	41
1394128	1394555	428	18.10	1	110
1396785	1396863	79	1599.06	690.5	3540
1397608	1397644	37	17.54	15.5	30
1398173	1398341	169	1.33	0	7
1399533	1399669	137	1.71	0	10
1400216	1400234	19	6.00	6	8
1400460	1400502	43	3.56	2	9
1401034	1401289	256	15.97	1	107
1402607	1402794	188	2.18	0	8
1403962	1404113	152	28.30	0	84
1405278	1405303	26	9.92	9	17
1405901	1405972	72	8.49	3	17
1407215	1407235	21	6.10	6	8
1408502	1408567	66	1.62	2	3
1409603	1409621	19	6.84	8	9
1410516	1410733	218	3.95	1	26
1413229	1413266	38	160.92	194	199
1414095	1414235	141	122.40	9	495
1415580	1415694	115	107.67	19.5	446
1416364	1416380	17	30.29	33	33
1417305	1417308	4	3.00	4	4
1417963	1417968	6	7.50	8	12
1419160	1419453	294	17.12	1	144
1420012	1420082	71	52.34	56	93
1420191	1420262	72	59.06	3	218
1420644	1420785	142	36.44	7	97
1422385	1422425	41	8.80	10	11
1423074	1423128	55	56.09	89.5	109
1424467	1424557	91	85.74	19	331
1426223	1426244	22	4.82	5	6
1427124	1427140	17	28.41	27	48
1428350	1428363	14	21.36	24	25
1429405	1429604	200	10.11	1	38
1431768	1431899	132	76.92	0	312
1432506	1432808	303	38.54	12	179
1433607	1433721	115	70.97	24.5	243
1434826	1434863	38	3.82	4	7
1435886	1435969	84	42.63	32	74
1436852	1436990	139	6.87	0	29
1439021	1439165	145	5.08	1	17
1440090	1440107	18	27.94	31	33
1440999	1441015	17	11.82	12.5	14
1442321	1442468	148	146.99	1	741
1443462	1443509	48	323.98	518	535
1445348	1445399	52	51.12	38	102
1446522	1446618	97	53.08	75	123
1448497	1448518	22	17.09	17	19
1448966	1449148	183	343.03	51	1623
1449971	1450006	36	69.39	86	90
1452954	1453023	70	2876.67	2428	8000
1453194	1453236	43	153.30	4	621
1454768	1454818	51	89.47	90	131
1456114	1456140	27	37.70	50	54
1456997	1457015	19	35.42	43.5	46
1459170	1459187	18	31.22	33	38
1460145	1460334	190	132.88	2	491
1460788	1460800	13	24.46	26	32
1461005	1461171	167	6.01	2	59
1461937	1461939	3	7.33	11	11
1462882	1462956	75	1370.37	393.5	2843
1464088	1464231	144	146.88	108	380
1466071	1466106	36	87.17	49	220
1466680	1466723	44	161.55	156	325
1467759	1467907	149	102.35	17	467
1469063	1469153	91	13.05	5	34
1470180	1470294	115	4.06	2	10
1470730	1470775	46	29.83	31	45
1472600	1472834	235	120.19	5	894
1473087	1473174	88	606.35	350	1361
1474204	1474273	70	292.17	0	670
1476494	1476530	37	73.38	80	91
1477089	1477162	74	35.61	7	126
1477796	1477867	72	1.40	0	6
1478597	1478653	57	2.46	2	4
1479008	1479014	7	29.57	34.5	35
1480141	1480160	20	18.85	20	21
1480449	1480450	2	1.50	3	3
1481270	1481291	22	5.50	6	7
1482908	1483071	164	14.75	5	43
1484878	1484914	37	5.27	6	6
1485614	1485665	52	122.23	180	216
1486287	1486339	53	34.40	15	65
1486820	1487015	196	207.40	48	904
1488293	1488371	79	120.86	15.5	278
1489440	1489644	205	31.36	4.5	117
1490269	1490315	47	26.36	23	41
1490616	1490633	18	22.00	23	25
1491317	1491410	94	1047.85	11	3061
1494048	1494356	309	38.73	8	276
1495050	1495060	11	0.91	1	1
1496561	1496729	169	10.41	0	94
1497414	1497421	8	20.62	26	26
1498850	1498893	44	31.11	35	58
1501288	1501317	30	27.20	32	37
1501984	1501996	13	8.31	9	9
1502735	1502854	120	54.16	2	245
1503968	1503988	21	5.86	7	7
1505135	1505250	116	75.28	7	685
1505444	1505516	73	37.30	0	513
1506798	1506948	151	24.23	1	101
1507369	1507615	247	1.86	0	18
1508819	1508834	16	0.00	0	0
1509198	1509349	152	24.01	4	126
1509728	1509768	41	46.15	58.5	64
1511542	1511546	5	14.00	17	19
1512822	1512886	65	3445.88	3249.5	7148
1513113	1513274	162	205.72	0	880
1514556	1514594	39	18.54	23	32
1515045	1515062	18	96.44	100	116
1517277	1517484	208	89.66	0	486
1520345	1520452	108	19.09	6	86
1520795	1520892	98	43.77	41	109
1523155	1523257	103	31.35	26	75
1523546	1523690	145	70.51	5.5	204
1524018	1524053	36	58.53	73	98
1525191	1525279	89	58.53	1	196
1526306	1526311	6	19.17	23	23
1527317	1527334	18	12.72	14	14
1527938	1528063	126	41.20	9	152
1528997	1529068	72	24.62	20	46
1529792	1529904	113	24.25	11	82
1530751	1530819	69	9.83	10	22
1532107	1532268	162	54.86	12	212
1533760	1533836	77	28.99	14	58
1534653	1535021	369	49.75	31	228
1535310	1535325	16	57.75	62	63
1535641	1535661	21	8.14	8.5	13
1535968	1535982	15	326.53	354	360
1536059	1536126	68	17.18	1	70
1537486	1537539	54	15.30	17	26
1538338	1538342	5	49.00	62.5	64
1539018	1539197	180	111.59	1	608
1539714	1539718	5	0.80	1	1
1540604	1540691	88	11.61	6	33
1541703	1542156	454	14.40	0	229
1542829	1542842	14	7.50	9	9
1543721	1543764	44	2.11	2	3
1545052	1545115	64	40.44	51	72
1547765	1547815	51	217.12	316	483
1548040	1548089	50	84.00	4	364
1549377	1549391	15	0.93	1	1
1552009	1552014	6	8.83	11	11
1553320	1553449	130	16.42	5	46
1554032	1554141	110	294.06	157	887
1556062	1556132	71	1634.58	12	8008
1556361	1556413	53	30.60	2	174
1557335	1557346	12	72.50	79	80
1558721	1558728	8	41.50	48	53
1559191	1559270	80	105.96	67	278
1559871	1559889	19	22.00	21	41
1560709	1560734	26	5.12	4	8
1563360	1563527	168	82.39	19	277
1564788	1564809	22	4.27	4	9
1565929	1565966	38	17.26	4	47
1566426	1566584	159	21.40	1	81
1566960	1567079	120	60.12	7	333
1568835	1569119	285	457.38	0	3697
1570077	1570362	286	41.28	0	307
1572191	1572410	220	37.70	4	179
1575735	1575858	124	11.21	5	40
1576792	1576815	24	3.33	3	5
1578127	1578154	28	3.86	4	7
1578839	1579005	167	12.28	3	39
1580101	1580145	45	98.64	125	137
1581256	1581498	243	110.36	0	743
1581961	1582014	54	45.83	58	72
1583230	1583231	2	3.00	6	6
1584228	1584420	193	96.36	0	532
1584916	1584979	64	21.62	9	46
1585514	1585535	22	0.00	0	0
1586547	1586727	181	14.69	0	55
1587529	1587562	34	0.97	1	1
1590417	1590431	15	1.07	1	2
1591626	1591643	18	5.67	6	7
1592673	1592848	176	9.19	0	41
1594058	1594061	4	6.00	8	8
1595199	1595327	129	46.18	2	195
1597041	1597335	295	23.49	9	125
1597822	1598035	214	150.87	28	681
1598636	1598913	278	385.05	14	2883
1599112	1599140	29	6.48	6	10
1599918	1600209	292	984.39	7	8014
1601467	1601528	62	623.35	131	1829
1601735	1601790	56	9.96	1	33
1602796	1603032	237	115.78	1	730
1604116	1604337	222	59.84	9	307
1604860	1604883	24	61.54	82	87
1605337	1605594	258	299.10	1	3541
1606705	1606746	42	29.64	30	40
1607290	1607436	147	39.37	25	171
1608778	1609074	297	8.53	1	46
1611427	1611738	312	167.93	0	1939
1612354	1612361	8	72.38	83	86
1613160	1613196	37	9.54	11	13
1613506	1613619	114	26.69	20	93
1614902	1615101	200	29.18	0	123
1615411	1615449	39	21.95	24	30
1615720	1615832	113	261.41	37	1121
1616682	1616744	63	89.33	135.5	149
1617387	1617395	9	75.11	84	87
1618176	1618386	211	95.72	0	542
1619848	1619852	5	6.40	8	8
1620291	1620515	225	4.82	0	33
1621383	1621497	115	121.58	22.5	468
1622908	1622984	77	17.34	4	44
1623396	1623502	107	7.17	6	16
1624331	1624371	41	2.49	3.5	4
1625023	1625034	12	0.42	0	1
1626646	1626758	113	11.69	3	42
1628370	1628456	87	5.24	4	19
1628892	1628964	73	109.04	11	445
1630931	1630935	5	5.60	7	7
1635251	1635319	69	10.84	11	16
1635543	1635593	51	753.90	978.5	1517
1635833	1636336	504	124.52	0	5392
1638935	1639059	125	290.85	20	1033
1639486	1639571	86	41.30	2	156
1641554	1641591	38	13.79	17	19
1643142	1643156	15	24.73	27	29
1643388	1643489	102	18.55	17	60
1646190	1646346	157	15.39	0.5	50
1647148	1647174	27	7.04	8	9
1647595	1647596	2	14.50	29	29
1650813	1650898	86	23.73	5	58
1655089	1655197	109	22.14	0	158
1655813	1655856	44	16.68	18	30
1656370	1656545	176	14.11	12	42
1657032	1657114	83	37.24	34.5	89
1660671	1660753	83	375.41	213	812
1660932	1661075	144	4.08	0	17
1661694	1661710	17	0.00	0	0
1662203	1662997	795	0.87	0	5
1663559	1663578	20	0.00	0	0
1664008	1664583	576	2.66	0	30
1665466	1665547	82	55.34	66	93
1666295	1667439	1145	23.86	0	630
1669858	1669924	67	825.78	74	1778
1670124	1670254	131	67.34	0	646
1671790	1671816	27	10.74	12	14
1673680	1673818	139	83.59	65.5	235
1675016	1675125	110	247.88	109	757
1675232	1675440	209	42.55	2	237
1675741	1675775	35	57.17	63.5	75
1680909	1681013	105	635.26	169.5	1878
1681920	1681938	19	15.95	16.5	26
1682179	1682231	53	134.43	4.5	396
1682703	1682778	76	158.67	5	450
1683043	1683185	143	20.24	2	78
1684146	1684166	21	8.24	10	13
1685568	1685591	24	1.42	2	2
1687232	1687235	4	0.75	1	1
1690361	1690537	177	70.41	4	221
1691474	1691509	36	1.97	3	3
1693256	1693353	98	0.54	0	2
1695641	1695664	24	0.83	1	1
1697960	1698068	109	22.13	15.5	57
1698173	1698251	79	4.82	2	23
1699425	1699493	69	22.36	26	113
1699563	1699570	8	10.25	11	20
1699659	1699695	37	21.84	7	165
1699766	1699774	9	1059.44	252.5	4138
1699846	1699873	28	45.68	28	162
1699942	1699967	26	73.65	34	572
1700038	1700068	31	30.06	21	156
1700139	1700145	7	644.43	894	1019
1700219	1700225	7	2610.57	648.5	7858
1700297	1700341	45	1173.67	1022.5	7955
1700429	1700453	25	20.76	16.5	59
1700525	1700538	14	362.29	380	502
1700610	1700654	45	103.07	103	428
1700725	1700749	25	275.88	35.5	3059
1700821	1700833	13	1543.38	682	6745
1700905	1700916	12	168.00	61	750
1701000	1701016	17	423.65	28.5	1696
1701089	1701106	18	88.61	59	310
1701186	1701193	8	466.25	467	829
1701264	1701307	44	57.48	8	559
1701381	1701391	11	491.64	376.5	1267
1701462	1701472	11	3261.55	2718	7106
1701587	1701666	80	3452.25	688	8012
1704594	1704844	251	677.62	21.5	4786
1706392	1706839	448	225.78	17	2770
1707284	1707368	85	821.31	2	2799
1708308	1708454	147	35.71	0	122
1709751	1709858	108	56.06	39	138
1710945	1710988	44	186.45	263	284
1711514	1711670	157	93.62	2	431
1712415	1712420	6	6.33	8	8
1713507	1713718	212	29.32	14	224
1714697	1714730	34	2.74	3	7
1715199	1715203	5	12.40	15	17
1715435	1715438	4	7.00	9	10
1716246	1716345	100	60.36	2	226
1717246	1717268	23	18.65	19	23
1719864	1719892	29	68.41	72	77
1720565	1720774	210	16.12	1	119
1721738	1721783	46	122.59	79	263
1722324	1722515	192	303.71	0	3188
1723416	1723445	30	3.37	3	5
1723650	1723686	37	4.62	5	6
1724038	1724068	31	0.00	0	0
1724468	1724484	17	5.88	6	8
1725862	1725928	67	25.40	4	60
1726307	1726415	109	65.15	10	181
1727058	1727089	32	116.03	181	184
1727957	1728048	92	98.65	5	404
1728268	1728289	22	27.18	30	32
1729094	1729217	124	14.02	11	59
1729974	1730163	190	257.03	10	2241
1730608	1730747	140	151.07	20	733
1731978	1732083	106	93.21	112	207
1733341	1733560	220	4.20	1	16
1734551	1734669	119	47.86	3	158
1734739	1734821	83	176.75	135.5	397
1735485	1735676	192	1.93	0	13
1736259	1736337	79	47.16	10	104
1737424	1737447	24	5.12	5	7
1737748	1737819	72	10.03	8	22
1738126	1738287	162	29.30	9	113
1740964	1741099	136	835.67	140	3627
1742423	1742467	45	47.51	80	81
1744273	1744395	123	528.67	52	1776
1745377	1745438	62	97.53	4	232
1746402	1746451	50	9.64	14	23
1751878	1752309	432	2.27	0	20
1753552	1753615	64	1.09	2	2
1754507	1754525	19	0.95	1	1
1755354	1755400	47	12.26	16	17
1756868	1756884	17	19.59	20	25
1761475	1761669	195	12.66	4	51
1763070	1763074	5	37.00	45	70
1764179	1764272	94	21.87	26	59
1765086	1765089	4	5.25	7	7
1765735	1765747	13	53.23	58	59
1766387	1766446	60	706.52	1087	1275
1766685	1766786	102	147.52	2	1479
1767825	1767848	24	73.54	91	94
1769589	1769607	19	12.16	12	16
1770064	1770086	23	0.91	1	1
1770960	1771032	73	14.10	13.5	25
1771708	1771772	65	48.08	4	137
1774507	1774636	130	13.82	2	50
1775144	1775369	226	51.59	1	250
1775841	1775873	33	76.48	74	114
1776426	1776762	337	44.54	2	286
1778122	1778147	26	28.77	30	34
1778901	1779050	150	161.15	7	471
1779981	1780123	143	35.12	14.5	96
1781552	1781565	14	13.43	15	15
1783015	1783040	26	117.92	123	127
1783332	1783458	127	84.90	44	255
1786584	1786610	27	8.56	8	15
1788810	1788870	61	79.41	97.5	168
1789546	1789754	209	12.07	7	63
1791108	1791151	44	9.05	10	14
1791404	1791423	20	59.25	66	73
1791718	1791857	140	30.83	2	137
1793118	1793144	27	1.19	0	4
1794672	1794679	8	2.62	3	3
1796290	1796310	21	32.33	34	38
1800616	1800621	6	0.50	1	1
1800865	1800878	14	1.29	1	2
1801590	1801672	83	30.52	6	73
1802963	1802983	21	7.86	8	12
1804587	1804794	208	26.00	0	157
1805317	1805445	129	131.68	174.5	352
1805560	1805639	80	3639.25	1375	8007
1808567	1808817	251	659.10	23	4915
1810365	1810705	341	294.77	18	2792
1811309	1811375	67	37.91	3	127
1812147	1812198	52	10.40	7	20
1812559	1812579	21	17.10	3	74
1813810	1813869	60	28.45	0	70
1814398	1814483	86	73.38	54	211
1815237	1815278	42	5.12	2	9
1815636	1815677	42	38.88	38	74
1815876	1815899	24	19.29	19	25
1816401	1816497	97	29.32	37	50
1816634	1816827	194	31.46	0	560
1817719	1818004	286	2.25	0	14
1818256	1818534	279	46.06	1	351
1818877	1819086	210	37.39	0	185
1819519	1819520	2	5.50	11	11
1820106	1820128	23	0.00	0	0
1820843	1820875	33	20.79	23	26
1821263	1821284	22	2.55	3	3
1822020	1822021	2	10.00	20	20
1822538	1822549	12	37.83	41	43
1822934	1822963	30	280.80	337	340
1823696	1823807	112	140.11	1	822
1824036	1824054	19	17.63	17	24
1824325	1824429	105	185.66	0	703
1826086	1826159	74	0.23	0	1
1828752	1829231	480	0.04	0	1
1830126	1830271	146	1.11	0	5
1831622	1831636	15	13.20	14	17
1831946	1832081	136	30.10	15	99
1833066	1833082	17	0.00	0	0
1836641	1836665	25	7.76	8.5	10
1837353	1837372	20	3.80	4	5
1837514	1837548	35	34.17	40.5	53
1837780	1837888	109	994.41	7	4379
1838630	1838635	6	13.17	16	16
1840581	1840603	23	189.13	151	469
1841171	1841353	183	57.88	2	285
1844283	1844420	138	40.25	34	125
1845090	1845122	33	6.36	8	10
1846779	1846795	17	10.00	10.5	14
1847159	1847458	300	81.10	9	356
1847645	1847743	99	123.67	14	380
1848386	1848451	66	55.30	36	126
1849106	1849110	5	23.80	30	31
1849984	1850004	21	15.95	16	21
1852725	1852749	25	19.96	23.5	26
1854082	1854084	3	3.33	5	5
1855021	1855036	16	6.25	6	9
1857428	1857434	7	16.29	19	19
1858632	1858788	157	65.15	2.5	310
1859610	1859627	18	108.61	135	157
1860500	1860658	159	64.47	45	220
1862369	1862458	90	105.36	50	264
1863056	1863098	43	41.81	47	58
1866096	1866120	25	1.72	1.5	3
1872591	1872676	86	1.10	1	2
1873961	1873981	21	11.38	18	18
1874082	1874091	10	99.20	104	179
1874641	1874664	24	10.38	14	19
1874771	1874873	103	16.88	0	556
1875102	1875191	90	0.34	0	1
1876014	1876035	22	2.45	2	4
1876945	1876946	2	1.00	2	2
1877409	1877492	84	3339.04	14	8022
1878774	1878949	176	602.72	21	2847
1880318	1880335	18	323.78	149	1018
1882105	1882110	6	104.50	120	149
1882831	1882992	162	807.37	139	3623
1883407	1883445	39	5.56	5.5	8
1884934	1885089	156	14.49	8	37
1885294	1885308	15	0.00	0	0
1887520	1887536	17	0.94	1	1
1887828	1887952	125	25.37	5	88
1888775	1888834	60	5.37	5	11
1889534	1889547	14	24.50	25	31
1889779	1889843	65	113.65	5	280
1890747	1890831	85	14.46	13	25
1891267	1891275	9	8.56	8.5	13
1891807	1891844	38	1.97	2	3
1892457	1892474	18	30.56	33	35
1893258	1893274	17	34.76	37	40
1894112	1894292	181	96.17	8	297
1894923	1895046	124	2.02	0	5
1895662	1895676	15	7.27	8	9
1896487	1896507	21	3.05	3	4
1899145	1899196	52	12.27	16	18
1899572	1899577	6	2.50	3	3
1900559	1900654	96	13.21	9	35
1901276	1901417	142	27.61	0	109
1902927	1903044	118	14.42	1	59
1903870	1903924	55	89.69	136	159
1904405	1904422	18	10.17	8	17
1905365	1905379	15	11.80	13	14
1907270	1907391	122	88.30	94	263
1909072	1909230	159	30.76	16	71
1909657	1909796	140	175.42	3	814
1910278	1910346	69	7.04	3	22
1910746	1910765	20	31.95	34	37
1911636	1911715	80	45.85	8	280
1911983	1912108	126	4.76	3	22
1913165	1913358	194	7.98	3	85
1914664	1914672	9	13.33	14	20
1915249	1915332	84	4.60	4	11
1915431	1915478	48	3.19	4	6
1916985	1917006	22	79.00	87	99
1918153	1918317	165	355.95	20	3821
1918697	1918735	39	137.69	67.5	416
1919075	1919208	134	136.01	7	531
1920114	1920362	249	99.51	28.5	344
1920966	1920999	34	4.06	3	6
1923481	1923525	45	60.44	71	77
1924667	1924679	13	14.69	17	19
1925397	1925547	151	33.21	1	117
1926838	1926853	16	44.56	50	55
1928033	1928057	25	38.44	50	55
1928640	1928686	47	1.83	2	3
1931471	1931569	99	192.58	213.5	368
1931951	1931956	6	17.83	21	22
1932812	1932817	6	49.67	60	61
1933649	1933662	14	5.79	6	7
1933747	1933817	71	2.14	1	7
1934289	1934438	150	5.06	2	21
1936585	1936601	17	44.94	48	49
1937004	1937021	18	14.00	15	16
1938143	1938284	142	19.08	8	80
1940245	1940566	322	21.22	17	67
1941701	1941728	28	28.21	31	38
1943855	1943875	21	2.81	3	3
1944557	1944668	112	75.02	18	350
1946310	1946314	5	7.20	9	9
1947320	1947556	237	6.07	1	33
1949834	1949881	48	4.73	8	8
1951145	1951260	116	16.69	10	47
1951942	1952029	88	31.67	18	80
1952624	1952713	90	45.40	36	98
1953257	1953294	38	390.63	336	740
1954546	1954678	133	45.80	10	204
1955963	1955978	16	2.81	3	3
1957080	1957103	24	17.71	18	34
1958184	1958185	2	7.50	15	15
1959652	1959656	5	13.40	17.5	18
1960821	1961026	206	23.69	6	131
1961468	1961488	21	47.67	51	51
1962452	1962464	13	2.15	3	3
1963176	1963200	25	24.96	24	35
1963966	1964026	61	15.28	15	46
1964594	1964830	237	21.76	7	115
1965104	1965517	414	390.11	6	6473
1966496	1966600	105	28.88	17	70
1967615	1967639	25	2.12	2	3
1968948	1969093	146	232.21	225	682
1970237	1970597	361	89.39	4	821
1971270	1971287	18	10.39	12	12
1972248	1972330	83	57.94	23.5	127
1973048	1973369	322	8.36	0	64
1975775	1975931	157	19.23	3	77
1976154	1976197	44	27.59	32	39
1976807	1976998	192	34.49	13	135
1977119	1977249	131	14.28	0	115
1977766	1977783	18	1.83	2	2
1979572	1979674	103	39.80	29.5	77
1980389	1980573	185	42.18	18	175
1981306	1981310	5	10.40	13	13
1982651	1982668	18	27.94	30	31
1983977	1984159	183	153.11	33	643
1984976	1984996	21	5.57	6	9
1986179	1986209	31	5.42	5	8
1987101	1987255	155	166.65	7	804
1987706	1987949	244	128.62	5	602
1988970	1988971	2	1.00	2	2
1989995	1990098	104	10.45	3	30
1991038	1991204	167	54.46	1	508
1993015	1993032	18	6.39	2	19
1993651	1993652	2	0.00	0	0
1995350	1995575	226	2.54	0	16
1995758	1995809	52	359.98	355	608
1995895	1995952	58	11.41	10	30
1996508	1996785	278	9.13	2	53
1998620	1998668	49	33.55	40	48
1999410	1999424	15	2.40	3	3
2000022	2000051	30	0.13	0	1
2000967	2000992	26	1.58	3	3
2002259	2002276	18	0.00	0	0
2002556	2002557	2	2.00	4	4
2002999	2003018	20	0.65	1	1
2003766	2003954	189	9.23	1	62
2005023	2005133	111	216.80	22	691
2005923	2005929	7	6.86	8	9
2006848	2007149	302	19.52	1	129
2008623	2008743	121	15.43	2	128
2009173	2009326	154	256.47	129	691
2010310	2011002	693	83.91	1	1083
2012695	2012714	20	11.10	14	15
2014434	2014436	3	4.00	6	6
2014926	2015026	101	7.69	9	21
2016020	2016179	160	1708.14	6	8001
2017716	2017719	4	0.75	1	1
2018770	2018773	4	3.00	4	4
2020728	2020748	21	5.76	5	9
2022015	2022209	195	11.72	0	127
2022927	2022966	40	147.03	240	279
2024266	2024398	133	33.56	5	198
2025407	2025488	82	28.39	5	79
2026158	2026222	65	1.43	1	3
2027168	2027266	99	3.77	3	12
2027681	2027699	19	0.21	0	2
2028693	2028717	25	1.28	1	2
2029771	2029794	24	2.83	3	3
2031413	2031437	25	5.44	4	16
2031903	2031924	22	2.95	4	4
2033357	2033530	174	413.22	2	2002
2034524	2034643	120	5.77	0	20
2036339	2036536	198	40.98	0	421
2037992	2038014	23	3.65	5	5
2038984	2039004	21	8.43	9	9
2039941	2040046	106	0.00	0	0
2041529	2041530	2	0.00	0	0
2043268	2043326	59	0.00	0	0
2043936	2043998	63	0.00	0	0
2045301	2045306	6	0.00	0	0
2047962	2048219	258	0.12	0	1
2051696	2051875	180	62.99	0	384
2052569	2052584	16	1.12	1	2
2053572	2053685	114	43.90	16	126
2056449	2056503	55	253.22	44	1239
2057259	2057354	96	1143.09	12	3350
2057874	2057880	7	27.00	31.5	32
2058985	2059118	134	1.17	0	8
2062510	2062582	73	58.01	57.5	118
2062800	2062838	39	4.79	0	12
2064717	2065010	294	0.39	0	3
2066121	2066519	399	2.25	1	11
2067294	2067419	126	44.59	6	157
2067708	2067732	25	55.80	59	66
2068189	2068194	6	141.33	164	187
2068882	2069002	121	46.09	5	153
2070176	2070244	69	6.39	3	16
2071523	2071890	368	93.26	3	931
2072701	2072725	25	21.08	22	27
2075179	2075321	143	21.74	9	77
2076294	2076342	49	615.18	813.5	850
2077816	2077992	177	220.80	100.5	537
2080605	2080623	19	225.32	239	287
2081560	2081574	15	10.67	13	14
2082004	2082208	205	91.62	0	671
2083511	2083571	61	8.26	9.5	22
2086586	2086588	3	78.00	117	118
2086733	2086737	5	109.00	131	154
2086909	2087001	93	325.65	29	1279
2087536	2087667	132	547.35	0	2990
2088838	2088921	84	6.25	1	19
2091160	2091203	44	3.68	4	5
2092242	2092262	21	50.33	57	65
2092743	2092747	5	14.00	17.5	18
2093303	2093401	99	27.34	33.5	54
2093681	2093713	33	23.00	24	30
2094161	2094210	50	345.64	637	680
2095264	2095412	149	22.30	2	91
2096316	2096554	239	19.52	1	94
2097470	2097600	131	24.02	36	52
2098321	2098328	8	4.12	5	5
2098968	2098988	21	3.76	4	13
2099604	2099617	14	2.79	3	3
2101241	2101382	142	5.15	1	18
2101572	2101635	64	2.94	2	9
2102020	2102160	141	19.95	5	71
2102551	2102597	47	13.85	22	24
2102895	2102958	64	32.98	16	74
2103934	2104193	260	90.49	0	893
2105820	2105857	38	98.00	127	144
2106140	2106377	238	168.50	2	952
2107062	2107065	4	5.75	8	8
2107267	2107295	29	23.83	25	28
2107941	2108253	313	20.36	6	84
2110204	2110229	26	12.27	14	14
2111187	2111264	78	93.23	31	777
2111350	2111402	53	375.21	479.5	610
2111588	2111704	117	233.99	104	641
2114324	2114430	107	69.39	4	278
2115571	2115705	135	63.34	0	259
2116150	2116178	29	7.48	11	13
2116912	2117019	108	148.95	15	446
2118534	2118668	135	3.83	1	28
2118753	2118804	52	55.48	58	98
2120491	2120587	97	616.51	1	1939
2121857	2122493	637	11.47	2	119
2123823	2123834	12	22.08	24	25
2124423	2124535	113	7.42	2.5	24
2125577	2125793	217	138.52	0	987
2127006	2127011	6	5.00	6	6
2128380	2128549	170	76.05	9	511
2130071	2130116	46	64.28	83	83
2130312	2130317	6	1.00	2	2
2130966	2130969	4	0.00	0	0
2131900	2131919	20	8.40	9	9
2133267	2133296	30	0.63	1	1
2133570	2133577	8	0.00	0	0
2134043	2134052	10	139.20	155	155
2136057	2136239	183	11.64	0.5	94
2137683	2137810	128	138.17	2	590
2138696	2138699	4	30.00	40	40
2139264	2139311	48	8.31	10	12
2139750	2139751	2	2.00	4	4
2140421	2140773	353	5.03	1	17
2141749	2142070	322	5.11	0	45
2144287	2144295	9	0.56	1	1
2144476	2144507	32	19.94	24	30
2145360	2145613	254	8.06	0	42
2146373	2146380	8	3.50	4	4
2147521	2147564	44	1.09	1	2
2148360	2148448	89	4.11	4	8
2149403	2149484	82	4.15	2	9
2150214	2150338	125	19.70	0	57
2150567	2150652	86	45.35	17	134
2151406	2151604	199	18.15	1	122
2154297	2154341	45	5.98	6.5	8
2155164	2155226	63	8.44	9	25
2155686	2155722	37	2.11	2	4
2157073	2157324	252	26.24	3	197
2159502	2159678	177	14.40	3	68
2161938	2161955	18	4.44	5	5
2162796	2162816	21	4.29	4	8
2163666	2163668	3	9.33	14	14
2164974	2165063	90	26.30	5	69
2166321	2166536	216	8.75	6	31
2168310	2168569	260	12.22	1	70
2169203	2169240	38	37.66	53	64
2170204	2170344	141	198.70	148	670
2170579	2171178	600	291.00	0	2897
2173000	2173335	336	31.24	2	471
2173405	2173564	160	400.98	18	2194
2173636	2173647	12	175.92	149	387
2173729	2173742	14	13.86	7	39
2173815	2173823	9	217.89	197	718
2173894	2174014	121	70.97	55	398
2174702	2175182	481	0.78	0	20
2175891	2175922	32	31.00	45	46
2176820	2176838	19	0.00	0	0
2177691	2177710	20	0.00	0	0
2178806	2178821	16	0.00	0	0
2179131	2179145	15	1.60	3	3
2179617	2179630	14	0.00	0	0
2181086	2181283	198	20.40	0	158
2183902	2183983	82	2.51	1	15
2184489	2184491	3	29.33	44	44
2185155	2185370	216	19.21	0	309
2187111	2187217	107	82.72	1	256
2187521	2187540	20	0.95	1	1
2188354	2188419	66	1.59	1	4
2189152	2189268	117	6.68	2	22
2190283	2190353	71	19.31	0	49
2191206	2191313	108	21.46	3	119
2192319	2192376	58	33.79	13	109
2193016	2193067	52	17.85	7	51
2193383	2193583	201	44.04	1	214
2193758	2193801	44	799.55	1269	1303
2194099	2194207	109	12.07	4	37
2196012	2196069	58	7.64	10	18
2198359	2198897	539	65.74	0	1469
2199237	2199293	57	406.05	552	651
2201193	2201323	131	40.34	25	166
2201507	2201602	96	32.09	39	71
2202650	2202674	25	4.76	5	6
2203641	2203645	5	1.60	2	2
2204366	2204369	4	3.00	4	4
2205108	2205125	18	0.72	1	1
2206200	2206276	77	40.47	21	77
2207153	2207224	72	3.07	3	6
2207918	2208172	255	4.95	1	40
2208842	2208909	68	7.32	5	18
2209525	2209657	133	41.98	0	148
2210045	2210072	28	14.54	18	21
2210229	2210275	47	29.79	33	44
2211203	2211226	24	0.83	1	1
2214028	2214259	232	22.22	0	161
2215625	2215732	108	123.18	6	374
2216804	2216978	175	679.50	64.5	3151
2217738	2217921	184	1.71	0	7
2218483	2218590	108	70.26	0	348
2218936	2218977	42	13.40	14	25
2223814	2223996	183	0.03	0	1
2227453	2227648	196	0.18	0	1
2228123	2228185	63	0.25	0	1
2228924	2228929	6	0.00	0	0
2231539	2231627	89	5.07	1	12
2233335	2233351	17	2.41	3	3
2233973	2234185	213	3.04	1	15
2234444	2234482	39	0.49	0	2
2234586	2234744	159	1.77	0	17
2236548	2236622	75	25.27	4	62
2237679	2237863	185	98.26	1	509
2238515	2238748	234	95.16	17	520
2239142	2239462	321	25.56	4	190
2241502	2241521	20	233.45	309	330
2242554	2242555	2	11.50	23	23
2243483	2243763	281	1091.90	20	8014
2245438	2246063	626	106.54	2	1600
2246406	2246450	45	103.02	18	675
2246676	2246742	67	557.84	726	1422
2247736	2247795	60	19.30	26	29
2248649	2248769	121	31.00	38	72
2250009	2250213	205	39.73	19	157
2251150	2251271	122	9.49	9	37
2252373	2252703	331	73.75	1	3443
2252908	2252999	92	12.10	12	20
2253687	2253779	93	38.99	47	127
2256378	2256528	151	4.25	2	15
2257204	2257317	114	17.65	0	60
2258086	2258151	66	32.79	9	77
2258935	2259057	123	44.28	0	208
2259400	2259558	159	5.95	0	20
2261544	2261742	199	11.53	2	57
2262244	2262284	41	152.46	191	216
2264242	2264404	163	56.00	27	253
2264825	2264856	32	75.38	79	99
2265217	2265401	185	12.97	2	70
2265939	2266057	119	152.13	3	569
2266937	2266979	43	21.51	19	58
2267919	2267965	47	26.06	16	47
2271919	2272063	145	243.28	28	948
2272415	2272498	84	253.76	7	612
2273630	2273735	106	1413.38	29	4241
2275101	2275172	72	21.10	12	82
2276867	2276868	2	6.00	12	12
2277073	2277173	101	52.39	56	117
2279316	2279639	324	10.57	3	51
2280063	2280129	67	113.94	62.5	307
2280997	2281254	258	178.34	53	715
2282557	2282598	42	35.93	46	49
2283475	2283777	303	1.54	0	12
2284630	2284700	71	0.31	0	2
2286624	2286683	60	1.17	1	2
2287551	2287585	35	0.51	0.5	2
2288792	2288953	162	0.90	1	3
2290142	2290181	40	4.67	2	8
2292504	2292597	94	3.16	1	13
2293078	2293216	139	46.42	0	314
2293784	2293807	24	13.79	15	15
2294675	2294689	15	4.13	4	7
2295080	2295083	4	4.50	6	8
2296619	2296720	102	12.91	0	38
2296988	2297007	20	10.80	13	16
2297626	2297641	16	90.56	95	128
2298638	2298832	195	18.24	13.5	68
2301009	2301083	75	90.92	32	180
2302233	2302277	45	396.96	430	547
2302905	2303079	175	23.15	0	152
2304370	2304481	112	30.62	8	104
2304746	2304790	45	11.00	10	15
2305310	2305389	80	14.79	5	43
2306006	2306158	153	26.01	1	115
2307373	2307454	82	685.23	46	1573
2307761	2307827	67	66.79	2	151
2308578	2308731	154	11.81	6	66
2309542	2309621	80	65.36	53	125
2310522	2310607	86	35.85	20	86
2310968	2310990	23	138.26	182.5	206
2311837	2311839	3	17.67	26.5	27
2315545	2315548	4	9.00	12	12
2319020	2319171	152	32.49	31	112
2319526	2319658	133	165.23	38	483
2319935	2319937	3	0.00	0	0
2320363	2320509	147	0.00	0	0
2321543	2322067	525	0.03	0	1
2322828	2323068	241	0.07	0	1
2323918	2323919	2	0.00	0	0
2324199	2324213	15	0.00	0	0
2324577	2324607	31	0.00	0	0
2324764	2324770	7	0.00	0	0
2325086	2325099	14	0.00	0	0
2326171	2326172	2	0.00	0	0
2327199	2327201	3	0.00	0	0
2328225	2328235	11	0.00	0	0
2329052	2329055	4	0.00	0	0
2334417	2334429	13	0.00	0	0
2335030	2335037	8	0.00	0	0
2335458	2335514	57	0.00	0	0
2335752	2335776	25	0.00	0	0
2336212	2336216	5	0.00	0	0
2336622	2336623	2	0.00	0	0
2336960	2336961	2	0.00	0	0
2337322	2337323	2	0.00	0	0
2337717	2337737	21	0.00	0	0
2338737	2338738	2	0.00	0	0
2339327	2339407	81	0.00	0	0
2340545	2340552	8	0.00	0	0
2342041	2342055	15	0.00	0	0
2343896	2343981	86	0.00	0	0
2344690	2345058	369	0.20	0	2
2345491	2345511	21	0.00	0	0
2345674	2345723	50	0.00	0	0
2346246	2346250	5	0.00	0	0
2347423	2347444	22	0.00	0	0
2348258	2348259	2	0.00	0	0
2349217	2349451	235	0.00	0	0
2349638	2349748	111	0.00	0	0
2350492	2350615	124	0.01	0	1
2351650	2351657	8	0.00	0	0
2351937	2351964	28	0.00	0	0
2352247	2352260	14	0.00	0	0
2352453	2352487	35	0.00	0	0
2352689	2352859	171	0.00	0	0
2353334	2353493	160	0.00	0	0
2353659	2353709	51	0.00	0	0
2354244	2354477	234	0.00	0	0
2355990	2356052	63	0.00	0	0
2357409	2357428	20	0.00	0	0
2357876	2357932	57	21.46	27	49
2358287	2358385	99	73.85	4.5	693
2360282	2360285	4	1.50	2	2
2361956	2362173	218	7.96	0	79
2363937	2364012	76	96.51	77	185
2366037	2366171	135	313.80	11	1580
2366871	2366945	75	34.63	26.5	69
2371000	2371012	13	12.23	15	15
2371727	2371750	24	30.75	35	38
2372558	2372576	19	33.89	42	46
2373111	2373128	18	29.22	30	39
2373672	2373916	245	372.33	0	5389
2374814	2374842	29	12.76	11	23
2376793	2376923	131	2207.51	29	8017
2378520	2378525	6	5.00	6	6
2379765	2379770	6	79.00	95	95
2379906	2379967	62	762.97	0	7997
2380577	2380768	192	19.99	0	97
2381297	2381315	19	0.95	1	1
2382045	2382090	46	34.57	39	52
2382934	2383055	122	37.21	1	169
2385837	2385871	35	5.51	5	9
2386340	2386733	394	0.89	0	14
2388255	2388269	15	0.00	0	0
2389662	2389672	11	5.36	2.5	25
2391185	2391481	297	4.59	2	19
2391563	2391610	48	24.79	6	394
2391682	2391703	22	56.23	34	304
2391773	2391780	8	507.12	559	692
2391850	2391881	32	164.31	14	2403
2391952	2391969	18	67.94	10	227
2392041	2392050	10	1316.50	210	5854
2392132	2392154	23	69.26	48.5	214
2392225	2392231	7	633.86	884	1033
2392305	2392313	9	2291.11	822	7857
2392385	2392408	24	676.54	4	7898
2392482	2392540	59	263.63	203	2240
2392610	2392645	36	61.86	55	156
2392732	2392740	9	2953.11	3092.5	6620
2392814	2392825	12	1073.92	194	5594
2392940	2393019	80	3619.46	719	8013
2395947	2396123	177	449.25	9	4920
2396197	2396245	49	126.10	1	2966
2396317	2396448	132	305.01	204	889
2397996	2398356	361	255.00	5	2634
2399113	2399219	107	42.03	52	113
2400570	2400673	104	80.61	4	377
2401079	2401228	150	41.15	30	118
2401580	2401735	156	155.62	0	642
2402900	2403040	141	12.73	5	66
2404142	2404143	2	42.00	84	84
2404822	2404866	45	33.60	34	43
2405302	2405425	124	7.12	10	16
2406785	2406828	44	6.91	6	10
2407222	2407310	89	129.35	85	319
2407893	2408126	234	65.93	21	313
2409336	2409683	348	121.60	0	1169
2412499	2412500	2	6.00	12	12
2414323	2414331	9	93.44	105	106
2415670	2415708	39	26.97	28	53
2416078	2416207	130	82.24	24	318
2416679	2416791	113	31.95	2.5	118
2418016	2418054	39	100.05	74.5	191
2418871	2418957	87	15.71	11	36
2420167	2420619	453	17.87	0.5	106
2421613	2421702	90	83.12	10	291
2422330	2422377	48	112.96	132	158
2422609	2422632	24	136.54	165	195
2422957	2423199	243	47.73	1	360
2423395	2423786	392	64.15	10	543
2426403	2426578	176	182.27	0	950
2426813	2426927	115	26.13	6	101
2427426	2427451	26	46.42	54	75
2428760	2428797	38	46.03	69	76
2429239	2429289	51	45.51	16.5	141
2430055	2430076	22	18.91	20	24
2431735	2431873	139	121.32	4	416
2432711	2432713	3	7.67	11.5	16
2433077	2433111	35	18.94	19.5	24
2433952	2434095	144	144.28	18	665
2434408	2434812	405	30.22	0	323
2435014	2435018	5	16.80	21	22
2435430	2435510	81	23.62	28	46
2436060	2436219	160	92.96	2	356
2437612	2437636	25	12.56	13	17
2439301	2439303	3	40.00	60	60
2440603	2440623	21	32.57	33	46
2441407	2441748	342	123.13	1	773
2442823	2442866	44	132.09	56	306
2443695	2443761	67	16.66	15	41
2445453	2445544	92	87.09	101	137
2445661	2445771	111	158.02	4	491
2445958	2446038	81	121.98	27	285
2447864	2447940	77	55.79	7	151
2448814	2449008	195	2.45	2	6
2449291	2449377	87	35.95	28.5	60
2449753	2449795	43	21.91	7	46
2450147	2450304	158	29.78	0	172
2451478	2451555	78	4.37	5	12
2452723	2452867	145	72.46	12.5	321
2454664	2454665	2	9.50	19	19
2455635	2455792	158	58.09	1	294
2455955	2456089	135	154.18	14	686
2456846	2456887	42	624.52	708	1635
2458289	2458417	129	35.29	1.5	153
2458721	2458786	66	14.55	11	31
2459642	2459910	269	118.13	1	500
2460319	2460343	25	6.56	6	24
2460854	2460973	120	5.57	0	33
2461319	2461352	34	4.91	3	9
2461734	2461790	57	1.46	1	5
2462685	2462731	47	37.79	63	69
2463299	2463476	178	1.17	0	5
2463894	2464335	442	10.55	0	108
2464703	2464845	143	112.38	0	7967
2468776	2468792	17	0.00	0	0
2469735	2469796	62	0.26	0	1
2473070	2473454	385	1.76	2	6
2474361	2474418	58	29.28	31	41
2474881	2474898	18	100.22	108	125
2477278	2477313	36	24.19	33	37
2478058	2478318	261	146.44	13	666
2478550	2478651	102	482.42	3	1453
2479393	2479577	185	174.16	20	830
2480295	2480429	135	17.01	19	41
2480595	2480705	111	360.70	25	2060
2481996	2482133	138	19.96	12	57
2483664	2483667	4	46.75	63	65
2484433	2484468	36	6.28	6	10
2485657	2485793	137	8.18	7	20
2486802	2486835	34	39.00	48	66
2487880	2488323	444	101.28	39	424
2489665	2489825	161	15.22	13	30
2490750	2490830	81	188.91	2	591
2493063	2493071	9	77.00	87.5	92
2493678	2493696	19	71.68	76.5	87
2494195	2494321	127	15.09	6	36
2494655	2494713	59	4908.54	7995.5	8018
2494783	2494904	122	342.52	518	854
2496339	2496497	159	47.09	0	163
2497092	2497141	50	139.52	49	485
2498531	2498750	220	1.19	0	5
2499915	2499969	55	24.51	25	52
2500984	2501012	29	16.55	17.5	19
2501982	2501991	10	10.00	11	12
2502958	2502961	4	12.00	15	18
2503835	2503944	110	100.77	34	291
2505673	2505716	44	14.11	9	32
2506758	2506794	37	5.65	4	14
2507776	2507896	121	38.03	19.5	135
2508854	2508934	81	81.77	29	191
2510408	2510495	88	123.20	66	360
2510991	2510996	6	2.17	3	3
2511648	2511693	46	7.63	7	14
2512525	2512612	88	683.25	66	1666
2513549	2513737	189	443.89	10	2322
2514089	2514099	11	43.55	48	49
2514298	2514323	26	2.38	4	4
2515533	2515602	70	1.20	1	5
2516863	2517073	211	2.96	2	9
2519942	2519951	10	3.70	4	5
2521926	2522178	253	8.38	3	50
2522416	2522438	23	3.87	4	5
2523084	2523107	24	4.62	5	6
2523474	2523599	126	5.69	5	15
2523903	2524173	271	302.04	1	2110
2524831	2524845	15	7.33	8	8
2525623	2525639	17	0.00	0	0
2526453	2526482	30	0.00	0	0
2528312	2528380	69	6.49	5.5	13
2529287	2529544	258	1.95	0	13
2531318	2531319	2	3.00	6	6
2532040	2532179	140	52.89	8	309
2533353	2533382	30	53.33	47	104
2534829	2534953	125	173.25	3	701
2536262	2536383	122	2279.01	19	8004
2537587	2537664	78	685.31	276	1540
2539223	2539728	506	138.45	4	1245
2540590	2540597	8	0.88	1	1
2541612	2541783	172	9.92	7	32
2544295	2544527	233	19.48	10	62
2545089	2545285	197	81.92	6	422
2547252	2547449	198	0.86	0	4
2548299	2548321	23	4.96	5	6
2549006	2549392	387	23.76	15	108
2550573	2550750	178	21.87	7	130
2551807	2551847	41	9.17	15	16
2552898	2552907	10	7.40	8	9
2554030	2554032	3	2.67	4	4
2554765	2554892	128	14.14	6	55
2555724	2556116	393	5.48	0	69
2556480	2556733	254	15.24	0	109
2557166	2557189	24	45.08	50	66
2558183	2558347	165	42.67	29	117
2559638	2559821	184	13.14	5	84
2560056	2560181	126	18.26	15	41
2560584	2560607	24	64.50	74	85
2562027	2562089	63	15.00	17	24
2562960	2562999	40	19.27	21	26
2564512	2564540	29	164.66	87.5	327
2565587	2565676	90	64.59	31	223
2565893	2565966	74	135.35	4	515
2566681	2566689	9	327.00	368	376
2567086	2567919	834	24.44	6	221
2569057	2569176	120	49.32	23	142
2569804	2569942	139	92.46	83.5	291
2571182	2571319	138	8.04	4	21
2572759	2573061	303	12.85	0	125
2574974	2574998	25	102.64	124.5	138
2575572	2575685	114	234.04	113	706
2576550	2576551	2	10.50	21	21
2577605	2577609	5	33.40	41.5	43
2578894	2579117	224	21.31	3	151
2579361	2579464	104	59.68	26	164
2580844	2580926	83	21.99	1	52
2582196	2582300	105	17.10	12	57
2583570	2583692	123	69.78	50.5	258
2584761	2584769	9	21.89	24.5	28
2585778	2585787	10	22.90	23	33
2587069	2587391	323	24.10	9	135
2588244	2588414	171	460.80	14	2271
2589333	2589651	319	18.41	0	99
2592403	2592448	46	36.13	38	60
2594045	2594413	369	134.23	14	717
2594948	2595315	368	39.18	14	283
2597430	2597509	80	73.16	5	169
2598161	2598236	76	389.53	8	1186
2598420	2598456	37	427.00	470	529
2599777	2599793	17	8.82	9	11
2600628	2600947	320	12.49	1	137
2601146	2601170	25	1.96	2	3
2601492	2601648	157	13.57	2	41
2603308	2603445	138	58.20	7	209
2604058	2604083	26	102.15	150	161
2604714	2604716	3	2.67	4	4
2605239	2605243	5	32.80	40	44
2606240	2606338	99	136.99	26.5	797
2606609	2606659	51	162.06	145.5	376
2607569	2607696	128	26.81	0	104
2612287	2612509	223	8.18	0	55
2613347	2613451	105	73.97	3	231
2614325	2614337	13	22.15	24	24
2614629	2614663	35	1.74	2	3
2614848	2614893	46	5.93	7	12
2615560	2615561	2	0.00	0	0
2616648	2616728	81	10.84	2	29
2618780	2618828	49	13.69	16	27
2619612	2619675	64	3.89	3	9
2620150	2620151	2	2.00	4	4
2623137	2623637	501	32.07	0	424
2624478	2624527	50	2.96	4	4
2626007	2626109	103	0.64	0	3
2626995	2627149	155	83.77	7.5	412
2627220	2627246	27	916.37	179.5	5610
2627320	2627331	12	1017.58	151	5426
2627446	2627526	81	3475.51	599.5	8014
2630454	2630630	177	451.53	14	4925
2630704	2630752	49	129.04	3	3008
2630824	2630955	132	301.85	203	869
2632503	2632788	286	327.22	8	2666
2633815	2634085	271	12.30	0	104
2635610	2635653	44	8.68	11	12
2636503	2636526	24	10.50	11	11
2636947	2637070	124	11.69	0	52
2637428	2637557	130	2.15	2	5
2637798	2638043	246	2.53	2	11
2638077	2638109	33	24.55	27	32
2638143	2638175	33	0.45	0	3
2638209	2638241	33	0.00	0	0
2638275	2638307	33	0.00	0	0
2638341	2638373	33	0.24	0	4
2638407	2638439	33	0.12	0	1
2638473	2638505	33	10.97	6	19
2638539	2638571	33	8.94	10	14
2638605	2638638	34	2.53	3	3
2638672	2638704	33	17.79	17	22
2638738	2638770	33	6.39	7.5	11
2638804	2638836	33	3.39	4	6
2638870	2638902	33	18.00	21	25
2638936	2638968	33	23.03	22	30
2639002	2639034	33	2.03	2	4
2639068	2639100	33	23.70	24	30
2639134	2639166	33	28.48	42	46
2639200	2639232	33	14.48	20	26
2639266	2639298	33	3.45	4	5
2639332	2639364	33	54.12	57	58
2639398	2639430	33	25.36	28.5	38
2639464	2639496	33	1.70	1	5
2639530	2639562	33	46.03	49	58
2639596	2639628	33	18.48	26	26
2639662	2639695	34	14.88	18	19
2639729	2639761	33	3.85	2	9
2639795	2639827	33	12.61	9	23
2639861	2639893	33	2.88	3	6
2639927	2639959	33	17.82	19	25
2639993	2640123	131	19.66	16	52
2641978	2641980	3	8.67	13	13
2645983	2646494	512	108.75	6	1188
2646972	2647198	227	68.75	0	454
2647589	2647612	24	152.42	159	179
2648048	2648128	81	63.17	60	101
2648179	2648244	66	20.06	0	642
2648989	2648996	8	21.25	25	25
2649792	2649796	5	1.60	2	2
2651530	2651608	79	16.94	0	76
2652269	2652388	120	14.76	11	38
2653277	2653317	41	11.37	14	15
2654410	2654522	113	20.18	10	114
2654595	2654619	25	20.80	20	42
2655025	2655043	19	234.74	282	336
2655986	2656097	112	55.43	33	275
2656485	2656509	25	416.72	439.5	463
2656873	2656893	21	1924.19	2031.5	2049
2657005	2657110	106	19.07	5	149
2657327	2657714	388	26.67	16	126
2658360	2658421	62	443.00	510	700
2659715	2659716	2	47.00	94	94
2660155	2660212	58	283.41	94	693
2660390	2660408	19	75.26	79	99
2660910	2660933	24	84.29	73	320
2661312	2661332	21	39.62	22	193
2661867	2661899	33	897.73	1275.5	1348
2662296	2662328	33	219.09	220	285
2662512	2662544	33	72.94	74	139
2663082	2663110	29	335.31	354.5	405
2663420	2663459	40	150.25	241	259
2663826	2663907	82	1209.22	15	7563
2664169	2664198	30	25.07	26	32
2664812	2664816	5	98.80	122.5	129
2665471	2665476	6	141.17	169	173
2665831	2665853	23	105.00	113.5	125
2666130	2666219	90	303.78	224	1100
2667051	2667093	43	51.21	32.5	152
2667376	2667377	2	295.00	590	590
2667999	2668026	28	71.79	80	98
2668654	2668690	37	186.59	215	353
2669066	2669359	294	27.05	0	158
2670158	2670179	22	3.36	4	4
2671137	2671220	84	26.37	26	46
2672301	2672466	166	84.16	47	319
2673364	2673813	450	171.74	0	869
2675698	2675875	178	144.58	34	607
2676308	2676342	35	5.09	6	9
2676883	2676906	24	3.33	4	6
2677885	2677976	92	2.30	3	4
2679306	2679352	47	2.51	3	3
2680337	2680366	30	22.47	9	44
2681177	2681257	81	16.37	1	52
2681999	2682001	3	0.00	0	0
2683428	2683442	15	0.00	0	0
2684433	2684503	71	0.00	0	0
2685800	2685828	29	0.00	0	0
2686099	2686103	5	2.40	3	3
2686536	2686730	195	48.01	3.5	260
2688795	2688951	157	59.03	6	260
2690137	2690247	111	7.49	6	16
2692333	2692400	68	18.04	15	45
2692869	2692901	33	111.76	151	204
2693313	2693507	195	176.33	113	717
2694903	2694919	17	33.94	37	37
2695397	2695532	136	15.65	1	72
2698187	2698222	36	0.67	1	1
2698895	2698905	11	0.00	0	0
2699344	2699540	197	1047.24	372.5	2981
2700570	2700573	4	3.00	4	4
2701624	2701662	39	1.95	2	4
2702932	2702995	64	9.00	0	59
2703275	2703334	60	3.52	2	13
2703797	2703832	36	8.25	9	9
2705900	2706270	371	3.20	0	30
2707081	2707156	76	30.87	3	94
2707882	2707929	48	30.71	23	69
2708734	2708851	118	138.42	1	520
2709320	2709367	48	24.25	21	41
2709821	2710020	200	47.03	1	215
2710360	2710374	15	113.87	139	153
2711629	2711632	4	91.75	123	123
2712443	2712485	43	26.86	22	44
2715866	2715883	18	15.28	17	19
2716454	2716470	17	7.41	9	12
2718514	2718527	14	100.36	108	115
2720211	2720552	342	52.23	0	258
2720856	2720992	137	2.16	2	6
2722298	2722336	39	7.72	3.5	20
2722637	2723093	457	26.68	0	264
2723625	2723791	167	78.11	11	294
2726026	2726028	3	3.33	5	5
2728597	2728883	287	38.05	1	230
2729048	2729152	105	90.85	0	390
2729717	2729880	164	347.08	0	1830
2731651	2731889	239	150.34	18	867
2732217	2732326	110	55.81	69	127
2732951	2733005	55	21.51	29	34
2734383	2734568	186	33.58	16	157
2735556	2735579	24	32.21	40	53
2736174	2736179	6	27.50	33	33
2736552	2736659	108	57.54	25	178
2737509	2737629	121	1.02	1	3
2738467	2738589	123	45.72	4	197
2739430	2739477	48	9.88	11	14
2739721	2739737	17	17.29	19.5	21
2740332	2740442	111	73.50	19	230
2740758	2740789	32	28.72	32	41
2742527	2742855	329	193.22	1	1589
2743318	2743337	20	45.85	54	56
2743742	2743878	137	14.69	1	102
2745241	2745685	445	2.56	0	37
2745839	2745873	35	13.91	17.5	19
2746513	2746669	157	98.23	32.5	1796
2746934	2747212	279	68.19	15	1395
2748725	2748841	117	21.97	9.5	62
2749778	2749822	45	3.82	3.5	8
2750768	2750910	143	11.45	0	36
2752648	2752649	2	16.00	32	32
2754372	2754373	2	7.50	15	15
2756778	2757161	384	70.00	13	451
2757630	2757826	197	420.94	2	2937
2759402	2759445	44	142.93	164	273
2760163	2760244	82	12.35	3	38
2760977	2761032	56	11.98	7	25
2761492	2761514	23	7.13	8	11
2761956	2762015	60	90.67	163	186
2763812	2763971	160	10.07	0	45
2764863	2764949	87	9.86	3	25
2765403	2765404	2	0.00	0	0
2765807	2765851	45	42.69	50.5	61
2766461	2766476	16	1.88	2	2
2766843	2766928	86	74.22	0	252
2767679	2767846	168	198.96	2	1095
2769803	2769865	63	2.56	3	4
2772512	2772515	4	0.00	0	0
2775326	2775331	6	3.50	4	5
2776286	2776355	70	335.84	516	660
2777688	2777807	120	6.10	6	12
2779976	2780094	119	8.94	3	34
2780440	2780460	21	1.71	2	2
2781103	2781247	145	8.14	1	33
2781935	2782266	332	3.33	0	30
2783992	2784047	56	23.18	26	37
2784297	2784318	22	25.41	27	27
2785600	2785661	62	4411.18	7997	8021
2785882	2785936	55	59.64	3	292
2786354	2786485	132	64.92	0	161
2788759	2788921	163	5.37	2	27
2790641	2790642	2	0.00	0	0
2792413	2792690	278	5.82	0	39
2792916	2792958	43	25.98	26	43
2794294	2794474	181	53.24	6	197
2796149	2796250	102	5.38	3	16
2798402	2798427	26	4.15	4	6
2800198	2800360	163	120.93	2	571
2801825	2802112	288	67.24	18	470
2802641	2802700	60	1249.85	7	4194
2804309	2804376	68	1.22	0	4
2804798	2804827	30	0.00	0	0
2806280	2806328	49	0.10	0	1
2806629	2806663	35	0.49	0.5	1
2808014	2808027	14	0.00	0	0
2809211	2809252	42	174.14	250	267
2809985	2810086	102	131.74	10	372
2810747	2810819	73	78.75	5	208
2811948	2811976	29	344.55	423	439
2812862	2813033	172	10.32	0	99
2815362	2815401	40	7.58	10	11
2818694	2818792	99	6.16	0	17
2819639	2819809	171	184.73	10	858
2819996	2820695	700	2.81	0	46
2821884	2822045	162	22.61	4	86
2822553	2822833	281	77.61	1	609
2823932	2824085	154	25.40	7	90
2824392	2824399	8	1.62	2	2
2826668	2826702	35	0.00	0	0
2827000	2827017	18	0.94	1	1
2828311	2828462	152	18.49	0	79
2830377	2830589	213	26.58	5	136
2832054	2832203	150	5.01	0	20
2833185	2833186	2	0.00	0	0
2835107	2835216	110	581.90	39	1786
2836045	2836218	174	201.49	19	1091
2836423	2836431	9	61.00	69	70
2838035	2838260	226	205.78	0	1239
2839017	2839177	161	1182.58	0	8014
2839475	2839488	14	94.43	102	105
2840341	2840514	174	17.86	14	60
2842208	2842234	27	2.37	4	4
2842679	2842693	15	0.93	1	1
2843348	2843412	65	0.00	0	0
2844817	2844852	36	5.28	4	9
2845852	2845855	4	3.00	4	4
2846567	2846770	204	0.28	0	5
2847485	2847639	155	14.50	4.5	48
2847904	2847910	7	1.71	2	2
2849936	2850065	130	5.61	0	39
2850420	2850622	203	1.00	0	5
2851013	2851173	161	4.27	2	13
2853061	2853087	27	8.70	10	11
2854459	2854818	360	7.81	0	68
2855635	2855693	59	8.41	14	16
2856399	2856424	26	2.62	1	6
2856950	2857112	163	9.96	0	49
2857842	2857890	49	81.67	111	113
2859082	2859171	90	9.33	4	24
2860360	2860377	18	0.00	0	0
2861776	2861777	2	0.00	0	0
2862978	2863175	198	5.49	0	48
2865516	2865730	215	6.73	1	42
2868284	2868330	47	13.55	17.5	21
2868652	2868662	11	3.64	4	4
2869902	2869992	91	82.74	39	194
2872262	2872634	373	12.13	4	61
2873781	2873796	16	0.94	1	1
2874217	2874321	105	100.35	3	546
2874673	2874868	196	77.03	1	904
2875466	2875523	58	10.24	9	18
2875842	2875966	125	101.10	0	848
2880947	2881006	60	0.60	1	1
2881799	2881813	15	0.00	0	0
2882864	2882884	21	1.43	2	2
2884602	2884678	77	1.35	2	2
2887666	2887892	227	4.75	0	26
2888916	2888939	24	7.71	8	12
2889010	2889056	47	13.98	15	20
2891049	2891186	138	1.83	1	6
2891724	2891880	157	2.83	0	12
2893291	2893333	43	26.56	28.5	36
2893646	2893660	15	0.00	0	0
2894480	2894494	15	0.00	0	0
2895755	2895769	15	0.00	0	0
2897219	2897239	21	0.00	0	0
2898506	2898630	125	11.17	4.5	47
2899609	2899660	52	4.44	4	9
2900120	2900176	57	10.81	9.5	25
2901655	2901697	43	15.60	18.5	28
2902055	2902146	92	989.08	11	3642
2902279	2902448	170	241.16	52	1042
2902917	2903106	190	3.59	0	18
