#start	end	length	mean	median	max
1	516	516	17.15	3	56
1876	2155	280	50.15	56	94
3287	3669	383	55.83	7	788
5022	5033	12	415.08	455	459
6966	7004	39	326.31	346	352
9666	9754	89	151.36	56	812
10454	10892	439	90.85	41	478
12405	12485	81	61.52	21.5	748
12694	12785	92	1110.12	119	7973
14070	14721	652	31.75	4	365
15741	15947	207	852.00	1213	1493
16044	16105	62	14.39	11	27
17072	17364	293	49.65	34	434
18301	18317	17	844.47	911.5	937
20732	20765	34	795.06	817	843
22164	22443	280	25.18	14	266
23725	24156	432	42.45	2	704
24229	24238	10	2971.20	4206	5237
24309	24930	622	131.47	9	1953
25630	25644	15	150.13	165.5	175
27469	27514	46	115.87	114	152
28796	28798	3	70.33	105.5	106
29585	29976	392	102.16	19	337
30775	31004	230	16.77	7	64
33321	33554	234	1.97	2	5
34168	34374	207	27.85	31	43
34563	34711	149	16.52	7	105
36455	36550	96	1049.14	17	2816
37001	37018	18	30.94	32	38
37118	37217	100	35.08	32	48
37971	37972	2	85.00	170	170
38231	38369	139	16.22	2.5	120
39435	39467	33	13.88	15	16
40800	40820	21	28.57	28	37
42012	42280	269	11.30	13	22
42380	42680	301	116.00	80	370
43611	43975	365	41.70	26.5	154
44177	44227	51	31.41	32	40
44522	44595	74	66.11	54	108
46358	46472	115	2.83	2	8
47331	47688	358	3.23	3	8
48220	48312	93	1.95	1	8
49054	49489	436	9.22	7	42
50090	50358	269	6.61	2	24
53509	53567	59	6.19	6	11
54048	54254	207	3.09	0	25
55239	55461	223	1.03	1	5
56230	56283	54	1.19	1	2
57052	57117	66	0.00	0	0
57886	57954	69	0.99	1	1
58720	58854	135	42.06	10	117
61051	61203	153	5.20	4	16
62380	62383	4	14.25	19	20
63770	64264	495	37.14	22	97
65924	66251	328	47.33	16	897
68025	68200	176	7.24	2	47
69071	69185	115	2.55	2	13
70581	70772	192	16.45	7	54
71244	71507	264	57.25	40	154
73098	73428	331	16.57	9	101
74977	75399	423	2.52	1	30
76150	76520	371	13.62	5	122
77433	77515	83	78.64	88	94
78509	78526	18	28.50	31	35
79517	79884	368	14.58	5	108
81735	81757	23	3.22	3	4
88995	88996	2	7.50	15	15
90197	90202	6	21.17	25	26
91094	91162	69	14.93	6.5	34
91568	91619	52	4.94	5	8
92244	92457	214	52.36	4	501
93232	93377	146	12.37	2	88
93498	93569	72	7.32	0	46
95203	95414	212	7.70	7	15
99218	99487	270	34.96	1	1162
100085	100454	370	27.90	6	372
101052	101369	318	91.41	30	269
102123	102227	105	12.15	0	82
103066	103074	9	16.33	18.5	20
104425	104507	83	174.10	24.5	724
105168	105197	30	307.20	318	393
106374	106506	133	23.91	26	67
108117	108120	4	6.50	9	9
108892	109107	216	1.15	1	3
110062	110292	231	0.62	0	4
111835	111887	53	39.81	58	64
113421	113506	86	6.66	5	26
113708	114082	375	1.09	1	2
114841	114926	86	0.59	1	1
115212	115866	655	2561.77	793.5	7999
116086	116537	452	3.40	1	14
119145	119491	347	14.47	6	69
120158	120175	18	24.39	26	27
120860	120864	5	40.20	50	51
121627	121648	22	12.91	14	15
124488	124502	15	9.67	11	11
125610	125615	6	17.67	21	22
126738	126742	5	5.60	7	7
127367	127373	7	6.71	8	8
128481	128496	16	7.19	8	8
130859	130861	3	12.00	18	18
132065	132077	13	21.38	23	24
132633	132634	2	12.50	25	25
133520	133575	56	19.77	20	24
134836	134914	79	34.14	34	42
136058	136124	67	14.16	17.5	22
136449	136457	9	31.00	35	36
136839	137267	429	34.32	9	102
138753	139400	648	7.92	7	39
140358	140421	64	35.30	38	52
140623	140803	181	27.57	2	192
141314	141657	344	81.47	104	152
142396	142411	16	5.81	6	7
144142	144156	15	14.07	15	16
145186	145404	219	34.42	7	502
145762	145936	175	135.01	12.5	489
146960	147347	388	17.49	5	134
148596	149044	449	21.25	24	40
156218	156232	15	33.33	38.5	41
156875	157204	330	82.03	22	2631
157682	157953	272	708.11	35	7790
158716	158733	18	51.61	56	58
159973	159986	14	8.57	10	10
161016	161056	41	8.73	9	11
162239	162493	255	3.22	2	12
163847	164124	278	25.91	4	261
164620	164748	129	231.50	259.5	294
166387	166582	196	45.35	7	447
168658	169308	651	366.90	57	1236
170347	170348	2	2.00	4	4
171243	171256	14	4.07	4	5
172709	172713	5	32.80	41	41
173587	173782	196	171.80	162	358
174062	174276	215	8.61	1	45
177064	177270	207	128.24	8	727
178111	178114	4	18.75	25	25
180135	180401	267	160.25	176	321
183427	183434	8	3.38	4	4
184596	184614	19	4.53	5	5
186388	186427	40	4.47	5	5
188432	188731	300	46.81	21	112
189503	189694	192	5.09	1	25
190319	190529	211	14.89	3	77
191106	191490	385	21.29	3	340
192586	192600	15	2.53	3	3
193870	193874	5	4.00	5	5
195141	195144	4	7.25	10	10
195982	196057	76	14.14	15	17
197132	197158	27	22.78	23	27
198197	198253	57	9.63	11	12
199220	199582	363	20.85	17	43
200153	200309	157	5.40	3	19
201687	202047	361	13.24	15	20
205318	205907	590	16.89	1	257
208155	208179	25	162.28	173.5	178
208933	209038	106	27.78	15	124
209231	209270	40	25.73	35	35
211032	211197	166	17.74	17	34
211540	211731	192	83.24	3	522
213640	213823	184	44.32	45	58
213929	213949	21	5.29	6	6
214118	214245	128	29.45	31	41
215428	215459	32	5.56	6	7
217719	217906	188	1.85	2	4
219116	219229	114	1.25	1	5
220733	220760	28	10.00	10	11
222336	222778	443	20.98	2	189
223919	224234	316	5.45	5	12
225645	225907	263	24.45	8	105
226262	226420	159	13.79	17	29
226592	226619	28	74.96	78	82
227763	227919	157	23.69	2	294
228025	228481	457	4910.48	7912.5	8008
229289	229501	213	1096.58	65	7921
231138	231501	364	46.23	35	108
232435	232546	112	16.21	6	82
232643	232775	133	3.63	4	7
235322	235346	25	1.28	1	2
235623	235851	229	9.40	11	13
237109	237128	20	2.85	3	4
238182	238185	4	4.50	6	6
238330	238355	26	13.15	13	17
239397	239968	572	23.26	16	70
243375	243804	430	104.90	52	281
244972	245249	278	21.10	19	43
246982	247005	24	39.62	41	45
248692	248726	35	92.91	98.5	105
250449	250590	142	26.93	9	77
251263	251526	264	17.66	2	133
253264	253268	5	19.20	24	24
254007	254121	115	41.75	10	256
255257	255366	110	68.77	28	399
256069	256219	151	107.05	4	847
257009	257026	18	32.78	34	37
258461	258895	435	33.91	27	125
259655	259675	21	43.00	48	48
259808	259907	100	4.71	4	15
260820	260849	30	37.53	39	43
261252	261268	17	31.18	33	35
262148	262381	234	17.18	9	78
263378	263530	153	16.01	3	64
263708	263759	52	9.65	11	17
264150	264379	230	19.97	12	70
264782	264824	43	31.95	32	39
266199	266434	236	59.40	11	178
267425	267752	328	114.00	13	1294
268701	268754	54	17.19	8	76
269412	269427	16	18.19	19	23
271509	271578	70	37.91	40	61
273100	273372	273	14.51	1	165
274024	274059	36	1.94	2	2
274645	274789	145	20.21	19	125
275681	275930	250	2020.89	1	8002
276222	276307	86	36.74	37	66
279335	279336	2	15.00	30	30
280007	280021	15	8.60	9	11
281354	281377	24	1.79	2	2
285815	285846	32	78.50	122	124
286237	286254	18	11.56	8	22
286567	286568	2	4.50	9	9
287241	287242	2	1.50	3	3
287558	287569	12	10.42	11	12
289412	289424	13	35.38	38.5	43
289914	290123	210	19.82	5	96
290805	290953	149	20.48	12.5	56
291563	291700	138	16.09	13	55
291917	292050	134	9.40	2	29
293060	293072	13	35.85	43	45
293571	293583	13	25.08	32	34
294082	294094	13	28.31	24	46
294581	295205	625	10.27	5	52
295578	295732	155	21.28	7	83
296129	296346	218	124.52	71	512
297169	297407	239	184.31	7	1664
298683	299298	616	101.78	12	764
300187	300205	19	5.89	6	7
301485	301499	15	63.20	66.5	75
302175	302335	161	8.86	3	63
303414	303758	345	17.52	7	174
305773	305785	13	6.00	6.5	7
307004	307110	107	8.06	5	18
308641	308682	42	13.14	13	16
309562	309721	160	1.82	1	6
310580	310859	280	17.71	8	234
311658	311799	142	40.57	19	210
312466	312594	129	3.60	3	16
313906	314325	420	12.55	1	113
316396	316639	244	44.80	43	83
317465	317539	75	45.41	44	77
318737	318834	98	16.83	2	121
318925	319040	116	60.16	70	98
320040	320135	96	13.90	14	30
320406	320408	3	13.67	20.5	21
323141	323457	317	25.94	13	88
324481	324575	95	7.23	7	19
325920	325936	17	10.18	10.5	12
326219	326222	4	9.75	14	14
326664	326670	7	11.86	13.5	15
328624	328837	214	32.73	8	524
329255	329363	109	19.67	20	25
330717	330822	106	8.83	9	16
331261	331345	85	7.05	4.5	45
332702	333011	310	12.25	1	154
333936	333951	16	17.00	18	19
335011	335026	16	20.06	21	26
335591	335652	62	96.18	67	284
337052	337066	15	149.80	164	171
337610	337879	270	2.61	3	10
339958	339970	13	1.85	2	2
341651	341745	95	87.34	84.5	168
342400	342463	64	284.47	283	396
342686	342787	102	140.88	152	197
343175	343417	243	70.39	10	367
344329	344355	27	21.96	24	24
345196	345197	2	18.50	37	37
345825	346193	369	12.53	7	70
347325	347734	410	140.26	4	777
349045	349129	85	14.32	11	41
349880	349924	45	16.42	16	24
356218	356285	68	1322.90	38	3264
356448	356454	7	3051.29	3549.5	3595
356653	356883	231	38.76	2	1356
357727	357885	159	10.55	11	20
358765	358796	32	16.84	17	21
358998	359011	14	51.29	55	57
360107	360194	88	66.06	65	93
360384	360629	246	2376.54	21	8011
360924	360946	23	7574.30	7917.5	7979
361448	361501	54	7451.41	7756	7950
361742	362009	268	1643.84	78	7998
362946	362986	41	5.59	6	7
363296	363375	80	4.40	5	5
363532	363893	362	1.51	1	3
364503	364873	371	1.46	1	4
365240	365422	183	49.02	2	296
365993	366132	140	122.86	160	210
366394	366695	302	441.62	5	6138
366945	366985	41	355.46	381.5	790
367193	367372	180	23.94	5	179
367952	368019	68	25.65	25	37
368401	368657	257	55.48	53	158
369282	369356	75	26.89	27	34
369648	369728	81	92.79	29.5	393
371250	371267	18	5552.28	5851	6135
371835	372328	494	407.17	15	3647
373082	373164	83	111.65	41.5	502
374551	374637	87	144.11	41	469
374737	375529	793	32.22	13	173
376484	376603	120	123.42	161	222
377264	377408	145	91.25	16	437
377814	377995	182	33.45	3	311
378096	378328	233	2978.93	432.5	7998
378905	378906	2	133.50	267	267
380173	380212	40	238.18	117	540
381677	381703	27	471.78	495	541
383243	383357	115	45.52	8	726
383892	384286	395	28.90	15	202
384989	385389	401	2.84	3	5
385660	385932	273	5.21	4	13
386191	386598	408	155.56	31	1226
386956	386976	21	38.14	41	45
387820	388293	474	4.06	1	89
388972	389259	288	5.82	6	8
389953	390245	293	1.23	1	3
391314	391434	121	2.11	2	3
391570	391680	111	2.37	3	3
392605	392970	366	55.73	30	129
393876	394120	245	0.47	0	1
394814	395236	423	1.44	2	3
395930	396275	346	3.86	4	8
396972	397353	382	1.45	1	5
398050	398417	368	1.29	1	4
399099	399185	87	3.56	4	4
399285	399448	164	41.55	42	79
402123	402507	385	2.82	1	19
403183	403206	24	8.08	9	10
404713	404818	106	22.89	13	78
405125	405464	340	11.76	0	175
406281	406301	21	20.67	22	24
407085	407344	260	6.40	1	31
409718	409738	21	28.90	31	34
410051	410342	292	122.26	152	232
410601	410721	121	31.17	3	181
411922	412192	271	34.06	14	165
412319	413511	1193	232.24	6	1442
414994	415008	15	406.13	434	469
417712	417875	164	260.30	252	513
418236	418466	231	179.61	154	275
418881	418920	40	87.58	83	110
419593	419631	39	413.10	419.5	472
420364	420543	180	45.73	46	91
420655	420821	167	104.31	44	451
422157	422375	219	62.00	3	247
424414	424709	296	8.19	6	63
425733	425738	6	25.00	30	30
426396	426434	39	11.67	12	13
427275	427608	334	456.46	10	4069
428611	428797	187	556.70	116	1385
429065	429215	151	263.23	101.5	579
430084	430254	171	65.36	39	351
432150	432266	117	12.97	8	59
433149	433331	183	42.63	3	311
437829	437848	20	118.55	130	146
439310	439580	271	70.96	50	198
439671	440143	473	849.77	114	4329
441569	441634	66	15.27	11	52
443273	443299	27	139.96	149	165
444026	444089	64	64.92	62	479
444357	444427	71	517.79	465	2654
444527	444666	140	33.61	33	43
445189	445283	95	211.83	85.5	536
446955	447046	92	240.21	123	771
447362	447370	9	710.78	798	821
447965	448171	207	51.26	35.5	185
448268	448818	551	1436.51	30	7998
450372	450738	367	4539.39	4334.5	8016
453659	453733	75	1568.89	1553	6329
453845	454729	885	735.45	8	8008
456065	456068	4	7.50	10	10
456684	456713	30	632.30	971	1141
457041	457161	121	193.74	159	341
457336	457343	8	86.12	99	103
458181	458183	3	47.33	71	71
458985	459033	49	40.00	43	52
459349	459624	276	1067.10	28	8008
460589	460592	4	21.75	29	29
461430	461456	27	10.00	10.5	12
461610	461716	107	91.59	66	262
463688	463720	33	242.97	243.5	300
464492	464660	169	17.62	17.5	43
465195	465207	13	21.69	23.5	24
466099	466200	102	446.36	14	3666
466462	466773	312	306.29	44	2167
467620	467635	16	84.38	90	93
468458	468476	19	1260.16	1283	1501
468855	468928	74	541.68	531	1102
469229	469420	192	22.92	6	69
469550	469574	25	157.92	174.5	292
470925	471073	149	142.28	106.5	306
472037	472096	60	589.27	634	677
472840	473152	313	122.85	38	811
473723	473724	2	76.00	152	152
478745	478746	2	28.50	57	57
480198	480217	20	74.70	79	81
480608	480714	107	241.72	43	1385
481114	481295	182	169.15	81	934
482589	482595	7	45.43	53	53
483133	483391	259	165.79	168.5	361
485483	485713	231	64.03	22	389
486593	486773	181	614.83	240.5	2527
487704	487921	218	10.84	5	34
489539	489934	396	35.20	33	81
490025	490079	55	103.98	114.5	122
491565	492124	560	1687.53	28	7003
492237	492251	15	1399.93	1434	1887
492325	492343	19	3662.00	3866	4393
492417	492425	9	2654.22	3011	3078
492496	492531	36	3473.92	3857	4284
492604	492613	10	2162.90	2402	2493
492700	492707	8	839.38	955	1007
492782	492804	23	2064.26	918.5	7860
492876	492901	26	1025.92	1065	1133
492975	493098	124	7158.75	7934	7998
494651	495017	367	5239.09	5920.5	8012
497938	498012	75	3353.12	3800.5	6289
498125	498651	527	629.76	15	8002
500032	500137	106	137.69	3	1198
501023	501028	6	732.50	880	883
501587	501796	210	66.57	28	497
503009	503168	160	352.69	8	2087
503628	503726	99	314.21	320.5	356
505210	505225	16	231.88	246	253
507766	508196	431	18.95	3	90
509529	509573	45	44.27	41.5	55
510627	511185	559	46.32	19	172
512638	512744	107	106.07	121.5	201
512968	513062	95	47.62	24	177
515489	515498	10	20.30	23	26
516243	516244	2	14.00	28	28
516767	516849	83	11.82	12	18
517417	517696	280	197.14	249	371
517913	517927	15	222.20	235.5	249
518474	518656	183	3604.80	758	7999
519077	519286	210	6572.61	6814	7988
519977	520066	90	1440.77	1347	2154
520211	520250	40	6772.38	6642	7985
520749	520793	45	6656.44	6464.5	7987
521160	521336	177	630.89	363.5	1537
521943	522300	358	620.87	561	1942
525709	525874	166	736.25	738	1609
529469	529607	139	1671.21	356	8000
529860	529959	100	6993.23	7477	7974
530371	530438	68	3805.40	3806	5047
530907	531031	125	6867.54	7024	7965
533111	533329	219	7074.95	7107.5	7991
534512	534795	284	344.25	11	3793
535969	536141	173	13.94	3	81
537327	537594	268	207.92	5	3805
538471	538631	161	36.92	13	143
540267	540482	216	16.09	2	72
541446	541782	337	24.73	4	82
543003	543108	106	15.38	17	23
543790	543907	118	12.22	11	39
545178	545246	69	97.23	45.5	285
545715	545863	149	75.20	63.5	178
546731	546753	23	25.78	27	29
547318	547607	290	3.49	0	24
550736	551104	369	3.95	0	41
555152	555272	121	5.63	1	20
556743	556868	126	33.02	15	117
558357	558640	284	47.70	5	426
559517	559531	15	276.47	277.5	350
560195	560210	16	411.31	432	466
560571	560848	278	115.14	4	1086
561605	561683	79	989.04	354	2053
562314	562362	49	592.63	600	655
562864	562978	115	28.98	29.5	147
563624	564127	504	169.92	7	8004
565526	566071	546	2506.42	139	8007
567446	567449	4	9.75	13	13
568927	568931	5	26.40	33	33
569199	569401	203	1804.80	1831	4914
569567	570075	509	198.24	16	4797
570904	571089	186	90.01	12	1170
571744	571746	3	201.67	302.5	305
572125	572259	135	106.21	101	156
572626	572748	123	126.70	34	720
574231	574374	144	96.99	94	174
574825	574839	15	236.87	254.5	268
575488	575844	357	92.77	22.5	337
575981	576152	172	3164.17	1842	8001
576903	577072	170	315.41	19	1698
578057	578133	77	1194.43	1190	1341
578896	579484	589	32.49	9	373
580403	580409	7	130.29	149.5	159
581391	581405	15	91.27	92.5	125
582480	582658	179	55.08	10.5	267
582998	583051	54	15.56	12	49
584775	584858	84	27.32	9	75
584958	585425	468	3.28	0	12
586833	586907	75	6.16	6	13
587463	587590	128	7.40	7	15
588230	588391	162	18.57	8	62
588935	589011	77	25.79	8	77
589639	589697	59	13.20	15	24
589812	589836	25	32.08	35	36
590428	590588	161	2.45	2	5
591228	591276	49	4.06	3	7
591742	591776	35	3.03	3	4
591903	592357	455	6.30	3	23
592985	593182	198	5.89	5	18
593750	593788	39	5.38	5	7
594633	594658	26	0.00	0	0
595283	595554	272	13.17	7	112
596491	596703	213	137.55	57	685
597238	597408	171	19.27	5	180
597883	597924	42	46.74	48	59
599218	599247	30	127.07	133	149
599767	600267	501	53.44	49	532
601276	601352	77	3.30	3	6
601458	601585	128	22.65	10	58
603625	604015	391	31.88	19.5	104
604649	605089	441	72.11	18.5	216
605915	606064	150	11.47	9	37
607013	607069	57	10.53	10	14
608571	608708	138	804.91	69	5055
609213	609376	164	75.45	70	161
610091	610261	171	54.08	3	585
611048	611300	253	145.32	46	1734
611673	612622	950	263.80	199	709
613514	613746	233	17.88	4	75
614086	614349	264	10.28	7	58
614908	614928	21	40.90	44	51
619568	619570	3	24.33	36.5	37
620762	621142	381	40.04	25	101
623144	623340	197	30.37	21	88
623778	624571	794	1094.02	460	3190
627078	627201	124	347.74	130	1148
627844	627925	82	19.05	16	62
628676	628913	238	29.03	13	75
629676	629738	63	77.08	88.5	219
630531	630879	349	151.05	127	602
631690	631790	101	110.68	48	231
633950	634014	65	203.72	232.5	274
634411	634529	119	16.48	17	31
635823	636245	423	56.99	39	257
637971	638331	361	142.06	198.5	272
639559	639710	152	174.97	161	442
639906	640085	180	703.26	15	4027
640917	641200	284	43.76	13	277
641996	642033	38	107.97	112	117
644049	644284	236	8.44	6	50
645251	645294	44	3.89	4	5
646232	646349	118	579.83	14	4116
646845	647302	458	236.87	96	4810
648368	648520	153	234.35	113	688
649562	649728	167	10.05	10	15
650319	650529	211	172.28	197	375
651034	651148	115	99.42	24	745
652070	652087	18	17.67	19	19
653793	653938	146	19.84	14	50
656577	657303	727	207.54	18	2660
657919	657936	18	1094.33	1147	1510
658942	659531	590	154.66	26	2427
660327	660689	363	471.62	72.5	3329
661332	662030	699	18.14	15	47
664179	664260	82	4.01	4	6
664684	664875	192	45.24	1	430
665590	665591	2	228.50	457	457
666063	666156	94	16.02	9	67
666271	666417	147	37.83	22.5	243
667060	667177	118	50.53	51	58
668042	668103	62	125.79	125	148
668197	668244	48	246.60	250	313
669948	670048	101	5.94	4	65
670736	670864	129	10.14	2	30
671306	671374	69	125.13	2	318
671768	671907	140	83.80	28	202
672205	672286	82	56.87	22	371
672827	672924	98	326.19	73	816
673489	673492	4	138.50	184	186
673949	673953	5	58.20	73	73
674635	674808	174	81.30	11	515
675682	675902	221	83.00	5	647
679202	679330	129	262.69	233.5	595
679772	680000	229	671.83	262.5	1502
680925	681029	105	182.77	209	225
681936	681972	37	429.59	459.5	529
682258	682542	285	52.69	9	485
684094	684181	88	20.86	19	41
685553	685709	157	62.34	32.5	152
686606	686793	188	79.32	76	116
687214	687424	211	143.49	42.5	777
688589	688883	295	136.02	47	1009
689334	689509	176	25.36	12	141
689990	690241	252	117.66	2	2123
691921	691928	8	252.25	288	296
693885	693940	56	106.80	111	172
694112	694194	83	15.36	1	59
695374	695596	223	199.37	181	399
696944	697167	224	6.17	1	38
698005	698138	134	13.85	14	20
699120	699193	74	42.26	34	71
700247	700248	2	54.50	109	109
701381	701724	344	85.92	75	157
702163	702444	282	103.89	8	924
703027	703127	101	57.50	39	165
703839	703844	6	48.67	56	65
704262	704265	4	20.00	26	28
704932	705103	172	18.44	14	39
705148	705284	137	10.29	9	33
707011	707012	2	2.00	4	4
707619	707686	68	14.37	15	25
707891	707980	90	11.53	12	14
709677	710152	476	81.17	81	170
712091	712234	144	15.58	1	177
714245	714258	14	17.79	19	21
716038	716261	224	15.61	1	61
718744	718985	242	8.76	2	44
720042	720394	353	109.70	115.5	299
720935	721049	115	122.84	99	238
721146	721560	415	143.07	98	501
722476	722568	93	75.95	74	107
722668	722747	80	274.21	289	766
724251	724593	343	522.40	32.5	1971
725092	725113	22	375.86	430	456
725846	726780	935	239.78	243.5	1203
729245	729364	120	432.53	427	552
730334	730468	135	48.08	13.5	690
730571	730849	279	5.37	4	11
731003	731043	41	7.49	7	10
733714	733834	121	47.21	22	125
734861	735179	319	287.38	339	535
735492	735511	20	360.20	379	388
736433	736561	129	51.58	16	265
737078	737199	122	47.79	43	120
738076	738231	156	107.34	65	259
738550	738976	427	24.53	18	288
740099	740289	191	213.68	92.5	951
741514	741529	16	142.19	152	166
742022	742041	20	50.30	54	58
742801	742998	198	37.33	35	146
744067	744386	320	61.66	36	262
745440	745611	172	70.30	24	182
746251	746396	146	39.97	9	182
746778	747287	510	5.34	2	73
748891	748953	63	4636.27	7734	8022
749524	749939	416	48.20	16	356
752469	752512	44	85.30	33	643
752615	753020	406	15.59	18	29
753894	754049	156	21.04	10	60
754155	754304	150	37.33	41	66
755142	755317	176	22.20	4	130
756199	756469	271	37.39	13.5	126
757499	757510	12	0.00	0	0
758525	758564	40	0.75	0	2
759652	759661	10	18.60	20	31
762506	763169	664	32.21	10	282
764100	764107	8	70.50	81	83
764945	764954	10	39.80	44	45
765438	765447	10	62.70	68	76
766885	766953	69	300.55	43	1932
767887	768262	376	505.95	505	986
768686	768981	296	29.11	26	47
770784	770895	112	38.16	46	58
771838	772154	317	54.17	46	441
772224	772412	189	779.33	475.5	8002
772998	773242	245	158.54	143	760
774143	774293	151	55.42	47	149
774415	774847	433	26.88	1	487
775475	776118	644	815.34	12	6996
777130	777184	55	5346.05	5192	7992
778193	778333	141	596.77	411	1527
779522	779645	124	403.29	410	443
780405	780409	5	562.20	703	704
781925	782056	132	471.25	180	4686
783359	783700	342	643.37	72	1980
784157	784183	27	184.59	193.5	197
784457	784574	118	141.19	150	280
785313	785348	36	65.47	67	72
787719	787742	24	202.38	216	225
788205	788297	93	252.30	156.5	647
788657	788980	324	14.91	9	151
789260	789528	269	8.96	10	20
789850	789867	18	11.89	13	13
790012	790205	194	8.77	9	17
790932	791369	438	2.43	0	13
791523	791532	10	3.40	4	4
792052	792192	141	3.96	2	10
792721	792985	265	15.33	3	173
795767	795989	223	17.40	2.5	101
796107	796162	56	1.27	1	2
797513	797865	353	5.20	4	19
798886	799222	337	7.20	2	22
799691	800033	343	18.41	0	212
800718	800971	254	83.03	1	2557
801317	801772	456	11.34	5	70
801989	802052	64	15.31	13	31
802335	802424	90	10.06	8	42
802992	803181	190	10.65	8	22
803368	803398	31	162.68	188.5	203
803657	803999	343	215.03	26	2637
804434	804681	248	464.98	94	2676
805240	805314	75	9.00	9	26
805930	806086	157	76.07	88.5	218
806579	806979	401	168.33	4	2179
807400	807549	150	65.01	13	651
808264	808348	85	129.18	46	535
808886	809037	152	67.18	12	282
809356	809501	146	206.10	2	1466
809856	810015	160	506.27	132	3033
810394	810459	66	124.98	79	704
810571	810574	4	9.00	12	12
811451	811871	421	37.80	30	69
811983	812194	212	34.46	19	139
812868	812927	60	474.05	22	1473
813029	813119	91	255.51	296	312
814831	814850	20	16.70	16	22
815670	816025	356	35.29	8	360
816218	816452	235	165.42	30.5	650
817302	817631	330	112.77	13	1329
818391	818490	100	155.44	154	201
819796	819903	108	239.97	231	382
821606	821758	153	319.81	273.5	556
823154	823342	189	293.42	9	1552
823478	823485	8	10.50	12	12
823798	824164	367	6.35	1	23
825203	825218	16	77.06	81	89
826284	826352	69	34.17	37	46
826449	826498	50	38.30	16	132
827345	827359	15	38.13	44	47
828185	828213	29	83.03	85	102
829531	829616	86	785.05	52	2125
830532	830663	132	306.01	122	1316
831045	831125	81	18.01	16	86
831390	831489	100	241.41	21	1221
831922	831923	2	76.00	152	152
832701	832810	110	124.47	124	187
833693	833948	256	36.49	27	70
834257	834274	18	307.67	317	361
836941	836960	20	235.60	252	273
838367	838631	265	108.09	46.5	677
838872	838974	103	977.61	67.5	4072
839296	839356	61	65.84	63	99
840419	840737	319	89.08	17	789
840972	840986	15	300.27	322	327
841344	841799	456	233.90	15	881
843006	843138	133	126.02	49.5	995
844612	845024	413	40.54	8	321
846339	846359	21	195.48	198	254
846732	846789	58	21.40	20	32
847942	848192	251	24.42	5	86
848818	848819	2	333.00	666	666
849297	849300	4	979.00	1307	1308
851117	851130	14	592.00	647	686
853955	854087	133	131.06	39.5	1639
854469	854534	66	177.33	42	1035
855126	855576	451	494.88	24	4280
855919	856282	364	53.52	4	477
857408	857717	310	9.40	4	211
858906	859016	111	107.57	99	148
860259	860486	228	79.75	68	131
860676	860763	88	15.44	13	27
861691	861934	244	6.91	4	51
864507	864859	353	20.99	1	409
866189	866515	327	71.89	37	209
867089	867095	7	40.29	46.5	50
867618	867743	126	156.01	136	249
868209	868370	162	23.64	26	82
871845	871847	3	28.67	43	43
875499	875666	168	120.15	8	843
876567	876897	331	40.39	8	305
877285	877457	173	63.42	36	293
878772	878825	54	104.94	37	389
879648	879805	158	2764.78	183	7999
880070	880618	549	991.62	3	7993
882431	882635	205	289.88	9.5	1233
885243	885303	61	18.10	8	75
886171	886282	112	0.79	1	2
889661	889973	313	79.19	17.5	547
890406	890664	259	79.24	39	307
890848	891144	297	295.13	10	7549
892084	892097	14	2746.50	2935	3197
893340	893396	57	50.68	15.5	345
893766	894010	245	33.14	4	220
894935	894936	2	35.50	71	71
896005	896023	19	36.89	39	43
898035	898055	21	29.86	33.5	41
899709	899922	214	0.53	0	5
901636	901688	53	22.09	13.5	46
902673	902677	5	0.80	1	1
904611	904624	14	2.50	3	3
905504	905547	44	83.73	15	230
906535	906831	297	988.73	222	4047
907225	907597	373	299.60	71	1667
908315	908437	123	290.82	11	1584
909422	909471	50	24.52	27	78
911278	911379	102	123.18	129	184
911559	911739	181	9.81	7	40
912544	912568	25	82.12	86	90
912884	913037	154	139.76	38	311
913629	913816	188	34.35	5	135
914162	914180	19	83.47	88.5	102
914814	914832	19	107.00	115.5	125
916491	916513	23	12.78	13	15
917897	917908	12	27.17	29	31
919751	920030	280	175.66	18	1050
920799	920995	197	19.75	9	108
922079	922422	344	27.72	3	391
923989	924132	144	15.88	14	37
924889	925084	196	46.08	8	722
925592	925706	115	74.57	64.5	163
928048	928482	435	32.28	23	240
930206	930207	2	28.00	56	56
931768	931889	122	56.36	11	1059
932016	932071	56	1703.04	1804	1855
932873	933093	221	32.73	4	379
935416	935434	19	86.79	93	106
936791	936931	141	13.41	6	58
938441	938622	182	47.84	17	237
938709	938713	5	6385.00	7997	7999
938786	938929	144	112.65	5	6266
939458	939708	251	119.59	1	1593
939925	940007	83	57.13	29	131
940992	941192	201	190.42	4	4309
941367	941383	17	1722.71	1566.5	3167
941984	942147	164	53.93	55	194
942362	942902	541	247.12	51.5	1895
943002	943329	328	5.08	4	10
945292	945296	5	0.80	1	1
946253	946342	90	78.84	80	263
946631	946911	281	122.11	1	1212
947197	947204	8	14.88	17	17
948685	948775	91	205.93	196.5	455
949130	949715	586	126.46	1	6080
950577	950624	48	26.21	31	35
950754	950819	66	223.32	65	791
951108	951199	92	40.47	1	138
951749	951801	53	54.89	42.5	142
952738	952890	153	105.49	12	663
952993	953071	79	64.43	65	94
957545	957785	241	33.32	5	360
958113	958152	40	7.75	8	9
959332	959415	84	3.93	4	5
960424	960953	530	3.94	1	34
962106	962303	198	9.99	7	32
963312	963466	155	15.86	2	143
963884	963912	29	64.72	68	70
964021	964092	72	120.24	23	1304
967861	968090	230	34.23	17	437
968523	968679	157	11.54	12	84
969148	969197	50	102.02	104	152
970413	970865	453	14.52	15.5	62
972057	972595	539	11.42	3	332
972872	972882	11	2038.18	2229.5	2702
975464	975465	2	954.00	1908	1908
976564	976867	304	217.69	4	3498
976988	977137	150	40.55	10	282
977453	978260	808	134.29	33	2342
979119	979384	266	44.65	48	91
980913	980918	6	24.33	29	30
981621	981622	2	14.50	29	29
981884	981887	4	9.00	12	12
987223	987227	5	11.40	14.5	15
987792	987808	17	11.82	13	14
989285	989308	24	41.92	44	48
990554	990820	267	64.38	12	389
993018	993034	17	55.29	57	66
993608	993686	79	101.35	115.5	130
993785	993973	189	27.48	4	347
994091	994193	103	10.51	7	30
994326	994479	154	113.90	5	450
995773	996199	427	11.73	4	183
997370	997425	56	138.45	7	305
997966	998121	156	707.78	919	1031
998386	998390	5	1293.60	1617.5	1638
1000107	1000345	239	80.04	27	531
1000577	1000776	200	122.05	7	965
1003152	1003286	135	180.40	111	662
1003947	1003966	20	156.55	162	201
1004120	1004297	178	97.81	33	282
1005993	1005994	2	220.00	440	440
1006211	1006241	31	388.77	403.5	414
1006362	1006693	332	31.20	8	304
1007243	1007609	367	133.95	125	372
1008234	1008406	173	630.91	11	4936
1009517	1009522	6	1388.17	1667	1669
1010498	1010590	93	1299.67	1328.5	1854
1011881	1011886	6	1586.17	1891	2026
1013291	1013460	170	225.92	87	1056
1013734	1013879	146	15.53	4	43
1014417	1014431	15	13.00	14	15
1016314	1016321	8	5.25	6	6
1017129	1017130	2	3.50	7	7
1018202	1018277	76	134.61	11	1027
1019295	1019579	285	40.74	6	264
1019997	1020080	84	49.02	29	170
1021431	1021616	186	54.24	7	839
1022229	1022387	159	103.16	14	664
1023213	1023312	100	14.10	13	41
1023598	1023661	64	240.41	116	605
1025507	1025648	142	198.13	152	389
1025814	1025817	4	311.00	415	416
1026298	1026440	143	333.08	12.5	2226
1026714	1027029	316	257.77	48	922
1028254	1028809	556	21.45	21	132
1032260	1032401	142	9.23	5	90
1033470	1033752	283	147.36	135	740
1034662	1034688	27	1233.89	1306	1356
1035148	1035361	214	30.37	29	97
1035563	1035692	130	38.38	29	79
1036512	1036529	18	82.83	87	93
1036962	1037026	65	14.02	13	35
1037951	1038191	241	44.28	22.5	259
1038444	1038448	5	33.00	41	43
1038836	1038979	144	47.32	40	197
1039448	1039451	4	75.25	101	101
1039932	1039995	64	26.78	28	38
1041133	1041261	129	550.51	118.5	3683
1042028	1042226	199	261.65	22.5	985
1044162	1044367	206	2.58	2	19
1045418	1045628	211	22.01	2	78
1046310	1046311	2	1.00	2	2
1047386	1047414	29	2.48	2	4
1048261	1048275	15	0.80	1	1
1049238	1049301	64	1.77	2	3
1050034	1050054	21	1.90	2	2
1050376	1050414	39	1.46	1.5	2
1050520	1050761	242	3.36	4	9
1051500	1051580	81	189.16	42	887
1051792	1051882	91	26.09	26	37
1052939	1052940	2	58.00	116	116
1055341	1055513	173	6.70	6	14
1056450	1056821	372	10.23	8	47
1057080	1057089	10	74.70	81	91
1057609	1057683	75	49.44	16	427
1059394	1059405	12	8.08	9	9
1061752	1061926	175	527.67	404	4117
1062239	1062303	65	260.66	33	1700
1062397	1062633	237	17.04	18	23
1064344	1064669	326	275.69	267	558
1065282	1065335	54	182.43	188	200
1067100	1067101	2	157.50	315	315
1067915	1068152	238	16.26	10	160
1068951	1068964	14	96.71	95	135
1070046	1070175	130	2.35	2	7
1070341	1070536	196	153.64	2	1023
1070864	1071182	319	35.01	37	88
1071634	1072307	674	5.20	4	17
1072812	1073072	261	37.86	1	357
1073568	1073723	156	7.13	7	12
1074072	1074499	428	72.45	74	184
1074743	1074796	54	81.46	80	102
1075079	1075290	212	26.42	27	33
1075507	1075702	196	192.00	31	953
1075934	1076412	479	17.93	2	330
1077370	1078044	675	2.37	1	11
1078370	1078815	446	13.12	11	31
1079530	1079639	110	1.50	2	2
1080363	1080459	97	2.26	3	3
1081183	1081622	440	0.78	0	3
1082622	1082646	25	1.92	2	2
1083577	1083816	240	3.47	3	7
1085305	1085614	310	65.42	12	235
1085840	1086146	307	74.16	75	152
1087092	1087342	251	19.92	12	125
1087529	1088005	477	134.27	79	4455
1088077	1088442	366	97.81	45	7250
1088575	1088633	59	7.85	8	10
1088766	1088891	126	203.74	6	1395
1089585	1089695	111	39.14	33	114
1090134	1090330	197	93.21	5	1537
1090659	1090749	91	69.80	73	81
1091950	1092095	146	792.58	4	6426
1092525	1092563	39	1029.85	1059.5	1100
1093476	1093491	16	569.69	578	690
1096106	1096399	294	58.33	24	165
1097363	1097366	4	73.00	97	98
1098714	1098731	18	31.11	34	40
1100049	1100156	108	73.43	23	252
1101567	1101601	35	329.17	334	461
1102772	1103159	388	82.56	12	1140
1103823	1103848	26	16.42	17	19
1105075	1105088	14	375.50	401	418
1105377	1105461	85	155.18	27.5	363
1106266	1106291	26	78.12	81	87
1106907	1106914	8	283.50	308	354
1107085	1107129	45	59.62	64	92
1109881	1110172	292	38.76	15	242
1110968	1111030	63	110.71	112	126
1111238	1111793	556	26.79	7	330
1112283	1112284	2	37.00	74	74
1113200	1113601	402	405.58	170	2378
1114127	1114346	220	175.28	177	526
1115652	1115681	30	42.60	44	48
1116561	1116580	20	40.65	45	50
1117853	1117856	4	47.75	64	65
1122121	1122232	112	35.54	36	51
1122923	1122924	2	31.00	62	62
1123534	1123565	32	63.28	66	70
1123776	1124214	439	101.10	13	841
1124614	1124878	265	105.89	91	301
1126574	1126850	277	75.79	7	564
1127472	1127473	2	158.50	317	317
1127690	1127907	218	82.47	95	173
1129105	1129106	2	15.00	30	30
1131513	1132020	508	2.95	1	27
1132972	1133136	165	48.90	26	822
1133413	1133638	226	19.19	10	99
1136357	1136361	5	19.80	25	25
1137454	1137462	9	84.00	94	98
1140195	1140442	248	32.09	4	128
1141298	1141300	3	14.67	22	22
1141943	1141951	9	102.33	114.5	119
1142591	1142973	383	279.31	52	6443
1143160	1143604	445	293.04	40	4695
1143977	1143993	17	172.29	174	203
1145638	1145829	192	12.10	5	122
1147888	1148092	205	64.56	13	825
1148663	1148669	7	139.14	162.5	164
1151300	1151424	125	787.94	774.5	1040
1151521	1151544	24	7657.83	7991	7997
1151776	1151893	118	672.61	712	768
1152623	1152771	149	3.74	3	9
1156336	1156337	2	14.00	28	28
1157905	1157932	28	61.11	63	72
1159298	1159734	437	237.96	15	4235
1160008	1160197	190	725.72	1006	1462
1160699	1160700	2	24.50	49	49
1161436	1161478	43	1879.30	206.5	8001
1161519	1161540	22	7629.91	7995	7999
1161889	1162044	156	761.61	102	6741
1164739	1165141	403	11.93	2	53
1166775	1166885	111	47.44	20	279
1168050	1168073	24	296.04	308	380
1168980	1169208	229	20.90	3	95
1170325	1170354	30	4.03	4	5
1171597	1171903	307	3.45	3	9
1172642	1172817	176	12.10	2	190
1174891	1175048	158	66.32	54	162
1176354	1176772	419	52.51	7	1119
1178209	1178276	68	83.07	83	125
1179678	1179704	27	51.11	53	62
1180476	1180528	53	365.26	373	375
1180619	1180856	238	2145.87	1960	4586
1181586	1181621	36	1321.97	1586	1608
1181733	1181769	37	510.08	470	942
1182649	1182787	139	292.85	60	1884
1183508	1183528	21	112.43	117.5	129
1184081	1184455	375	38.77	32	96
1185224	1185232	9	65.78	74	76
1186013	1186353	341	86.14	41	217
1187536	1187557	22	121.14	127	133
1189259	1189524	266	12.99	10	96
1193833	1194124	292	1144.17	223	8022
1194590	1194612	23	37.52	40	42
1195786	1195808	23	34.78	36.5	42
1196405	1196411	7	19.57	22	27
1198527	1198914	388	137.91	16	797
1199263	1199433	171	20.43	15	92
1200349	1200365	17	36.71	35	49
1201335	1201451	117	5868.90	7317	8002
1201719	1202090	372	164.09	49	958
1204185	1204524	340	138.81	12	451
1206094	1206477	384	32.82	27	123
1208719	1208725	7	162.57	193	194
1209437	1209469	33	14.33	15	20
1210733	1210734	2	6.50	13	13
1212019	1212020	2	12.00	24	24
1212723	1212829	107	19.15	13.5	46
1213655	1213675	21	108.14	113	120
1214066	1214101	36	72.11	82	87
1214678	1214906	229	12.08	9	26
1216056	1216297	242	556.89	15	1713
1217264	1217619	356	120.85	6	837
1219177	1219475	299	9.53	6	79
1219689	1219864	176	55.05	1	273
1220660	1220801	142	56.66	22	117
1222560	1222562	3	40.67	61	62
1223427	1223522	96	4.67	3	17
1223814	1223949	136	14.93	3	56
1225492	1225494	3	11.00	16.5	17
1225858	1225886	29	83.76	81.5	125
1226376	1226776	401	5.27	5	15
1229297	1229311	15	11.67	12.5	13
1231319	1231326	8	5.62	6	7
1231867	1232333	467	81.48	10.5	757
1233150	1233280	131	17.66	15	51
1234775	1234934	160	1675.41	184	7078
1236606	1236757	152	6.46	4	24
1237670	1237689	20	4.75	5	7
1238623	1238639	17	95.00	107	110
1238871	1239094	224	52.08	55	99
1239569	1239682	114	179.29	12	884
1240919	1240939	21	15.38	18	21
1242176	1242420	245	79.88	1	1160
1242787	1242807	21	288.43	304	321
1244146	1244640	495	72.46	15	810
1244836	1245526	691	1.27	1	7
1245749	1246044	296	1.55	1	8
1246249	1246951	703	4.42	2	51
1247060	1247489	430	1.40	1	4
1247673	1248186	514	37.09	3	252
1248417	1248419	3	8.00	12	12
1248669	1248716	48	5.79	6	9
1249299	1249421	123	31.95	28	70
1249668	1249704	37	6.81	8	10
1249899	1249946	48	2.12	2	3
1250345	1250549	205	24.79	4	127
1250682	1250774	93	3.17	3	5
1251063	1251075	13	87.00	96.5	102
1251268	1251319	52	4.38	4	8
1251659	1251667	9	47.33	53	54
1251857	1252407	551	5.72	2	64
1253431	1253698	268	7.18	2	66
1255437	1255613	177	1.23	0	7
1257220	1257225	6	5.00	6	6
1258914	1259028	115	10.93	3	44
1259215	1259355	141	19.43	4	57
1259887	1260031	145	17.18	19	28
1260884	1261216	333	47.86	52	107
1261790	1261845	56	15.20	16	18
1263226	1263418	193	63.23	20	322
1264697	1264704	8	171.00	195	198
1265764	1265767	4	270.75	360	365
1266680	1266739	60	349.97	178	917
1267541	1267835	295	41.48	41.5	189
1268227	1268367	141	5.95	5	20
1269820	1270121	302	406.27	209	1205
1271541	1271633	93	2022.38	356.5	8006
1271781	1272236	456	389.15	6	7995
1272504	1272662	159	43.28	43	127
1273739	1273814	76	7.72	8	9
1274676	1275057	382	200.09	45	1073
1275679	1275823	145	439.50	11	4625
1276055	1276192	138	25.31	14	109
1276430	1276663	234	2024.23	645	5507
1278539	1278773	235	137.08	80	476
1279144	1279278	135	363.42	86.5	841
1279705	1279830	126	12.17	13	42
1280950	1280955	6	28.33	34	34
1283797	1283878	82	34.87	37	40
1283984	1284015	32	24.56	20	87
1284502	1284622	121	713.14	884	1279
1286267	1287160	894	47.46	23	844
1289864	1290045	182	96.22	70	477
1290511	1290719	209	225.22	176.5	423
1291014	1291391	378	412.90	510	655
1291998	1292205	208	97.74	8	1411
1294195	1294196	2	24.50	49	49
1296597	1296726	130	584.38	316	1194
1296823	1296848	26	937.96	1178	1220
1298307	1298808	502	12.67	5	119
1301001	1301483	483	11.95	9	108
1304004	1304208	205	13.53	14	62
1304716	1304854	139	122.50	92	408
1305836	1305925	90	420.20	33	2060
1306109	1306258	150	89.80	2	1619
1307519	1307657	139	13.12	13	20
1308747	1308913	167	13.32	16	23
1309943	1310003	61	191.64	208	370
1310178	1310207	30	864.10	908	1177
1310392	1310436	45	15.02	7	33
1312404	1312411	8	6.12	7	7
1313408	1313411	4	1.00	1	2
1314192	1314193	2	1.50	3	3
1316752	1317075	324	78.40	4	356
1318336	1318356	21	120.19	126	131
1319614	1320298	685	15.72	5	340
1321064	1321113	50	11.48	11	19
1321585	1321710	126	25.63	22	64
1324972	1325144	173	17.39	8	43
1325620	1325826	207	61.11	16	411
1327639	1327780	142	45.35	13	382
1328420	1328428	9	3.56	4	4
1329278	1329326	49	4.24	5	5
1330242	1330245	4	3.75	5	5
1331170	1331231	62	2.02	2	3
1331337	1331362	26	4.96	5	6
1332344	1332693	350	11.54	2	62
1332853	1332885	33	7.36	7	10
1333180	1333317	138	12.02	12	21
1334218	1334366	149	104.50	5	1113
1335966	1336570	605	149.85	68.5	444
1336744	1336827	84	51.57	10	610
1338031	1338096	66	6.11	5	12
1339084	1339087	4	30.00	40	40
1339973	1340001	29	76.72	77.5	88
1340692	1340720	29	83.03	87.5	109
1341438	1341582	145	24.70	23	61
1342732	1342738	7	5.14	6	6
1345077	1345318	242	25.12	26	104
1345718	1345916	199	1860.82	42.5	7991
1346115	1346151	37	7164.08	7342.5	7993
1346594	1346758	165	275.05	4	1789
1347026	1347046	21	77.62	82	82
1347674	1347707	34	20.97	21	26
1348842	1348899	58	22.47	21	34
1349014	1349110	97	1.60	2	2
1349501	1349855	355	142.82	48.5	1140
1351197	1351423	227	32.72	5	246
1353308	1353323	16	19.00	20	23
1354113	1354295	183	92.78	45	330
1355335	1355916	582	47.45	5	894
1357183	1357198	16	7.62	8	10
1359995	1360280	286	30.37	16	155
1362290	1362553	264	5.44	5	18
1362683	1362761	79	2.06	2	3
1362960	1363078	119	77.66	37	194
1363691	1363709	19	463.89	448	715
1364778	1364791	14	11.79	13	14
1365299	1365700	402	24.52	9	142
1367283	1367382	100	17.21	14	34
1367602	1367603	2	173.50	347	347
1368102	1368115	14	214.00	232	234
1369068	1369155	88	166.47	38	933
1369993	1370009	17	47.00	50	51
1370487	1370688	202	19.88	16	51
1371643	1372068	426	47.80	13	209
1372504	1372521	18	254.50	268	286
1373644	1373683	40	61.98	73	80
1373933	1373946	14	47.43	50	56
1374166	1374385	220	72.16	8	348
1375088	1375154	67	276.12	282.5	305
1375284	1375527	244	241.35	194	431
1376030	1376090	61	7.36	6	14
1404696	1405095	400	4.36	3	24
1406485	1406643	159	6.38	6	10
1407964	1407996	33	8.61	8	13
1409035	1409131	97	1.84	2	3
1410248	1410724	477	2.06	0	31
1411601	1411622	22	34.91	37	41
1415061	1415366	306	8.34	2	73
1416705	1416795	91	30.29	30	41
1417243	1417328	86	32.06	32	37
1418472	1418682	211	619.85	76.5	7999
1419060	1419124	65	509.06	499	889
1419467	1419482	16	180.44	192	195
1420387	1420443	57	117.47	4	414
1420618	1420877	260	113.05	3	956
1423733	1424300	568	46.33	11	794
1424640	1424646	7	55.57	63	70
1425980	1426309	330	26.00	3	637
1427600	1427923	324	20.50	6	266
1430615	1430640	26	48.42	51	52
1432697	1432805	109	22.17	22.5	25
1433946	1434188	243	12.33	10	25
1434504	1434842	339	362.02	2	3824
1435521	1435594	74	1766.04	1615	2862
1436745	1436760	16	39.25	37	58
1437862	1438011	150	29.16	26	45
1439308	1439319	12	47.67	52	55
1440382	1440409	28	63.04	66	69
1441574	1441961	388	12.46	2	69
1442160	1442370	211	9.80	4	57
1442800	1442911	112	98.17	45	258
1443854	1443872	19	69.95	73	80
1444473	1444600	128	25.50	20	57
1445412	1445603	192	68.49	3	1396
1445874	1446046	173	1359.58	311.5	7851
1447043	1447061	19	202.26	216	230
1448370	1448593	224	179.00	6	1315
1449767	1450025	259	134.39	68	1271
1450306	1450333	28	0.79	1	1
1450448	1450480	33	230.61	265	271
1451030	1451216	187	358.23	493.5	600
1452183	1452299	117	21.52	14	94
1453284	1453446	163	16.43	3	286
1453561	1453687	127	28.61	7	214
1455146	1455300	155	31.37	19	147
1457621	1457754	134	650.59	475	1386
1457977	1458084	108	118.41	53	301
1458628	1458691	64	4344.02	4638	4874
1458824	1458908	85	76.62	15	1007
1459026	1459226	201	6.04	6	11
1460139	1460155	17	5.76	6	7
1461243	1461362	120	4.28	5	7
1462278	1462370	93	5.81	6	8
1462716	1462962	247	1.48	0	9
1463797	1464034	238	54.21	11	118
1464215	1464414	200	0.15	0	1
1465867	1465879	13	0.00	0	0
1466180	1466317	138	16.10	10	39
1466615	1466662	48	4.83	6	11
1467207	1467208	2	0.00	0	0
1468673	1468674	2	0.00	0	0
1470583	1470600	18	0.00	0	0
1470889	1470890	2	0.00	0	0
1472472	1472482	11	0.00	0	0
1473305	1473306	2	0.00	0	0
1479505	1479520	16	0.06	0	1
1479677	1479720	44	0.05	0	1
1480069	1480128	60	0.00	0	0
1480582	1480675	94	0.00	0	0
1481315	1481351	37	0.00	0	0
1481745	1481747	3	0.00	0	0
1482476	1482489	14	0.00	0	0
1482766	1482836	71	0.00	0	0
1483998	1484011	14	0.00	0	0
1486005	1486011	7	0.00	0	0
1487996	1488119	124	0.00	0	0
1488432	1488590	159	0.00	0	0
1489026	1489040	15	0.00	0	0
1490677	1490812	136	0.00	0	0
1490915	1491019	105	0.00	0	0
1493467	1493520	54	0.22	0	1
1493719	1493788	70	0.17	0	1
1494305	1494343	39	3.67	4	4
1494884	1494890	7	0.71	1	1
1496168	1496172	5	1.60	2	2
1496377	1496392	16	0.75	0	2
1496633	1496649	17	1.53	2	2
1496848	1496852	5	0.00	0	0
1497108	1497109	2	0.00	0	0
1497509	1497510	2	0.00	0	0
1497694	1497708	15	0.00	0	0
1499659	1499729	71	0.00	0	0
1500285	1500312	28	0.00	0	0
1501836	1501852	17	0.47	0.5	1
1502174	1502254	81	1.25	0	3
1502414	1502428	15	0.00	0	0
1502690	1502716	27	0.63	1	1
1502930	1502986	57	0.00	0	0
1503564	1503581	18	0.94	1	1
1504689	1504706	18	0.00	0	0
1505637	1505644	8	0.00	0	0
1505984	1506144	161	0.09	0	1
1506370	1506408	39	0.00	0	0
1507164	1507291	128	0.00	0	0
1508495	1508539	45	0.00	0	0
1511427	1511733	307	9.98	4	46
1514189	1514323	135	304.33	37	1279
1516318	1516411	94	57.10	25	159
1516916	1516995	80	49.94	40	138
1517881	1517931	51	133.10	103	257
1518379	1518485	107	538.75	35	1957
1519026	1519109	84	58.29	15	205
1520016	1520233	218	44.39	40	119
1520480	1520497	18	96.89	107	111
1521251	1521424	174	67.34	75	130
1522208	1522314	107	29.68	28	57
1523233	1523547	315	44.86	9	410
1525030	1525234	205	233.47	51	2050
1526126	1526210	85	30.47	26	60
1527858	1527875	18	5.67	6	6
1528893	1528895	3	32.67	49	49
1529458	1529678	221	91.33	40	921
1531083	1531152	70	449.01	104	2246
1532284	1532548	265	15.63	17	29
1532726	1532808	83	30.19	28	42
1533833	1533848	16	111.38	119	122
1534284	1534636	353	32.92	13	397
1535909	1535923	15	253.53	270.5	332
1536905	1536906	2	110.00	220	220
1537897	1537914	18	107.44	111	126
1539334	1539486	153	40.56	35	81
1541164	1541181	18	29.72	30	36
1541632	1542065	434	74.05	5	989
1544483	1544501	19	19.79	21	24
1544889	1544950	62	47.69	47	59
1545311	1545327	17	81.94	86.5	89
1546681	1546682	2	120.50	241	241
1547145	1547620	476	199.61	20	1470
1548176	1548203	28	2317.11	1516	4714
1549263	1549369	107	44.34	20	161
1549949	1549964	16	28.12	30	35
1550181	1550246	66	28.58	29	93
1551075	1551234	160	222.73	85	3725
1551619	1551985	367	110.63	133	317
1554795	1554816	22	16.09	17	18
1555906	1555982	77	208.29	66	742
1556725	1556823	99	1.65	2	3
1557196	1557238	43	0.65	1	1
1558258	1558273	16	0.94	1	1
1559192	1559315	124	6.02	6	9
1560288	1560341	54	10.04	8	22
1561289	1561290	2	26.50	53	53
1562908	1562910	3	13.33	20	20
1563919	1563932	14	20.64	22	25
1564470	1564680	211	163.26	1	938
1564828	1564942	115	411.65	92	1216
1567016	1567138	123	78.49	33	246
1567736	1568013	278	794.98	18	6102
1569272	1569315	44	35.34	33	46
1570099	1570226	128	8.81	8	21
1571115	1571126	12	59.83	66	68
1572471	1572586	116	12.83	6	88
1573685	1573689	5	40.80	51.5	52
1574365	1574497	133	253.88	59.5	732
1575602	1575827	226	18.46	14	48
1577625	1577687	63	631.08	15	1494
1578504	1578516	13	15.92	17	19
1579054	1579474	421	1009.23	266.5	8015
1580864	1581015	152	50.53	35	213
1581760	1581789	30	216.27	226	236
1582462	1582588	127	51.61	48.5	76
1583092	1583104	13	27.69	29	40
1583447	1583451	5	30.20	37	40
1583917	1583919	3	24.00	36	36
1584865	1585170	306	15.80	1	91
1585867	1585885	19	130.89	137	149
1586873	1586892	20	437.05	485	504
1587574	1587819	246	1017.26	32	4019
1587994	1588288	295	1303.46	157	7999
1589633	1589641	9	142.22	161	164
1590392	1590395	4	90.75	121	121
1591332	1591337	6	78.33	96	102
1592475	1592612	138	77.65	76	110
1594443	1594513	71	257.87	261	359
1595138	1595171	34	301.09	335	367
1596147	1596249	103	685.83	18	3106
1597372	1597625	254	39.18	12	162
1597752	1597936	185	126.51	92	337
1599758	1600105	348	989.15	280	7998
1600355	1600401	47	64.00	20.5	250
1601374	1601432	59	37.14	58	78
1603578	1603638	61	40.48	32.5	75
1604068	1604191	124	169.11	10	449
1604876	1604917	42	66.02	45	126
1605632	1605636	5	156.80	195.5	198
1605988	1605990	3	117.67	176.5	180
1607132	1607136	5	22.40	28	29
1607425	1607430	6	39.67	47	49
1608235	1608250	16	53.12	56	62
1609349	1609351	3	26.67	40	40
1609877	1609898	22	29.32	30	35
1610583	1610630	48	51.38	71	81
1610790	1610898	109	4.90	1	17
1611166	1611369	204	19.57	17	40
1612072	1612535	464	3.08	1	10
1613754	1614044	291	80.19	5	331
1615272	1615286	15	30.80	30.5	40
1616037	1616038	2	20.50	41	41
1617398	1617413	16	30.25	32	37
1617861	1617864	4	4.50	6	6
1618777	1618864	88	28.76	32	35
1619564	1619924	361	17.51	5	117
1620399	1620428	30	326.33	362	429
1621050	1621051	2	46.00	92	92
1622318	1622331	14	29.86	33	33
1623253	1623257	5	51.40	64.5	65
1623894	1624180	287	49.55	31	208
1624487	1624503	17	104.47	92	152
1624930	1624935	6	127.83	153	154
1625194	1625258	65	145.68	114	548
1627887	1628020	134	49.12	16	558
1628196	1628231	36	1093.81	1223	1263
1630707	1630710	4	32.50	43	44
1631377	1631840	464	213.34	146	912
1632612	1632622	11	291.27	320	342
1632923	1632958	36	196.83	207	239
1634099	1634412	314	34.40	2	645
1635424	1635662	239	45.45	14	178
1635807	1635848	42	186.86	81	403
1636029	1636203	175	606.15	804	1112
1637911	1638073	163	172.47	47	528
1638845	1638846	2	118.00	236	236
1638973	1639039	67	769.69	154	6201
1639228	1639307	80	391.98	142	2563
1641072	1641089	18	49.22	55	61
1642350	1642812	463	1743.35	1934	5034
1644135	1644148	14	80.00	86	89
1646336	1646765	430	26.60	29	78
1647282	1647305	24	134.08	152	175
1649577	1649781	205	16.64	4.5	65
1651999	1652335	337	69.77	49	464
1652594	1652614	21	2054.19	2322	2426
1653752	1653776	25	137.72	145	154
1654800	1654803	4	91.75	122	124
1655806	1655839	34	127.12	117	187
1656440	1656455	16	200.69	216	226
1656909	1656923	15	141.20	134	212
1658214	1658570	357	219.61	180.5	2628
1658853	1658866	14	4898.21	5342	5423
1659185	1659192	8	6879.00	7865	7903
1659499	1659513	15	6834.67	7341.5	7552
1659639	1659667	29	538.97	456.5	1584
1660196	1660197	2	39.50	79	79
1661038	1661239	202	24.92	6	137
1661357	1661432	76	90.50	93	107
1661904	1662379	476	93.59	53	634
1662662	1662731	70	232.01	82	1093
1663386	1663414	29	6.59	7	8
1664120	1664223	104	7.30	1	44
1664332	1664391	60	24.82	33	41
1665661	1665675	15	86.47	93	97
1668304	1668352	49	186.65	171	295
1668382	1668462	81	3294.72	4032	4051
1668649	1668708	60	191.65	86	1082
1669267	1669491	225	97.92	99	161
1670563	1670598	36	171.03	179	186
1670698	1670760	63	4724.71	7969.5	8011
1672045	1672094	50	294.64	300	312
1673067	1673071	5	39.20	49	49
1673738	1673761	24	175.42	181	258
1674686	1674729	44	68.80	71	74
1675543	1675566	24	86.88	96	99
1676911	1677129	219	31.54	8	434
1677718	1677873	156	60.63	22	335
1679134	1679286	153	246.12	105.5	1214
1680586	1680635	50	292.98	262	749
1680744	1680750	7	13.57	16	16
1681678	1681698	21	24.71	26	28
1682305	1682383	79	35.13	4.5	78
1682803	1682851	49	1058.12	1060	1328
1683050	1683080	31	1042.13	1142	1201
1683606	1683636	31	1280.71	1321	1530
1683760	1683836	77	136.56	30.5	603
1685328	1685474	147	744.24	160	8006
1685648	1685755	108	60.42	59	179
1687691	1687853	163	70.81	70.5	391
1688065	1688105	41	115.05	120	139
1689024	1689025	2	7.00	14	14
1690424	1690426	3	122.67	184	184
1690895	1691106	212	30.41	3	622
1692130	1692301	172	17.02	9	77
1692923	1692940	18	88.61	96	101
1693811	1693828	18	65.94	70	73
1696457	1696752	296	4.90	2	42
1698238	1698738	501	3.01	2	15
1700398	1700399	2	8.50	17	17
1701272	1701493	222	8.32	5	78
1702760	1702810	51	109.67	109.5	145
1703666	1704279	614	210.01	125	4277
1705639	1705673	35	1165.49	1181.5	1320
1706478	1706497	20	13.20	14	15
1707323	1707965	643	31.73	7	638
1709721	1709744	24	253.12	263	290
1710666	1710981	316	342.22	66	1540
1711924	1711925	2	64.00	128	128
1712781	1712977	197	65.03	65	80
1714205	1714656	452	54.03	55	107
1717852	1717874	23	48.78	52	55
1718814	1719076	263	64.97	30.5	186
1720373	1720579	207	77.06	2	2575
1720991	1721297	307	22.86	12	192
1721985	1722161	177	156.40	3	810
1723215	1723310	96	478.72	534	652
1723407	1723532	126	62.87	70	131
1724649	1724791	143	239.63	8	2220
1725290	1725537	248	40.54	11	146
1726738	1726827	90	398.89	40	1366
1727773	1727897	125	128.86	89	345
1728390	1728489	100	362.93	89	2852
1729258	1729303	46	16.76	17	20
1730525	1730526	2	5.00	10	10
1731673	1731823	151	5.04	2	21
1731962	1732037	76	195.17	159	330
1733730	1733868	139	215.64	7	1153
1734331	1734576	246	5004.08	7658	7997
1735177	1735251	75	191.37	22	1186
1736136	1736217	82	79.17	23	521
1736662	1736777	116	14.31	11	87
1739527	1739622	96	18.90	13	51
1740807	1740915	109	34.05	31.5	126
1742380	1742509	130	83.18	93	106
1743125	1743298	174	69.47	8	337
1744571	1744666	96	49.17	28	209
1745927	1746020	94	35.68	9	255
1746221	1746310	90	15.17	8	36
1747286	1747418	133	1.71	2	3
1750215	1750439	225	12.34	2	76
1752105	1752546	442	26.04	2	218
1754251	1754421	171	9.34	0	63
1755052	1755078	27	15.52	15.5	18
1756246	1756345	100	34.61	31	236
1757333	1757407	75	68.08	47	175
1757519	1757874	356	21.11	3	137
1758964	1759426	463	15.37	10	89
1759529	1759665	137	5.69	7	9
1761181	1761256	76	81.25	90	180
1761746	1761821	76	834.05	1266	1636
1763133	1763158	26	143.38	149	159
1766981	1767003	23	45.70	49.5	51
1767598	1767628	31	18.19	20.5	22
1768484	1768585	102	319.82	26	1143
1768895	1768961	67	46.75	39	82
1770036	1770124	89	95.36	33	920
1770434	1770560	127	149.50	81.5	358
1771401	1771872	472	67.96	19	450
1772515	1772531	17	511.24	543.5	563
1773255	1773872	618	1249.27	1131	3012
1774719	1774724	6	49.83	59	63
1776132	1776997	866	268.79	305	740
1777418	1777436	19	204.37	244	253
1779788	1780196	409	36.13	10	194
1781463	1781581	119	27.13	18	59
1788140	1788484	345	6.16	3	36
1788794	1788817	24	65.04	69	73
1791233	1791522	290	958.19	1299	1873
1792702	1792813	112	95.42	24	367
1794325	1794446	122	119.56	185	200
1794846	1795367	522	118.03	131	343
1796078	1796426	349	114.38	33	916
1797252	1797256	5	315.80	392	418
1797374	1797487	114	6.60	4	20
1798487	1798610	124	31.80	14	65
1799073	1799087	15	22.33	23.5	37
1800267	1800279	13	16.00	17	19
1800910	1800918	9	38.44	43.5	46
1801921	1802088	168	278.18	122	4528
1802222	1802442	221	741.33	9	4630
1803943	1804467	525	6.92	5	46
1804780	1804781	2	31.50	63	63
1806072	1806091	20	56.60	60	64
1806485	1806781	297	48.40	35	128
1807634	1807911	278	87.26	31	583
1808134	1808334	201	24.31	6	97
1808803	1808917	115	23.61	19.5	37
1809789	1810086	298	56.54	4	350
1810720	1811161	442	3.11	3	7
1811873	1812134	262	110.82	23	961
1812435	1812692	258	156.83	169	242
1813406	1813963	558	12.67	7	97
1814786	1814820	35	1.43	1	2
1815427	1815491	65	47.77	48	68
1816323	1816536	214	28.69	6	356
1817443	1817569	127	87.30	26.5	506
1818761	1818868	108	891.07	935	1154
1818977	1819133	157	24.71	6	256
1820724	1820861	138	57.34	85	102
1821345	1821721	377	208.95	206	591
1822466	1822472	7	83.86	97	102
1822944	1823011	68	82.62	49	343
1824265	1824271	7	37.86	44	46
1825748	1825908	161	11.60	2	116
1826362	1826666	305	7.24	1	44
1827315	1827397	83	9.13	9	12
1828391	1828468	78	4.14	4	6
1829093	1829135	43	1.60	2	2
1829478	1829577	100	0.95	1	2
1830127	1830346	220	3.91	3	10
1830986	1831101	116	2.49	2	4
1831285	1831288	4	3.00	4	4
1831463	1831475	13	5.23	6	6
1831857	1832050	194	7.30	7	14
1832258	1832462	205	10.59	9	31
1832604	1832851	248	1076.54	154	3735
1832944	1833026	83	558.60	547.5	1463
1833126	1833475	350	11.90	8	43
1833833	1834372	540	2.51	2	5
1838483	1839334	852	5.25	4	36
1842379	1842445	67	5.99	5	15
1843163	1843315	153	4.95	5	10
1844030	1844133	104	3.99	4	5
1844907	1845029	123	2.40	2	6
1845747	1845806	60	3.65	4	5
1846527	1846653	127	1.72	2	4
1847359	1847796	438	6.74	5	18
1848013	1848324	312	1.63	2	3
1848889	1849364	476	23.10	9	199
1851508	1851532	25	2.36	2	3
1852904	1852915	12	0.00	0	0
1853432	1853449	18	0.22	0	2
1857678	1857744	67	4.42	2	43
1857886	1859009	1124	22.77	1	148
1859991	1859994	4	2.25	3	3
1860898	1861728	831	13.87	1	106
1862266	1862280	15	134.53	146	146
1863067	1864311	1245	60.53	28	500
1864398	1864454	57	1152.12	1268	2813
1864524	1864527	4	4724.00	7792	7998
1864600	1864616	17	1522.41	906	6841
1864688	1864705	18	999.00	1040	1255
1864779	1864794	16	3242.06	2849	4865
1864865	1864883	19	3699.37	3892	4668
1864957	1864980	24	1058.54	530	7566
1865052	1865525	474	399.49	306	7699
1866078	1866173	96	78.97	25	220
1866399	1866402	4	144.75	193	195
1867801	1867826	26	100.04	104	108
1868748	1868807	60	72.33	77	91
1869943	1870107	165	52.81	24	677
1870609	1870734	126	88.69	74	249
1872689	1872824	136	50.77	9	231
1873245	1873388	144	1206.33	1722	2246
1873752	1874486	735	59.95	18	553
1875042	1875248	207	29.08	27.5	68
1876209	1876331	123	41.90	18.5	152
1881390	1881682	293	30.13	30	57
1881779	1882163	385	55.71	6	369
1882506	1882576	71	1051.18	102	3141
1883699	1883879	181	71.96	27.5	1538
1884342	1884699	358	158.27	40	868
1885321	1885344	24	21.29	22	24
1886455	1886619	165	14.50	11	91
1887439	1887903	465	97.08	8	698
1889287	1889484	198	20.44	9	93
1889878	1889998	121	13.65	4	51
1890359	1890656	298	13.26	8	29
1890807	1890833	27	70.37	72.5	78
1891431	1891591	161	53.73	26	147
1892060	1892066	7	13.00	15.5	16
1893207	1893344	138	5.86	2	93
1895515	1895774	260	6.37	1	30
1896834	1897328	495	140.91	34	1218
1898529	1898904	376	243.34	19	4537
1898986	1899026	41	2761.76	2531.5	5755
1899099	1899114	16	1195.88	1340	1375
1899187	1899204	18	1637.00	1697	1959
1899277	1899286	10	2048.50	2383	2709
1899358	1899365	8	2018.38	2311	2342
1899435	1899448	14	3076.07	3297	3514
1899519	1899523	5	2892.20	3614.5	3646
1899595	1899612	18	2361.89	2526	2555
1899691	1899698	8	2305.75	2268	3606
1899772	1899781	10	2661.70	2961	2984
1900029	1900045	17	3760.53	4830.5	7397
1900136	1900175	40	3034.55	2289	5920
1900433	1900460	28	5604.82	7425	7995
1900535	1900558	24	4663.58	3209	7993
1900632	1900651	20	2639.70	2253	7146
1900723	1900734	12	4175.67	3841	7959
1900806	1900826	21	2850.14	2824	3899
1900913	1900925	13	3707.92	4090	4636
1900998	1901003	6	4455.00	4518	6619
1901083	1901088	6	5951.67	7110	7270
1901162	1901169	8	6985.88	7985	7993
1901243	1901261	19	6908.16	7351.5	7990
1901335	1901348	14	2121.43	1393	6844
1901461	1901535	75	1268.56	1280.5	3833
1904455	1904670	216	6701.60	6554	7996
1904744	1904763	20	2197.20	1518	7160
1906483	1907223	741	1122.14	57	7996
1907668	1907766	99	554.13	23	3513
1908715	1908722	8	15.62	18	18
1909176	1909372	197	417.18	361.5	932
1910546	1910891	346	66.03	36	269
1911933	1912024	92	71.32	58	151
1912115	1912125	11	34.00	37	39
1913860	1914152	293	284.16	327	442
1914693	1914996	304	57.13	5	726
1916032	1916185	154	88.17	8	1413
1917161	1917266	106	71.33	40	207
1918258	1918268	11	19.00	21	22
1919784	1919800	17	13.82	15	16
1920089	1920092	4	10.50	14	14
1920909	1921171	263	6.07	5.5	15
1921979	1922321	343	54.58	35	216
1922835	1922967	133	104.09	63	456
1923127	1923455	329	50.35	6	183
1923555	1923882	328	1.28	0	9
1924178	1924250	73	0.00	0	0
1924401	1924646	246	0.00	0	0
1926508	1926565	58	44.47	47	62
1926959	1926966	8	27.38	31	34
1928137	1928151	15	22.33	24	30
1930048	1930186	139	90.91	88	163
1930484	1930525	42	26.88	27	38
1930697	1930702	6	0.67	0	2
1931078	1931079	2	27.00	54	54
1932901	1932902	2	23.00	46	46
1934811	1934827	17	0.35	0	2
1936727	1936737	11	0.00	0	0
1937683	1937697	15	0.00	0	0
1941163	1941181	19	0.00	0	0
1941524	1941555	32	0.00	0	0
1941919	1941982	64	0.05	0	3
1942562	1942582	21	0.00	0	0
1942964	1942977	14	0.00	0	0
1943323	1943324	2	0.00	0	0
1943954	1943964	11	0.00	0	0
1944250	1944273	24	0.00	0	0
1945246	1945261	16	0.00	0	0
1945880	1945990	111	0.00	0	0
1946159	1946233	75	0.00	0	0
1947227	1947235	9	0.00	0	0
1948769	1948781	13	0.00	0	0
1950484	1950672	189	1.27	0	16
1951093	1951118	26	0.04	0	1
1951263	1951265	3	0.00	0	0
1952045	1952083	39	1.56	2	2
1953068	1953084	17	4.24	6	8
1953331	1953333	3	17.33	26	26
1953691	1953693	3	8.00	12	12
1953961	1953963	3	2.67	4	4
1954147	1954153	7	0.86	1	1
1954556	1954568	13	15.54	18	20
1954788	1954793	6	0.83	1	1
1956598	1956599	2	0.00	0	0
1958068	1958082	15	0.00	0	0
1958581	1958666	86	0.00	0	0
1959444	1959446	3	0.00	0	0
1959981	1959995	15	0.00	0	0
1960564	1960655	92	22.70	0	83
1961492	1961535	44	24.25	27	61
1961758	1961760	3	0.00	0	0
1962550	1962708	159	0.00	0	0
1963015	1963031	17	0.82	1	1
1963248	1963391	144	0.00	0	0
1964109	1964180	72	0.00	0	0
1964346	1964507	162	0.02	0	1
1964691	1964728	38	0.00	0	0
1965769	1965882	114	8.85	3	40
1966927	1966973	47	0.00	0	0
1968117	1968378	262	19.89	9	85
1968907	1968998	92	131.65	133	150
1970253	1970257	5	58.00	72.5	73
1970456	1970604	149	99.03	9	1269
1971067	1971075	9	490.22	543.5	605
1971349	1971628	280	44.44	26	210
1972844	1972961	118	252.69	251	494
1975320	1975336	17	114.82	125	130
1975721	1975939	219	129.44	46.5	893
1976696	1976771	76	83.86	38	604
1976958	1977225	268	106.12	115	147
1978210	1978642	433	81.85	88	179
1979054	1979084	31	35.16	36	37
1979193	1979280	88	107.27	134	164
1980010	1980013	4	96.25	128	130
1981325	1981618	294	125.10	7	2430
1982117	1982200	84	1193.68	243	3456
1982291	1982507	217	72.18	42.5	262
1983060	1983129	70	30.13	6	356
1984168	1984446	279	73.37	48	241
1984975	1985146	172	58.88	42	195
1986506	1986588	83	35.40	19	112
1987534	1988118	585	119.53	66	285
1988263	1988304	42	7.90	7	24
1989730	1989744	15	307.93	327.5	375
1991200	1991203	4	103.50	138	139
1991504	1991872	369	53.89	4	947
1993409	1993499	91	13.02	5	39
1994697	1994711	15	27.53	29	33
1996713	1996718	6	20.83	25	25
1999598	1999771	174	17.39	5	160
2000072	2000182	111	82.93	63	249
2001476	2002338	863	7.05	1	68
2003503	2003535	33	7.91	8	11
2003860	2004153	294	29.73	17	140
2004908	2005180	273	109.18	49	366
2007435	2007647	213	39.63	2	227
2008722	2008743	22	98.41	103	106
2009536	2009609	74	30.93	24	50
2009715	2009727	13	78.69	91	94
2011288	2011494	207	19.57	18	28
2012590	2012963	374	55.75	7	353
2013522	2013576	55	373.84	293	774
2014504	2014700	197	157.58	3	853
2014872	2014925	54	12.44	13	19
2016303	2016424	122	36.29	11	147
2017451	2017722	272	51.86	7	662
2018122	2018696	575	177.99	105	2322
2018868	2019320	453	166.85	75	2426
2020359	2020417	59	55.63	74	99
2021737	2021873	137	14.15	14	22
2022396	2022518	123	30.85	1	244
2023080	2023147	68	50.57	53	78
2023886	2023887	2	19.00	38	38
2025435	2025437	3	35.33	53	54
2026709	2026969	261	149.05	23	1390
2027144	2027388	245	1168.73	21	7866
2027485	2027686	202	88.65	51	375
2028971	2029296	326	5.64	3	34
2029585	2029597	13	2.62	3	3
2031350	2031740	391	7.89	1	151
2031936	2032309	374	0.01	0	2
2032487	2032568	82	0.00	0	0
2032722	2032799	78	0.00	0	0
2033058	2033112	55	0.00	0	0
2033461	2033621	161	0.21	0	2
2033761	2034145	385	7.54	0	80
2034593	2034689	97	0.16	0	1
2034984	2035674	691	14.84	0	178
2036164	2036356	193	0.16	0	1
2037110	2037123	14	0.00	0	0
2037376	2037429	54	0.00	0	0
2037535	2037589	55	0.00	0	0
2037795	2037915	121	0.00	0	0
2038210	2038269	60	0.00	0	0
2038555	2038603	49	0.31	0	1
2042529	2042546	18	0.00	0	0
2044035	2044036	2	0.00	0	0
2048687	2048744	58	0.00	0	0
2048865	2048926	62	0.71	0	2
2049371	2049437	67	0.00	0	0
2050389	2050391	3	0.00	0	0
2051144	2051145	2	0.00	0	0
2051798	2051808	11	0.00	0	0
2051965	2052002	38	0.21	0	1
2053248	2053337	90	0.21	0	1
2055103	2055170	68	0.00	0	0
2057077	2057081	5	0.00	0	0
2057547	2057678	132	0.00	0	0
2058021	2058038	18	0.00	0	0
2058489	2058605	117	0.00	0	0
2059193	2059298	106	0.00	0	0
2059649	2059667	19	1.37	2	2
2059839	2059877	39	7.00	8	9
2061542	2061607	66	0.67	1	2
2061854	2061856	3	36.67	55	55
2062226	2062228	3	1.33	2	2
2062412	2062418	7	15.71	18	19
2062821	2062833	13	6.77	7	9
2063053	2063067	15	29.27	32	33
2063997	2064008	12	10.92	12	13
2064777	2064844	68	24.29	10	63
2065124	2065264	141	18.38	4	62
2065934	2065948	15	0.00	0	0
2066498	2066530	33	0.00	0	0
2067522	2067533	12	13.75	14	19
2067792	2067886	95	0.56	1	1
2068363	2068423	61	0.25	0	1
2069054	2069070	17	0.00	0	0
2069209	2069241	33	0.45	0	1
2069437	2069454	18	55.78	57	69
2069674	2069847	174	199.07	207	245
2070202	2070260	59	8.90	5.5	31
2070798	2070823	26	0.00	0	0
2071082	2071101	20	0.00	0	0
2071324	2071484	161	0.00	0	0
2072253	2072468	216	0.00	0	0
2072634	2072671	38	0.00	0	0
2073427	2073536	110	0.00	0	0
2074572	2074630	59	1.98	0	6
2075453	2075692	240	29.43	37	55
2076707	2076730	24	15.54	20	22
2077784	2078220	437	4.96	2	58
2079442	2079815	374	5.53	2	46
2080659	2080722	64	1.67	1	5
2081632	2081794	163	4.74	2	19
2083100	2083954	855	10.00	3	79
2084396	2084503	108	8.57	9	11
2084939	2085258	320	24.98	23	74
2086056	2086190	135	11.71	12	15
2086536	2086759	224	1894.52	407	7999
2088374	2088451	78	842.90	839	1452
2088734	2088910	177	349.98	1	1797
2089652	2089678	27	21.19	23	24
2090936	2091134	199	147.62	7	852
2091759	2092121	363	41.38	30.5	221
2092905	2093157	253	6.60	1	69
2093671	2093873	203	42.96	10	189
2094578	2094652	75	46.29	51	56
2095895	2096005	111	46.38	48	58
2096630	2096703	74	9.95	8	34
2096809	2096998	190	10.34	6	106
2099437	2099587	151	23.22	6	96
2100536	2100720	185	8.54	5	26
2101969	2102178	210	3.54	2	30
2102401	2102462	62	173.55	190	196
2103447	2103845	399	60.30	11	278
2104479	2104733	255	271.57	174.5	817
2106660	2106806	147	3.14	3	5
2106933	2107023	91	7.46	10	23
2108632	2108735	104	6.81	5	34
2110162	2110190	29	76.66	80	83
2111266	2111332	67	29.13	30	33
2111486	2111805	320	91.17	82	184
2113492	2113521	30	24.40	26	28
2115289	2115290	2	26.50	53	53
2115543	2115681	139	14.99	15	19
2116684	2116715	32	38.41	40	42
2118243	2118247	5	34.40	43	44
2119292	2119307	16	32.81	34	40
2120676	2120678	3	26.00	39	40
2121249	2121265	17	10.76	11	13
2122532	2122582	51	7.43	9.5	12
2122736	2122743	8	4407.25	4950	5407
2122856	2122930	75	1608.63	1567.5	3747
2125851	2126399	549	4594.99	5082.5	7999
2127952	2128071	120	6763.96	7796	7998
2128143	2128164	22	461.27	377	1326
2128321	2128896	576	33.64	7	241
2131493	2131928	436	23.01	2	164
2133479	2133599	121	135.40	37	415
2134651	2134740	90	43.31	45	52
2135466	2135552	87	203.63	99.5	565
2136699	2136766	68	121.50	125	149
2137124	2137129	6	93.00	112	114
2139661	2139871	211	35.73	12	376
2140430	2140451	22	27.59	29	32
2142423	2142497	75	0.71	1	1
2144172	2144197	26	0.96	1	1
2144306	2144445	140	0.36	0	1
2147101	2147102	2	1.00	2	2
2147796	2148166	371	9.21	3	106
2149685	2150203	519	242.06	9	2555
2151560	2151576	17	25.41	27	29
2152645	2152964	320	85.41	8	1547
2154165	2154430	266	1103.43	175	8002
2154566	2154695	130	1213.82	97	8018
2154903	2154916	14	32.29	34	36
2155208	2155375	168	53.77	13	198
2156858	2156887	30	108.93	107	187
2157533	2157594	62	783.26	851	949
2157700	2157709	10	228.40	256	299
2157800	2158347	548	319.88	257	2130
2159218	2159305	88	515.61	6	3450
2159945	2159948	4	10.50	14	14
2162234	2162315	82	26.01	30	32
2162465	2162621	157	14.64	11	49
2163315	2163705	391	33.54	3	457
2164099	2164231	133	6.46	2	42
2164733	2164793	61	33.75	14.5	320
2165232	2165267	36	387.36	423	451
2166531	2166643	113	98.40	38.5	223
2166875	2167008	134	38.43	3	157
2167099	2167438	340	24.50	8	276
2167841	2167862	22	1469.18	1538	1571
2169273	2169296	24	637.00	672	708
2170092	2170193	102	932.19	306	2224
2171700	2171723	24	203.42	205	281
2172261	2172262	2	74.50	149	149
2172782	2172981	200	426.95	400	958
2173192	2173236	45	512.71	503	698
2173963	2173985	23	744.26	798	868
2174436	2174505	70	365.40	410	426
2175631	2175656	26	330.73	326	388
2176284	2176313	30	176.90	181	198
2177550	2177578	29	707.83	792.5	831
2178101	2178209	109	190.38	46	1103
2179721	2179755	35	32.91	33	37
2180506	2180578	73	329.55	345.5	374
2181653	2181655	3	84.33	126.5	127
2182253	2182601	349	76.38	7	1404
2182854	2182973	120	2804.44	428	7753
2184288	2184536	249	232.92	22	618
2185962	2186201	240	118.38	37	1256
2186535	2186625	91	631.48	432.5	1165
2187883	2188350	468	300.12	42	3419
2189209	2189428	220	998.95	7	7196
2189948	2190058	111	61.96	33	170
2191667	2192004	338	204.85	166	652
2192533	2192646	114	147.00	71	332
2193505	2193720	216	13.63	3	105
2193877	2193930	54	161.06	18	850
2194732	2194863	132	94.90	74	174
2195533	2195933	401	72.52	24	333
2197125	2197126	2	102.00	204	204
2198309	2198621	313	95.79	5	485
2199090	2199243	154	42.38	17	202
2199592	2199607	16	188.25	209	218
2201019	2201187	169	35.49	35	43
2201848	2202164	317	111.50	91.5	1733
2202873	2202995	123	195.19	135.5	570
2203437	2203638	202	847.93	13	7215
2204050	2204509	460	42.89	5	206
2205881	2206554	674	237.01	31	1891
2206783	2206815	33	451.30	458.5	501
2207831	2208189	359	368.26	37	3369
2208853	2209006	154	99.73	11	623
2209325	2209328	4	207.00	276	279
2210307	2210574	268	36.07	2	371
2211664	2212108	445	631.67	41	8005
2212294	2212637	344	34.62	29	81
2212839	2212899	61	9.26	8	14
2214034	2214324	291	4.76	2	15
2214415	2214492	78	2.49	3	3
2214649	2215121	473	11.71	9	42
2215977	2216046	70	25.26	16	92
2216827	2217060	234	69.24	21	218
2218864	2219067	204	173.87	175	227
2219282	2219546	265	98.28	2	993
2221083	2221119	37	13.70	13	18
2223250	2223263	14	18.79	21	21
2223696	2223697	2	20.00	40	40
2224802	2225122	321	5.84	5	14
2232557	2232835	279	7.28	4	109
2234189	2234217	29	41.83	44	59
2235148	2235151	4	71.75	95	99
2235959	2236149	191	108.27	2	658
2237056	2237283	228	188.52	37	1242
2238484	2238621	138	16.57	18	54
2238866	2238876	11	2671.09	2940.5	2978
2238958	2238989	32	1939.06	2353	2770
2239063	2239072	10	2540.80	1715	6748
2239142	2239145	4	5442.50	7791	7997
2239218	2239230	13	3505.08	2169.5	7999
2239343	2239417	75	1299.00	1356	3773
2242338	2242630	293	5688.35	5657.5	7995
2242705	2242799	95	3239.99	2251	8000
2244354	2244538	185	4120.19	4031.5	7755
2244722	2244931	210	187.45	205	1792
2245817	2246026	210	175.22	205	437
2247467	2247790	324	157.79	182	277
2248262	2248362	101	121.10	84	263
2249704	2249882	179	26.82	16	139
2250564	2250584	21	598.57	637	693
2251770	2251815	46	49.15	49	58
2252329	2252507	179	45.93	20	253
2252766	2252899	134	93.60	52	252
2254091	2254505	415	172.49	218.5	346
2256500	2256513	14	87.43	94	96
2257495	2257662	168	57.83	3	344
2257786	2257888	103	4.33	3	26
2258957	2258965	9	8.44	9.5	10
2261901	2262004	104	30.62	8	78
2263979	2264436	458	21.84	12	84
2265235	2265254	20	0.95	1	1
2265552	2265716	165	7.52	8	14
2266059	2266096	38	134.05	143	157
2266604	2266668	65	136.34	115.5	280
2266906	2266920	15	250.40	257	295
2267455	2267631	177	408.78	50	2194
2269192	2269500	309	19.80	3	507
2270500	2270735	236	54.42	64	109
2271735	2272019	285	61.61	64.5	118
2272902	2273154	253	8.77	1	203
2274565	2274584	20	11.20	12	14
2276295	2276302	8	4.62	5	6
2276612	2276635	24	5.29	6	8
2277614	2277619	6	11.67	14	14
2278550	2278564	15	12.53	13	14
2279078	2279095	18	8.50	9	10
2279522	2279891	370	4.78	0	35
2280681	2280888	208	7.60	1	59
2281627	2281665	39	171.51	243	246
2281825	2281919	95	4.04	4	7
2282526	2282789	264	2.80	3	4
2282913	2283134	222	2.19	1	8
2283981	2284052	72	15.43	15	31
2284467	2284712	246	4.35	0	17
2287298	2287359	62	16.29	12	81
2288212	2288424	213	6.27	6	13
2289238	2289533	296	6.55	2	74
2289957	2290322	366	8.44	3	29
2291025	2291063	39	22.41	22.5	31
2292726	2292960	235	45.49	42	106
2293362	2293917	556	27.51	15	98
2295322	2295452	131	1.43	1	4
2296587	2296589	3	2.67	4	4
2297332	2297394	63	3.75	4	7
2298780	2298942	163	1.91	2	3
2299108	2299326	219	327.71	2	8004
2299723	2299738	16	7303.81	7836	7944
2300174	2300303	130	5265.42	6165	6898
2300371	2300415	45	52.42	50	119
2301217	2301223	7	46.29	53.5	58
2303684	2304223	540	350.28	13	1880
2304590	2304608	19	1659.95	1756	1841
2305551	2305627	77	1794.09	1820	2184
2306015	2306040	26	2203.85	2348	2471
2306404	2306428	25	1789.64	1872	1910
2306540	2306573	34	1583.56	1650	1787
2306790	2306984	195	1363.34	1309.5	1908
2307630	2307648	19	2317.95	2544.5	2756
2308939	2308940	2	1754.00	3508	3508
2309379	2309397	19	4691.79	4892.5	5549
2309575	2309593	19	3823.11	4009	4185
2310092	2310114	23	2446.70	2565	2685
2310472	2310504	33	1949.67	2004.5	2056
2311039	2311065	27	1953.74	2129.5	2279
2311462	2311495	34	1341.53	1417	1498
2311664	2311703	40	1395.25	1359	1705
2312241	2312269	29	608.52	635	665
2312585	2312622	38	2777.58	2765	3712
2312989	2313022	34	1297.18	1342	1419
2313284	2313309	26	884.96	923	950
2313941	2313945	5	2879.40	3586	3652
2314597	2314622	26	3915.35	4166	4874
2314974	2315004	31	4251.42	4635.5	4832
2315281	2315349	69	3186.42	2864	6609
2316181	2316215	35	2611.91	2635	3090
2316489	2316490	2	1755.00	3510	3510
2317112	2317140	29	2000.72	2068.5	2390
2317801	2318495	695	3178.26	3945	5448
2318883	2319076	194	165.64	37	947
2320253	2320523	271	953.47	834	1937
2322657	2322684	28	32.11	33	35
2322778	2322845	68	51.19	10	154
2323731	2323913	183	1103.40	42	6193
2324775	2324893	119	781.33	868.5	979
2325023	2325195	173	316.69	65	851
2326084	2326236	153	73.65	15	520
2326399	2326645	247	974.78	988.5	1329
2326961	2327149	189	238.55	304.5	517
2330315	2330433	119	20.39	16.5	55
2331697	2332087	391	32.50	16	491
2333093	2333256	164	15.84	5	66
2334899	2335004	106	41.16	41	79
2335353	2335480	128	95.97	15	311
2335649	2335707	59	19.31	19	24
2335940	2336045	106	106.00	148	184
2337066	2337087	22	117.77	124	132
2337685	2337693	9	85.11	97	97
2337925	2337932	8	50.75	58	59
2338377	2338392	16	57.62	60	67
2340132	2340196	65	82.94	33	443
2340689	2340692	4	111.75	149	150
2341197	2341229	33	57.39	59	68
2342232	2342403	172	14.75	13	44
2343007	2343009	3	48.00	72	74
2343679	2343694	16	94.81	107	110
2344475	2344766	292	18.29	1	305
2345562	2345735	174	135.03	149	320
2346504	2346577	74	65.95	60	98
2347130	2347252	123	35.56	19	268
2348192	2348592	401	5.52	3	24
2349499	2349714	216	112.08	5	790
2349889	2350013	125	67.95	47.5	231
2350878	2351096	219	39.93	1	223
2351985	2352261	277	14.42	1	144
2352562	2352577	16	108.88	123	128
2354698	2354712	15	60.60	66	67
2355845	2355859	15	54.87	57.5	68
2356472	2356473	2	43.50	87	87
2357308	2357498	191	95.03	69	212
2357844	2358143	300	55.45	3	188
2358598	2358663	66	148.33	151	193
2359405	2359432	28	5.89	6	7
2361386	2361997	612	144.16	7	1187
2362799	2362817	19	633.05	759.5	820
2363058	2363233	176	2185.96	2170	4166
2364632	2364728	97	190.93	200	241
2365809	2366058	250	80.15	27	278
2366479	2366717	239	803.78	8	3371
2367216	2367265	50	502.48	362	1101
2367521	2367579	59	67.15	10	295
2368531	2368624	94	35.30	40	55
2369747	2370059	313	18.88	7	158
2370696	2370857	162	111.15	114	128
2371089	2371318	230	168.59	3	1079
2371790	2371791	2	85.00	170	170
2374744	2375347	604	514.26	14	6914
2376269	2376427	159	81.18	7	286
2377223	2377318	96	52.96	12	143
2377460	2377609	150	33.75	15	1012
2378300	2378657	358	70.96	51	137
2380062	2380508	447	66.53	47	279
2381379	2381767	389	33.29	33	63
2383145	2383426	282	151.40	40	950
2383963	2384060	98	102.11	87	224
2384250	2384262	13	275.85	303.5	320
2384896	2384972	77	29.52	29	51
2385888	2386156	269	34.07	13	124
2386685	2386752	68	17.13	15	38
2388355	2388686	332	20.38	17	44
2389449	2389508	60	10.90	10	50
2390013	2390181	169	85.96	67	340
2391665	2391719	55	171.35	188	198
2392287	2392775	489	36.94	9	198
2393655	2393767	113	40.40	20	185
2394887	2395165	279	10.78	5	26
2396402	2396403	2	3.50	7	7
2398063	2398224	162	2.40	1	9
2399107	2399530	424	1.31	1	3
2399948	2400205	258	20.35	7	70
2401139	2401430	292	55.47	20	438
2402688	2402755	68	291.43	290	540
2403440	2403615	176	40.43	15	235
2404267	2404292	26	21.42	22	24
2404479	2404504	26	25.92	26	33
2405522	2405553	32	87.84	102	111
2405878	2405928	51	94.16	107	111
2408220	2408452	233	4.36	3	22
2409098	2409498	401	38.92	23	204
2410105	2410443	339	97.53	10	602
2411650	2411699	50	52.72	26	121
2412747	2412779	33	138.15	147	161
2413725	2413823	99	32.60	9	120
2414729	2414838	110	50.86	46	120
2415739	2415966	228	146.26	33	397
2416603	2416850	248	79.73	17	437
2418780	2418794	15	119.33	127.5	131
2419440	2419562	123	106.37	92	329
2420112	2420343	232	24.79	23	49
2421549	2421660	112	77.29	19	206
2421787	2421819	33	130.03	135	136
2423379	2423441	63	22.27	26	36
2423616	2423660	45	46.64	48.5	62
2423895	2424091	197	129.30	27.5	785
2425058	2425298	241	43.78	29	159
2425458	2425634	177	13.71	15	21
2425989	2426130	142	35.64	47	57
2426794	2426795	2	9.50	19	19
2427849	2427986	138	10.47	2	48
2430025	2430189	165	7.42	5.5	19
2431083	2431150	68	6.68	6	13
2432627	2433009	383	49.64	27	137
2434606	2434924	319	510.50	7.5	2012
2436596	2436750	155	52.15	56	70
2437378	2437693	316	30.19	4	143
2438207	2438501	295	198.09	20	559
2439402	2439449	48	40.23	34	79
2439783	2439886	104	330.88	347	381
2440919	2440931	13	126.77	137	143
2441046	2441152	107	48.03	32	193
2441582	2441635	54	134.89	20	464
2441726	2441790	65	39.31	46	60
2443066	2443228	163	213.29	172	426
2443850	2443897	48	203.90	211	232
2444840	2444927	88	53.85	44	247
2446936	2448425	1490	425.60	264	1171
2450529	2450601	73	42.15	9	166
2451022	2451288	267	58.64	36	281
2451643	2452048	406	325.04	251	2316
2453324	2453507	184	1274.54	59	8009
2453871	2454270	400	181.56	3	4428
2454715	2454932	218	126.44	115	634
2455359	2455467	109	211.53	41	532
2456635	2457006	372	84.90	8	339
2457643	2457714	72	3.12	3	5
2458638	2458897	260	18.68	4	108
2459498	2459573	76	62.63	61	85
2460606	2460631	26	59.35	64	68
2461082	2461103	22	88.45	90	102
2463785	2463890	106	163.43	170	206
2467578	2467888	311	115.73	7	473
2469169	2469174	6	114.33	137	140
2471578	2471645	68	16.87	17	24
2472375	2472606	232	254.78	3	2350
2473141	2473375	235	54.19	18	347
2474198	2474416	219	52.17	17	586
2474597	2474682	86	106.99	11	296
2475148	2475335	188	7.01	5	59
2476884	2477180	297	69.60	1	467
2477445	2477446	2	98.00	196	196
2477696	2477862	167	27.75	4	425
2477962	2477970	9	3.56	4	4
2478568	2478588	21	15.90	16.5	20
2478937	2479205	269	76.14	2	652
2480454	2480552	99	51.80	32	118
2482758	2482880	123	162.74	56	812
2484237	2484249	13	144.77	157.5	177
2484391	2484493	103	69.52	6	2337
2484596	2484751	156	2963.42	2640	6069
2485436	2485764	329	38.82	32.5	206
2486629	2487183	555	16.67	18	81
2487286	2487382	97	27.23	8	68
2488813	2489228	416	9.80	9	20
2490156	2490725	570	3.40	2	9
2491671	2491674	4	7.25	10	10
2492650	2492703	54	4.85	2	16
2493169	2493181	13	8.69	9	11
2493872	2493884	13	5.69	6	7
2495983	2495986	4	1.50	2	2
2498007	2498062	56	9.91	15	16
2498393	2498460	68	37.16	51	132
2500192	2500218	27	2.22	3	3
2501980	2502475	496	4.10	3	14
2502715	2502850	136	1066.60	192	3332
2503235	2503504	270	59.26	59	94
2504645	2504706	62	198.24	208	231
2505364	2505547	184	55.85	25	676
2506757	2506881	125	59.24	32	465
2507353	2507554	202	289.94	158	713
2508122	2508186	65	22.63	23	29
2508991	2509279	289	5.63	2	35
2510687	2510826	140	21.82	7	111
2512903	2512983	81	15.69	12	27
2514872	2514967	96	79.41	22	425
2515070	2515105	36	11.03	12	13
2516600	2516693	94	16.55	9	51
2517543	2517700	158	58.39	31	212
2518800	2519027	228	212.90	211	349
2520426	2520721	296	104.73	5	1554
2521415	2521416	2	38.50	77	77
2522356	2522374	19	103.53	107	131
2524231	2524559	329	11.17	13.5	21
2524677	2524758	82	8.35	5	19
2524897	2524902	6	122.00	146	147
2525500	2525681	182	119.39	7	596
2527317	2527926	610	144.40	92	926
2529277	2529340	64	20.67	15	41
2530466	2530923	458	106.77	34	280
2532353	2532602	250	33.23	11	242
2533677	2534033	357	47.54	13	303
2534298	2534299	2	106.00	212	212
2534555	2534662	108	73.49	7	372
2534855	2534915	61	84.56	134.5	237
2535369	2535538	170	98.13	87	245
2537114	2537310	197	59.91	56.5	303
2538058	2538283	226	92.59	102	208
2539475	2539488	14	102.93	111	118
2542842	2542856	15	94.93	104.5	109
2544453	2544597	145	8.65	5	21
2545810	2545891	82	19.41	19	26
2546708	2546720	13	15.62	16	22
2547540	2548408	869	158.60	29.5	811
2548772	2549036	265	23.20	25	37
2549673	2550087	415	53.18	33	194
2551624	2551737	114	49.80	24	245
2552158	2552611	454	39.06	4	150
2553029	2553048	20	4.10	4	5
2553641	2553734	94	4.36	5	6
2554155	2554407	253	23.33	28	37
2555101	2555391	291	71.43	15	760
2555792	2555932	141	6315.91	7938	7999
2556122	2556558	437	950.78	68.5	7857
2556679	2556684	6	13.33	16	16
2557477	2558014	538	2.33	2	6
2558300	2558304	5	7.00	9	9
2558629	2558630	2	3.50	7	7
2560735	2560848	114	5.39	5	12
2561548	2561927	380	4.27	3	12
2564787	2564790	4	10.00	13	14
2565181	2565299	119	57.69	11	218
2567106	2567391	286	15.73	4	120
2567656	2567801	146	68.94	62	117
2568108	2568217	110	29.32	5	145
2569623	2570008	386	13.44	5	59
2574890	2575196	307	1.21	1	4
2575515	2575878	364	1.99	0	9
2576620	2576832	213	25.72	1	146
2577613	2577878	266	36.43	26	90
2580630	2581382	753	5.25	1	45
2584353	2584422	70	12.73	13	21
2584522	2584572	51	0.00	0	0
2584873	2584906	34	3.82	3	13
2586263	2586381	119	23.61	24	30
2587933	2587958	26	6.73	7	7
2588637	2588792	156	13.80	13	46
2589555	2589721	167	27.63	25	57
2590412	2590644	233	11.10	2	153
2591059	2591199	141	45.04	23.5	331
2593091	2593501	411	35.82	2	213
2594777	2595325	549	71.22	9	394
2595935	2595945	11	979.82	1077	1084
2597646	2598081	436	0.74	1	3
2598775	2598778	4	1.50	2	2
2599547	2599921	375	8.95	2	81
2601884	2601898	15	23.27	20	44
2602109	2602403	295	276.95	321	543
2603307	2603413	107	40.93	22.5	87
2604005	2604028	24	19.08	19	23
2604899	2605074	176	8.76	7	34
2605507	2605735	229	45.23	27	327
2606018	2606190	173	22.34	7	147
2606995	2607116	122	32.03	9	91
2607786	2608102	317	334.86	44	1065
2609048	2609298	251	17.04	15	55
2610097	2610419	323	4.13	4	8
2611053	2611060	8	2.62	3	3
2611790	2611951	162	80.41	29	288
2612570	2612765	196	42.54	16	203
2613255	2613694	440	119.69	114	242
2613863	2613926	64	143.19	27	470
2614023	2614043	21	11.62	9	30
2614941	2614956	16	48.44	49	68
2615635	2615639	5	17.60	22	22
2616633	2617233	601	15.18	4	90
2617435	2617619	185	78.09	14	339
2618553	2618636	84	28.62	26	244
2619603	2619737	135	237.84	225	439
2620080	2620123	44	89.30	88	164
2620532	2620913	382	27.69	7	233
2622978	2623280	303	869.53	93.5	6977
2625018	2625066	49	148.98	148	198
2626142	2626356	215	68.87	9	352
2627182	2627401	220	614.62	55	8010
2627618	2628009	392	225.03	20	2296
2628439	2628705	267	14.60	10	121
2628808	2628972	165	8.77	9	10
2629105	2629200	96	7.42	7	13
2629456	2630036	581	20.42	5	165
2631312	2631567	256	349.74	69	3758
2632732	2632903	172	305.55	314	675
2633423	2633833	411	34.50	20	1010
2635937	2636007	71	49.99	20	126
2636176	2636190	15	45.87	48.5	57
2638183	2638196	14	11.00	12	13
2638422	2638639	218	5.55	1	40
2641106	2641273	168	31.76	20	102
2641820	2641898	79	8.57	5	16
2642064	2642177	114	6.40	4	33
2643720	2643911	192	10.14	7	28
2644509	2644749	241	124.18	3	2832
2644939	2645180	242	98.62	92	402
2647587	2647868	282	339.87	341	470
2648073	2648164	92	130.85	70	307
2649161	2649185	25	91.16	94.5	112
2650338	2650766	429	80.94	93.5	158
2652273	2652286	14	12.07	13	14
2653148	2653186	39	10.82	11	12
2654312	2654319	8	13.62	16	18
2656292	2656468	177	28.46	9	387
2657234	2657596	363	20.17	5	85
2659406	2659919	514	49.01	4	737
2660406	2660683	278	203.10	4	1928
2661383	2661992	610	875.40	8	7984
2663046	2663174	129	57.18	61	83
2663395	2663457	63	12.81	7	48
2664025	2664224	200	24.78	22	47
2664723	2664944	222	69.62	54	165
2665173	2665324	152	14.73	11	46
2665700	2665718	19	8.16	8.5	10
2666538	2666559	22	3.23	3	4
2666857	2666989	133	13.62	9	45
2668242	2668341	100	36.23	22	73
2669350	2669371	22	325.36	340	349
2670200	2670348	149	53.36	31	91
2671237	2671336	100	22.08	23	28
2672653	2672669	17	15.47	16	21
2673774	2674109	336	72.85	40	165
2674760	2674776	17	7.94	8	9
2675053	2675396	344	10.91	4	96
2676261	2676480	220	89.54	5	313
2677543	2677699	157	53.97	56	84
2677973	2678160	188	41.58	31	87
2678881	2679236	356	43.16	2	1487
2679684	2679766	83	122.80	142	155
2680428	2680486	59	7.03	7	9
2682167	2682297	131	25.57	13	158
2682667	2682682	16	74.31	83	96
2684316	2684417	102	145.31	53	1025
2685276	2685363	88	58.42	35	311
2686066	2686345	280	76.91	30	189
2687303	2687865	563	53.24	22	334
2689438	2689520	83	96.10	25	482
2690856	2691115	260	13.28	6	38
2691530	2691654	125	278.37	3	1507
2692543	2692737	195	49.50	35	142
2694232	2694529	298	1038.45	175	2953
2694857	2694918	62	136.21	192	220
2696515	2696710	196	70.87	49	217
2697152	2697434	283	9.02	5	21
2697645	2697924	280	74.85	10	656
2699632	2699894	263	379.79	385.5	455
2701383	2701453	71	104.51	10.5	294
2701547	2701637	91	74.71	11	359
2702199	2702388	190	116.58	37	352
2703073	2703338	266	25.97	28	54
2704941	2705092	152	195.01	152	517
2705252	2705269	18	4.78	5	6
2705378	2705479	102	3.59	1	12
2707861	2708109	249	8.16	5	42
2709478	2709801	324	7.22	2	49
2709895	2709972	78	120.23	116	166
2710576	2710640	65	83.65	86	97
2712519	2712715	197	7.92	7	17
2712806	2712915	110	11.28	8	45
2713411	2713422	12	39.42	38	62
2713681	2714064	384	45.67	32	89
2714336	2714836	501	17.11	9	52
2717587	2717696	110	5.71	1	17
2718582	2718594	13	10.00	10	14
2719258	2719285	28	15.18	16	17
2719623	2719683	61	4.52	1	9
2721106	2721177	72	116.17	80	261
2721286	2721390	105	59.90	41	173
2721844	2722090	247	39.41	18	186
2722850	2722967	118	12.27	4	63
2725599	2725950	352	14.26	1	100
2726653	2726753	101	78.42	74.5	103
2727693	2727711	19	15.11	16	17
2729140	2729232	93	4.37	4	8
2730241	2730275	35	2.17	2	3
2731509	2731687	179	1.52	0	9
2731853	2731857	5	1.60	2	2
2732305	2732673	369	3.92	1	14
2734168	2734626	459	23.04	0	212
2735152	2735411	260	41.42	3	269
2735868	2736109	242	6.63	5	22
2737982	2738060	79	2.59	2	7
2740011	2740026	16	41.25	44	47
2740963	2741076	114	49.60	52	110
2744056	2744268	213	413.06	13	1400
2746126	2746394	269	103.89	61	297
2746953	2747122	170	53.94	8	392
2749028	2749271	244	131.09	12	815
2752129	2752148	20	19.35	20	22
2758575	2758587	13	1.85	2	2
2759797	2759928	132	0.83	0	3
2766742	2767288	547	2.78	2	13
2767979	2768246	268	6.34	4	35
2768962	2769117	156	368.10	16	2533
2769475	2769561	87	54.34	39	249
2770171	2770251	81	12.19	6	32
2770726	2770730	5	7.80	10	10
2771229	2771465	237	2.63	2	8
2772920	2772938	19	5.00	5	6
2773599	2774449	851	28.64	3	125
2775008	2775173	166	80.07	59	242
2778587	2779035	449	13.92	10	52
2781076	2781763	688	20.84	2	375
2782001	2782170	170	14.59	9	27
2786386	2786403	18	3.56	4	4
2788259	2788278	20	1.50	2	2
2789095	2789401	307	0.70	0	4
2790524	2790643	120	3.48	2	11
2791139	2791187	49	2.47	3	3
2793728	2793782	55	8.95	10	10
2794335	2794365	31	10.61	10	14
2795212	2795593	382	13.38	11	40
2796107	2796257	151	45.14	41	137
2797227	2797472	246	60.04	10	274
2798427	2798580	154	68.21	11	528
2799217	2799337	121	23.45	14	117
2800431	2800599	169	70.07	3.5	913
2801062	2801301	240	86.61	2	1020
2802718	2803132	415	26.74	5	195
2804039	2804265	227	44.00	4	176
2804839	2805005	167	32.08	21	339
2806020	2806264	245	91.32	11	284
2807057	2807192	136	61.90	13	175
2807703	2807987	285	15.69	8	84
2810837	2810911	75	11.81	9	21
2811446	2811507	62	17.23	18	21
2812003	2812083	81	40.64	44.5	49
2812591	2813019	429	1341.53	4	8022
2813245	2813373	129	714.37	72	4944
2813941	2814202	262	33.19	17	159
2814596	2814665	70	9.76	9	17
2815017	2815472	456	14.69	3	296
2816310	2816354	45	76.96	36.5	131
2817072	2817073	2	14.50	29	29
2818856	2819017	162	45.73	46	60
2820395	2820535	141	43.10	37	85
2820887	2821009	123	105.20	18	888
2821145	2821361	217	3047.79	3030	7980
