#start	end	length	mean	median	max
1420	1434	15	40.33	43	45
2005	2008	4	11.25	15	15
3026	3107	82	46.99	10	295
3810	3886	77	99.58	79.5	184
5039	5093	55	115.60	136	162
6471	6486	16	340.94	366	388
6675	6699	25	145.48	132	269
6771	7399	629	25.51	10	401
9977	10118	142	31.14	33	67
13128	13177	50	120.18	100	205
14204	14215	12	63.42	70	76
14984	15570	587	16.83	15	67
16918	16929	12	15.42	17	17
18265	18270	6	28.67	34	35
20515	20601	87	189.66	12.5	505
23964	24233	270	19.17	12	107
24402	24769	368	67.54	12	231
24878	24951	74	18.12	8	116
25606	25676	71	153.94	103	546
26334	26348	15	111.13	112	141
29823	29900	78	233.65	342	351
31074	31082	9	1445.56	1628	1633
31569	31673	105	80.56	81	109
32214	32731	518	217.56	86	2932
32803	33068	266	64.85	40	725
33543	33659	117	33.34	35	53
35144	35419	276	56.97	66	92
36002	36141	140	9.81	11	15
38686	38756	71	15.73	16	21
40053	40102	50	62.90	62	94
40274	40684	411	174.01	97	1586
40997	41047	51	3807.59	4129.5	7253
44732	45012	281	1812.93	14	8010
45376	45791	416	641.08	73	4394
46053	46139	87	63.34	68	78
46257	46616	360	95.14	36	514
47895	48047	153	144.01	92.5	341
50385	50736	352	49.08	51	92
50848	51050	203	56.85	30	339
53103	53287	185	20.40	10	89
54140	54170	31	90.90	95	107
56190	56392	203	195.88	127	452
57494	57514	21	297.62	316.5	409
57677	57960	284	424.85	218	2430
103058	103083	26	99.65	102	132
104422	104441	20	84.65	87	103
105180	105345	166	29.61	15	269
105517	105574	58	7161.67	7992	8030
106586	106597	12	473.08	519	544
108621	108714	94	0.00	0	0
109093	109129	37	0.00	0	0
110444	111198	755	0.00	0	0
112535	112564	30	0.00	0	0
112796	113138	343	0.00	0	0
115273	115326	54	940.63	1046	1391
115453	115466	14	70.64	73	99
115542	115586	45	1620.20	1667.5	1880
115659	115762	104	544.54	13	1729
115974	116051	78	120.64	128	185
116288	116467	180	72.58	61	146
116684	116702	19	24.47	26	27
116847	117167	321	13.31	10	98
118521	118553	33	46.21	45.5	67
119751	119776	26	56.08	59	65
120509	120516	8	34.12	39	40
121144	121185	42	148.90	78	310
121798	121818	21	74.71	78	90
123055	123388	334	330.14	233	1410
123461	123988	528	77.98	47	878
124469	124526	58	224.53	207	330
126270	126291	22	274.68	295	310
127165	127166	2	2244.50	4489	4489
127905	127937	33	222.64	276.5	332
128043	128125	83	380.99	480.5	635
129083	129123	41	300.29	234	646
130411	130552	142	207.59	210	329
131269	131554	286	79.38	75	137
132992	133034	43	803.53	822	872
133626	133933	308	345.31	323	783
134724	134771	48	0.00	0	0
135270	135437	168	8.49	7	22
135912	135925	14	20.79	23	23
138273	138389	117	21.78	14	63
139929	139956	28	318.86	313	470
141046	142130	1085	167.21	46	1246
143112	143168	57	119.93	113	172
143586	143587	2	220.00	440	440
144059	144122	64	82.23	82	108
145179	145237	59	117.83	147.5	167
146420	146581	162	641.41	548	1542
146749	146828	80	164.04	66	1090
147735	147779	45	66.80	67	77
148131	148203	73	18.97	19	23
149461	149876	416	15.29	13	150
154422	154444	23	29.61	32	34
154586	154845	260	30.00	22	78
157171	157180	10	84.30	94	94
161927	162076	150	62.13	51	106
163016	163204	189	82.33	48.5	201
164486	165088	603	46.92	13	365
166061	166235	175	245.47	194	622
167856	168039	184	187.14	145	409
168172	168502	331	66.31	9	686
168577	168798	222	195.02	188	407
169357	169399	43	561.81	674	901
169532	169554	23	218.13	224	371
170236	170356	121	201.36	11	884
171467	171481	15	13.20	14	15
172259	172319	61	17.82	19.5	25
176021	176092	72	26.54	30	36
176345	176385	41	382.83	392.5	512
176492	176665	174	8.97	8	14
177434	177695	262	74.93	62	152
178002	178269	268	35.20	42	60
178501	178644	144	147.51	148	223
178810	178990	181	57.33	54	92
179141	179294	154	1329.05	200	6499
179871	180026	156	1290.43	464	6859
180431	180658	228	100.13	29	1867
181628	181747	120	86.95	48	250
182555	182609	55	152.22	154.5	192
183621	183700	80	186.36	181	239
184276	184288	13	477.15	524	567
185297	185438	142	45.79	37	132
186375	186497	123	76.33	81.5	118
187610	187633	24	81.46	57	205
187955	188161	207	514.94	22	1486
188741	188768	28	511.71	607	630
190239	190296	58	1077.72	596	3037
191446	191586	141	345.35	142.5	1523
191941	192171	231	36.40	34.5	60
193871	193887	17	127.00	132.5	166
197547	197571	25	196.40	263	289
197797	198081	285	74.36	20	3823
198631	198639	9	1717.78	1933.5	1938
198823	199004	182	2249.04	341	7836
200010	200090	81	74.25	63	125
200988	201052	65	150.26	175.5	202
202364	202416	53	43.81	42.5	70
205714	205716	3	88.00	132	133
206362	206389	28	46.75	50	53
207074	207274	201	41.48	35	189
207854	207892	39	42.46	49	56
209228	209390	163	54.09	38	119
210060	210121	62	81.24	88	107
211625	212908	1284	100.57	55	738
212982	213102	121	216.07	218	387
213286	213314	29	284.34	291	318
214203	214250	48	112.94	71	263
214995	215326	332	21.98	12	261
216326	216351	26	72.08	76	79
216775	216780	6	89.33	108	108
218176	219031	856	33.39	22	140
221077	221115	39	278.95	293	324
223982	224191	210	95.50	16	462
225528	225615	88	17.56	19	61
226786	226793	8	84.25	96	98
228130	228169	40	7.00	7	8
228554	228666	113	6.70	5	11
230840	230897	58	0.00	0	0
231054	231182	129	0.00	0	0
231336	231347	12	0.00	0	0
231419	231422	4	0.00	0	0
231497	231617	121	0.00	0	0
234448	234596	149	0.00	0	0
234705	235109	405	5.06	0	32
236193	236433	241	57.93	32	409
237001	237091	91	21.71	16	63
237515	237885	371	49.40	42	144
240016	240697	682	45.07	27	194
240986	241403	418	365.86	10	1689
242508	242757	250	308.70	277	516
243964	244251	288	141.25	121	270
245236	245243	8	66.38	79	85
246411	246422	12	250.83	280	294
247479	247493	15	350.20	376.5	388
248826	249122	297	738.08	624.5	1839
249606	249727	122	156.34	158	201
251338	251360	23	52.39	55.5	64
252399	252442	44	87.57	82	133
253139	253146	8	338.12	394	401
254305	254612	308	2767.30	330	8006
254877	255080	204	1031.22	70	6925
255648	255709	62	44.69	46	55
256328	256333	6	19.00	23	23
258112	258610	499	18.26	15	70
259646	259654	9	29.44	33	35
260627	260645	19	17.53	17	26
261792	261929	138	80.54	55	179
262674	262689	16	91.62	140	147
262897	262959	63	9.00	9	15
265770	265790	21	46.76	49	64
267141	267174	34	157.82	92	274
267949	268081	133	353.02	340	594
269129	269161	33	174.76	181.5	218
270614	270730	117	74.17	67	188
271610	271792	183	42.03	44.5	67
273137	273157	21	34.52	35.5	39
273863	273884	22	103.50	102	138
274752	274761	10	227.00	256	263
275536	275753	218	62.76	62	116
276630	276649	20	324.70	318	432
277673	277958	286	90.05	70	224
278343	278347	5	445.20	548	587
279053	279067	15	85.07	106	138
280845	280874	30	72.53	60	116
282141	282179	39	59.90	50.5	91
284432	284460	29	18.90	19	29
285595	285606	12	53.92	59	60
287368	287799	432	21.92	19	122
288790	288816	27	91.26	95	100
290902	291033	132	29.05	11	298
293101	293121	21	122.90	121.5	201
294022	294205	184	458.58	184	1383
294338	294443	106	979.12	321	2227
295023	295173	151	681.32	36	2526
296821	297018	198	72.26	25	235
297743	297750	8	41.75	49	49
298306	298448	143	45.05	35	122
299025	299184	160	238.99	290	537
299473	299636	164	22.06	16	71
301677	301699	23	27.17	28	30
304258	304322	65	89.77	135	142
304674	304746	73	154.77	190	266
307225	307238	14	8.14	6	17
307560	308592	1033	895.53	753.5	4675
310282	310363	82	404.77	394	574
311336	311638	303	1281.81	1332.5	2197
312977	312987	11	382.55	421	434
313987	314138	152	252.64	170	452
317823	318211	389	74.24	57	156
318332	318766	435	339.64	49.5	1448
321875	321910	36	2195.19	2302	2542
323420	323590	171	4335.62	4237.5	7999
324470	324677	208	141.98	61	2796
325839	326029	191	192.94	187.5	289
326735	326814	80	330.27	301	669
327577	327596	20	121.20	105	193
330270	330328	59	1143.53	1327.5	1353
330851	330887	37	2696.70	2181	4341
331377	331707	331	151.27	66	1930
332284	332563	280	190.15	181	417
335387	335559	173	30.08	20	271
335719	335937	219	7.74	0	33
336094	336238	145	2.85	1	10
337959	337966	8	116.38	135	138
339819	339871	53	25.75	27	31
340115	340122	8	128.75	158	160
341701	342109	409	35.72	9	213
342893	342989	97	34.34	35	42
346637	346652	16	38.12	43	68
349291	349808	518	17.18	9	104
350340	350341	2	193.50	387	387
350825	350834	10	245.20	273	274
351333	351368	36	125.75	96	266
352260	352275	16	18.19	19	23
353131	353278	148	161.97	154	256
354613	354679	67	32.36	39.5	48
355043	355911	869	33.98	33	73
356377	357179	803	81.73	51	479
357669	357674	6	72.00	86	89
358311	358493	183	32.37	12	112
361185	361248	64	45.59	44	69
362632	362679	48	38.19	47	59
363562	363577	16	58.06	56	84
363980	364084	105	246.31	15	1308
366040	366120	81	275.12	33	1223
368584	368805	222	193.53	75	546
369283	369406	124	294.44	262	650
370028	370231	204	75.01	7	389
370388	370524	137	3.14	0	11
370723	370816	94	2.99	2	10
370946	370965	20	34.80	42	57
372565	372638	74	61.64	75	86
374157	374192	36	269.78	287	387
374859	374956	98	44.48	45	53
375795	375802	8	51.38	60	61
376616	376766	151	690.64	404	3057
377619	377665	47	957.62	1069.5	1158
378365	378382	18	1020.89	1069	1128
378857	379178	322	274.44	14	6239
380289	380455	167	664.47	482.5	1507
380708	380916	209	138.19	32.5	1101
381247	381345	99	49.94	39	117
383203	383311	109	431.80	541.5	917
383486	384063	578	210.41	14	2102
384520	384568	49	457.47	627	655
385901	385998	98	145.09	119	232
388936	388965	30	272.33	289	484
389455	389490	36	429.14	550	712
390934	390975	42	189.69	201	249
391726	391734	9	301.22	373	442
393076	393190	115	20.54	19	33
393338	394042	705	55.24	13	445
395333	395354	22	103.55	104	126
396420	396599	180	22.87	18	61
396914	397290	377	4.25	3	16
397489	397662	174	246.52	7	1772
399454	399460	7	50.43	58.5	60
400544	400590	47	33.87	33	43
401353	401427	75	23.00	21	35
402352	402404	53	26.32	11	116
402873	402892	20	38.80	41	43
404219	404256	38	123.76	128	141
404851	404908	58	177.84	145	610
404999	405468	470	381.00	253	959
405976	406115	140	497.02	56	3638
407241	407333	93	896.20	1056.5	1859
408996	410085	1090	99.28	12	531
410902	411151	250	100.49	24	1134
412577	412725	149	87.42	52	274
413632	413732	101	56.15	60	80
414663	414731	69	84.28	33	229
417817	417858	42	76.64	79	94
418783	418902	120	132.37	150	296
419326	419428	103	82.50	88.5	125
420077	420124	48	227.35	38	1699
420662	420859	198	219.07	172	472
421337	421384	48	175.75	175	212
422246	422257	12	182.42	201	202
423674	423708	35	301.94	317.5	344
424189	424190	2	17.50	35	35
425214	425497	284	556.36	228	3468
425567	425633	67	2541.13	3112	3341
425886	425917	32	1259.09	1126	2271
425987	426068	82	493.32	77	1759
426372	426564	193	62.90	54	108
428758	428812	55	56.25	45	89
430340	430357	18	55.78	59	62
432173	432199	27	214.89	220.5	232
432473	432833	361	928.43	10	6192
435612	436188	577	121.53	32	1883
436378	436434	57	18.02	18	36
436651	436685	35	32.60	19	128
437328	437366	39	110.72	123.5	143
437769	437859	91	74.25	77	96
440203	440229	27	112.37	130	158
442531	442690	160	102.21	82	267
442895	443079	185	246.01	79	3927
443431	443453	23	519.78	578	607
443814	443835	22	246.77	261	271
444808	444846	39	331.26	359.5	393
446893	446912	20	332.55	358	377
447696	447755	60	201.93	228	279
451519	451791	273	119.96	75	306
452392	452502	111	83.22	75.5	127
456475	456486	12	74.00	81	81
457498	457692	195	133.09	99	323
457984	458559	576	25.92	11	153
461054	461085	32	25.38	26	36
461788	461796	9	113.89	128	130
462397	462881	485	187.14	46	1026
463350	463367	18	159.50	170	198
463755	463895	141	116.03	119.5	210
464185	464193	9	276.56	308	330
464381	464667	287	645.48	415	1538
469657	470145	489	38.91	12	780
470845	470881	37	13.49	16	17
472238	472259	22	16.41	17	18
472365	472473	109	56.27	31	531
473728	474025	298	267.81	12	1145
475631	475828	198	21.59	7	115
476039	476040	2	4.50	9	9
476401	476630	230	6.10	6	10
478804	478861	58	0.00	0	0
479018	479146	129	0.00	0	0
479300	479311	12	0.00	0	0
479383	479386	4	0.00	0	0
479461	479581	121	0.00	0	0
482412	482560	149	0.00	0	0
482669	482817	149	0.00	0	0
482917	482955	39	19.31	21	28
484023	484032	10	51.70	57	65
484728	484844	117	517.64	436	1177
487313	487384	72	38.79	36	82
488645	488669	25	24.32	24	29
489942	489968	27	163.59	189	227
490626	490646	21	100.19	117	128
491052	491539	488	48.89	36	151
492451	492539	89	25.63	27	40
492600	492649	50	33.26	35	38
492764	492776	13	43.77	49	56
494000	494427	428	32.72	29	79
496573	496603	31	43.55	45	51
498458	498706	249	162.63	67	472
500231	500959	729	312.80	56.5	3016
502027	502075	49	20.41	21	23
502511	503653	1143	22.07	22	51
504275	504356	82	78.82	92	110
505578	505604	27	100.81	77.5	168
507384	507421	38	48.97	49	58
510407	510666	260	184.48	228	385
512905	512974	70	104.84	116	149
514394	514627	234	23.07	7	217
516290	516321	32	54.31	58	72
521019	521081	63	60.06	55.5	101
522273	522299	27	220.96	248	258
522396	522486	91	6.27	6	9
522895	523057	163	1142.38	1153	3049
524255	524361	107	249.02	209	478
526024	526318	295	677.67	341.5	1958
527378	527563	186	57.44	56	94
528005	528037	33	339.36	351	486
529304	529330	27	367.07	333	539
529958	530165	208	78.36	56	453
531231	531282	52	122.48	107	182
532435	532569	135	512.58	114	1561
532993	533060	68	200.87	224	364
533706	533721	16	435.62	462	535
536305	536510	206	27.22	26	58
537764	537781	18	57.56	61	65
539090	539106	17	85.59	92	98
539608	539617	10	79.70	90	92
541823	541860	38	1534.84	1724	2065
542122	542232	111	3327.43	3582	5895
542377	542411	35	3.46	3	5
542802	542850	49	540.69	629	748
543541	543573	33	1238.33	1477.5	1551
545515	545545	31	385.13	378	569
546299	546533	235	119.60	18.5	589
546936	547036	101	183.88	145	498
548588	548614	27	685.00	719	751
549787	549827	41	191.95	205	229
550272	550278	7	161.43	188	194
551569	551989	421	44.34	44	115
552125	552507	383	80.06	47.5	213
553228	553556	329	76.23	91	162
554958	555011	54	31.17	33	39
557316	557329	14	82.07	86	96
557912	557984	73	123.07	128	146
559108	559144	37	66.03	65.5	77
560168	560203	36	161.39	168	173
561667	561672	6	401.83	487	495
562051	562122	72	335.25	291	513
565534	565877	344	24.46	15	187
566532	566591	60	16.25	16	28
568573	568622	50	42.46	43	58
570693	570910	218	221.12	208	481
570983	571503	521	30.08	13	483
572347	572408	62	37.69	40	44
573174	573191	18	84.72	95	100
573900	573928	29	89.69	88	112
576634	576816	183	77.36	73	143
578577	578589	13	73.08	78.5	84
581393	581405	13	441.54	478.5	487
582399	582502	104	198.21	74	403
583427	583448	22	38.50	40	44
584289	584322	34	211.59	223	249
585877	586344	468	10.70	9	229
586477	586998	522	33.51	13	148
587620	587686	67	20.06	11	65
588491	588585	95	14.63	15	20
590525	590954	430	9.13	8	27
591216	591534	319	15.39	13	167
593056	593082	27	27.59	27.5	34
594319	594405	87	69.03	74	87
596359	596475	117	49.93	46	77
597343	597359	17	716.35	755.5	788
598802	598810	9	77.67	87.5	89
599873	599949	77	167.58	135	323
601036	601327	292	45.01	42	76
601421	601639	219	14.30	5.5	55
601775	602001	227	65.37	56	135
602326	602333	8	13.12	15	17
602901	602981	81	16.30	17	27
608063	608101	39	92.51	102	107
610040	610056	17	249.29	310.5	345
610705	611025	321	330.09	48	6603
611164	611389	226	107.76	29	335
614080	614227	148	138.37	155	220
614302	614308	7	6.43	7	9
614660	614740	81	94.68	102.5	122
614834	614847	14	178.93	191	210
615421	615560	140	2531.82	794	6746
616350	616415	66	27.68	24	59
616833	616890	58	305.64	383	400
618142	618147	6	63.50	77	77
618580	618593	14	148.71	158	173
619644	619663	20	301.90	322	380
620438	620449	12	58.92	63	67
621290	621399	110	56.63	58	71
621625	621673	49	52.39	46.5	82
622559	624174	1616	480.73	37	6816
624514	624516	3	4.67	7	7
625941	626044	104	1421.53	13	8009
626127	626626	500	1144.29	324	7984
655175	655185	11	5.18	6	6
655603	655663	61	11.90	13	16
656999	657004	6	13.00	16	16
657701	657989	289	317.64	8	2710
658470	658570	101	183.91	112.5	838
659908	659924	17	30.12	32	34
661911	662069	159	25.52	24	67
664230	664294	65	61.15	67	78
664748	664773	26	59.85	64	69
665896	666063	168	107.65	15	405
667309	667329	21	155.95	141.5	235
668248	668350	103	268.16	226	529
669431	669766	336	281.91	71	1486
671072	671336	265	112.74	35	466
671841	671865	25	0.00	0	0
672079	672378	300	0.00	0	0
672943	673076	134	3.29	0	34
674631	674828	198	119.66	135	291
675949	676051	103	175.91	121	325
676174	676512	339	54.66	38	194
677446	677447	2	23.50	47	47
677919	677930	12	25.17	27	30
680130	680142	13	151.23	165	168
681604	681620	17	126.71	137	139
682878	682903	26	120.27	126	141
684254	684267	14	128.29	136	147
686658	686659	2	15.50	31	31
688798	688857	60	433.83	464	598
690286	690290	5	37.60	47	47
691662	691695	34	84.71	88	107
692143	693081	939	20.15	15	88
693712	693765	54	123.33	122	155
694585	694657	73	53.60	54	69
696176	696894	719	822.07	8	8026
697150	697368	219	1350.83	445.5	5007
698863	699054	192	1443.93	334	5787
699916	700014	99	624.17	586.5	1510
700366	700371	6	618.67	738	773
700642	700668	27	2112.26	2432	2577
701206	701483	278	374.52	293	1721
703437	703441	5	347.60	434.5	468
704657	704785	129	9.31	9	15
705024	705034	11	7.18	8	9
706371	706383	13	15.08	16	18
707422	707453	32	43.09	40	69
710052	710284	233	393.85	23	1220
710390	710435	46	677.09	687	837
710796	711068	273	63.33	32	447
711159	711267	109	9.22	9.5	13
711412	711577	166	67.36	59	168
711848	711900	53	211.85	208.5	292
713040	713065	26	43.96	46	50
713759	713768	10	37.80	42	44
714693	714901	209	28.26	22	237
716699	716803	105	250.88	104.5	1420
717836	718241	406	343.38	42	6019
718806	718973	168	972.92	879	3080
720519	720726	208	1183.33	222	5153
725096	725129	34	395.12	413	537
725883	725946	64	63.05	68	99
726451	726456	6	128.33	155	156
727036	728246	1211	157.29	27	1737
728538	728789	252	666.02	378	2523
729543	729603	61	19.70	20	27
730468	730547	80	89.71	106	228
731262	731421	160	85.86	82	125
732450	732456	7	73.14	88.5	90
733282	733298	17	107.18	115	117
733842	733943	102	268.34	240	820
737208	737215	8	11.62	13	14
738287	738318	32	49.72	47	64
740104	740194	91	100.75	25	307
740288	740471	184	36.55	31	73
741456	741621	166	10.01	9	22
743877	743892	16	24.25	26	28
745054	745079	26	61.27	62	74
746079	746088	10	27.90	31	34
748293	748441	149	131.65	130	188
748654	748876	223	553.82	28	2730
749459	749585	127	55.63	55	83
749967	750075	109	179.93	132	301
750622	750653	32	377.44	357	713
750735	750903	169	64.37	37	228
751204	751217	14	215.79	230	245
752457	752517	61	400.98	334	678
753688	753942	255	1566.01	447	5709
754093	754156	64	1721.09	2325	4453
754754	754795	42	83.90	85	99
755315	755333	19	144.58	56.5	454
756691	756914	224	86.84	86	141
757122	757342	221	7.21	7	15
758828	758843	16	15.44	17	17
762213	762297	85	17.08	18	26
763384	763541	158	42.62	39	69
764466	764545	80	69.10	68	84
764784	764982	199	211.10	182	333
767254	767284	31	595.13	627	647
768164	768283	120	318.38	190	759
770488	770533	46	38.02	39	41
771290	771683	394	829.26	156	5379
772275	772303	29	295.86	386.5	437
773909	773988	80	79.96	92	112
774748	774860	113	46.59	10	154
774996	775177	182	15.79	10	81
776369	776407	39	61.49	72	103
776918	777122	205	29.17	36	57
778455	778496	42	15.21	16	20
779748	779850	103	24.64	21	39
780196	780399	204	11.80	10	26
782749	782789	41	21.02	29	33
785157	785185	29	11.07	12	13
787559	787653	95	20.05	19	24
788311	788618	308	23.00	21	40
790170	790655	486	84.94	12	627
792009	792206	198	383.62	339	1413
793320	793372	53	247.92	231	525
794666	794673	8	453.12	517	522
794956	795030	75	3840.21	4396	5365
796489	796790	302	1762.57	1406	3723
796992	797191	200	1206.80	581	8012
798332	798380	49	7641.98	7851.5	7923
799554	799606	53	4161.83	4765	7490
799697	799717	21	129.67	136.5	145
799841	799864	24	563.75	592	603
800846	800879	34	96.32	100	110
803448	803659	212	49.92	18	198
804026	804053	28	28.43	12	123
804588	804642	55	63.07	64.5	78
805678	805686	9	82.56	93	93
806467	806470	4	102.75	137	137
807008	807071	64	27.91	15	314
807894	807913	20	336.60	402	413
808343	808578	236	340.58	208	1351
811123	811290	168	573.41	346	1722
812119	812148	30	96.57	57	224
812920	812942	23	144.87	154.5	164
813525	813612	88	45.70	8	330
813742	814253	512	70.36	36	239
814599	814622	24	267.79	322	416
815217	815844	628	238.49	7	1873
820435	821536	1102	4406.42	6164	8010
822872	822874	3	74.00	111	111
823052	823066	15	916.00	1023	1262
823811	823817	7	37.57	44	44
824736	825132	397	224.49	16	833
826029	826262	234	1040.40	13	5358
826869	826990	122	57.13	65	90
827186	827535	350	35.45	21	109
829588	829674	87	89.49	48	328
830299	830367	69	462.09	54	1598
830755	831005	251	647.00	88	2305
832164	832190	27	73.19	74	98
833181	833249	69	73.46	94	103
834345	834384	40	220.75	222	278
835351	835633	283	22.27	11	288
836782	836842	61	87.51	85.5	111
838055	838067	13	49.15	57	59
839373	839406	34	30.76	31	43
840863	841664	802	45.04	35	128
842427	842513	87	61.66	63	68
842910	843067	158	141.24	30	405
844403	844430	28	24.36	28	29
845823	845885	63	26.83	28	37
846234	846340	107	40.42	33	70
846415	846477	63	18.76	19.5	22
847222	847376	155	675.50	141	2620
848109	848249	141	115.82	94	345
850789	851526	738	34.77	18	160
853891	853896	6	34.17	41	42
854653	855040	388	131.23	83	490
855311	855386	76	189.08	215	248
855867	856084	218	720.60	659	1386
857336	857555	220	375.43	350	553
857895	858010	116	74.47	67	130
859361	859412	52	46.88	59	63
860058	860156	99	21.59	17	64
862281	862321	41	177.51	191	203
864458	864579	122	97.21	53	521
865647	866096	450	6.96	6	16
867567	868220	654	186.72	139	735
870543	870604	62	9.81	10	13
873296	873322	27	32.70	35	38
874427	874602	176	14.57	7	183
876742	877004	263	28.70	5	133
877152	877160	9	3.56	4	4
877296	877784	489	75.19	12	406
878913	879183	271	31.27	17	124
879259	879405	147	124.56	61	679
881125	881138	14	1781.21	1918	1924
882156	882166	11	119.00	132.5	148
883031	883123	93	67.01	47	203
883841	884072	232	215.64	43	1751
884544	884561	18	3777.33	4189	4336
885174	885211	38	5687.18	7384	7803
885680	885690	11	524.91	588.5	610
886501	886570	70	508.39	441	1028
886656	886850	195	1074.93	994.5	2466
887676	887724	49	65.53	67	79
888700	888872	173	267.62	94.5	821
889563	889698	136	94.04	14	742
889939	890016	78	22.29	23	47
892633	892675	43	33.42	24	84
894555	894566	12	185.75	201	213
895149	895151	3	40.67	61	62
895686	896281	596	27.79	7	523
898277	898434	158	142.22	139	191
900787	900836	50	120.70	128	159
901545	901711	167	42.56	44	88
904487	904585	99	270.29	211.5	627
904748	905493	746	7.74	7	32
905641	905690	50	9.80	10	13
905874	905887	14	54.29	58	60
905958	906025	68	9.47	9	18
909019	909153	135	30.55	29	83
909382	909660	279	20.30	13	86
911008	911014	7	37.86	44	45
911804	911843	40	136.20	130	184
913053	913085	33	35.09	37	74
913935	913973	39	90.15	94	98
914877	914916	40	297.10	339	350
915961	916647	687	35.48	32	243
924145	924186	42	35.83	37	47
924793	925089	297	184.17	83.5	520
926590	926878	289	41.80	38	67
929552	929570	19	207.32	216.5	239
930285	930383	99	409.38	404	539
930594	930860	267	253.81	204.5	733
932041	932088	48	8.79	9	11
932946	933330	385	80.52	61	219
933405	933585	181	166.98	119	439
934922	935042	121	11.40	12	20
935574	935602	29	7.90	8	9
936059	936418	360	4.50	5	7
936776	936784	9	3.22	4	4
937304	937318	15	8.87	9.5	10
937544	937568	25	17.24	18.5	19
937848	937862	15	9.27	10	12
938163	938177	15	13.93	14	20
938307	938362	56	18.43	20	27
938591	938886	296	65.74	9	554
940171	940235	65	375.94	317.5	783
940344	941024	681	14.96	6	164
941136	941191	56	96.91	94	126
941327	941352	26	3.77	4	5
942574	942625	52	226.56	304	328
943562	943615	54	63.65	55	112
945058	945109	52	42.52	27	121
946157	946342	186	25.35	10	174
946994	947072	79	58.61	60	70
951439	951483	45	143.64	144	186
952551	952700	150	206.39	23	1271
954216	954320	105	125.40	130.5	179
955338	955377	40	128.85	128	181
956263	956264	2	54.00	108	108
960086	960115	30	47.73	51	62
961325	961558	234	174.54	13	950
962015	962081	67	130.06	120	203
962790	962828	39	157.49	176	208
963753	963938	186	168.31	139	371
966516	966551	36	148.86	151	165
967752	968345	594	135.44	85	1859
971241	971274	34	44.15	46	48
971725	971799	75	55.17	57.5	77
972867	973196	330	600.22	599	1210
974574	974828	255	134.04	21	900
975954	975970	17	94.88	101.5	108
976835	976868	34	47.47	50	57
977583	977611	29	52.62	43	82
980465	980939	475	18.24	7.5	447
981474	981738	265	161.53	159.5	376
983091	983138	48	74.29	75	121
983232	983308	77	94.77	90	161
984992	985513	522	2491.52	214	8003
985724	986904	1181	21.02	8	118
989506	989940	435	96.83	29.5	474
990880	990927	48	70.52	51	154
991066	991177	112	197.85	179	340
992822	992946	125	31.54	15.5	80
994753	995191	439	856.05	149	8013
995360	995697	338	780.38	119	6915
997395	997442	48	78.02	89	93
999111	999284	174	133.85	73	804
999381	1000092	712	7.28	3	42
1000195	1000328	134	394.42	41	2686
1002858	1002999	142	282.78	281	391
1003483	1003576	94	378.80	323	1036
1004261	1004448	188	910.35	955	1294
1005130	1005144	15	856.47	926	992
1007038	1007222	185	109.73	89	171
1007919	1007956	38	216.16	223	271
1008752	1008805	54	110.83	70	324
1009244	1010125	882	16.29	6	276
1010309	1010404	96	5.69	6	9
1011472	1011517	46	26.67	28	34
1012688	1012704	17	14.47	15	18
1013353	1013382	30	36.37	37	41
1014382	1014408	27	56.44	45.5	121
1014946	1014956	11	131.91	116.5	280
1016742	1016792	51	122.49	129	151
1018338	1018922	585	101.68	10	1699
1020843	1021622	780	50.53	42	131
1039205	1039206	2	82.00	164	164
1040274	1040508	235	833.96	35	2602
1042387	1042629	243	65.00	24	238
1043581	1043661	81	108.23	109	129
1043851	1043969	119	607.69	505.5	1055
1045116	1045117	2	62.00	124	124
1045535	1045628	94	97.38	95	152
1045854	1046328	475	128.86	95	396
1047718	1047724	7	85.00	100	103
1048529	1048551	23	190.91	200	210
1050085	1050222	138	21.89	23	35
1050224	1050227	4	27.75	37	37
1067298	1067322	25	40.32	39	49
1067863	1067869	7	12.43	15.5	16
1068283	1068394	112	10.76	11	25
1069283	1069359	77	37.58	25.5	80
1069474	1070861	1388	39.86	7	687
1072821	1072924	104	4231.78	4823	5758
1073561	1073606	46	1347.37	1369	1696
1073802	1073916	115	1983.35	2007	3344
1074262	1074726	465	155.54	64	1106
1075294	1075516	223	26.01	16	69
1075940	1076268	329	160.19	152	461
1077043	1077060	18	42.33	44	59
1078115	1078308	194	38.45	6	201
1079645	1079829	185	354.15	364.5	624
1082284	1082679	396	65.95	22	449
1082753	1083417	665	60.13	55	519
1085740	1085769	30	70.03	65	98
1087251	1087284	34	321.12	387	451
1088224	1088282	59	75.24	90	123
1089273	1089345	73	20.00	13	198
1089824	1089894	71	12.49	10	23
1092208	1092348	141	13.23	10	38
1093564	1093747	184	232.30	146	560
1093830	1093970	141	1234.04	700.5	5150
1094886	1095643	758	292.73	180	1709
1095752	1095990	239	181.63	7	742
1096654	1096657	4	41.25	55	55
1097366	1097434	69	42.12	41	58
1097678	1097960	283	124.75	79.5	555
1099440	1099496	57	46.05	46.5	57
1099824	1099840	17	91.12	96.5	104
1100606	1100627	22	134.91	143	150
1101744	1101772	29	422.17	419.5	670
1102169	1102206	38	65.61	56	96
1103632	1103667	36	38.69	45	56
1105920	1105933	14	49.21	53	55
1107307	1107350	44	74.50	73	113
1108530	1108559	30	92.57	90	128
1108992	1109050	59	54.12	55	62
1110794	1110969	176	702.82	165	2589
1111474	1111476	3	214.67	322	323
1111855	1112024	170	87.48	28	606
1113030	1113050	21	316.10	84	792
1113825	1113895	71	465.28	453	564
1114367	1114371	5	139.20	174.5	177
1115329	1115335	7	70.71	80	100
1116662	1116987	326	26.87	10	119
1118260	1118390	131	14.73	15	39
1119372	1119486	115	23.46	10	162
1122310	1122311	2	54.50	109	109
1123032	1123054	23	38.78	40	47
1124354	1124384	31	27.32	28	42
1127090	1127299	210	233.80	20	1686
1129457	1129702	246	255.66	212	727
1130951	1131340	390	58.51	20	184
1131953	1131962	10	34.00	38	40
1132350	1132403	54	29.85	27	46
1133568	1133659	92	68.18	73	114
1135214	1135227	14	250.93	292	301
1135642	1135643	2	55.00	110	110
1135869	1135998	130	381.29	351	712
1137423	1137463	41	60.88	66.5	70
1137797	1137826	30	70.40	83	91
1139048	1139195	148	128.55	80	292
1139931	1139943	13	114.38	123	129
1141291	1141552	262	145.06	105	326
1142574	1142631	58	204.81	248	256
1142861	1143164	304	93.15	45	318
1143642	1143861	220	27.45	24	64
1144573	1144922	350	101.55	60	343
1146486	1146613	128	125.28	110	278
1147184	1147240	57	231.28	286	298
1148540	1148567	28	181.68	187	222
1149048	1149161	114	407.17	352	909
1149612	1150638	1027	140.35	7	2113
1151179	1151265	87	33.84	23.5	167
1153531	1153712	182	648.98	31	2473
1153959	1153980	22	1022.23	1049	1146
1155568	1155615	48	1094.21	1226	1285
1156777	1156925	149	244.16	20	1163
1159406	1159872	467	22.03	23	46
1163077	1163146	70	42.90	43	63
1163975	1164039	65	353.14	372	559
1164114	1164288	175	46.40	9	526
1164979	1165205	227	17.68	16.5	30
1166856	1167123	268	24.46	20	54
1167817	1168009	193	301.09	393	726
1169699	1169736	38	114.82	112	155
1170931	1171114	184	87.68	86	128
1171241	1171431	191	473.12	536.5	755
1173291	1173308	18	23.33	26	28
1176877	1176952	76	329.66	330	458
1177973	1177995	23	136.26	133	179
1178449	1178751	303	19.84	8	349
1180062	1180395	334	28.67	23	99
1181305	1181338	34	22.44	23	26
1182893	1182902	10	17.50	19	20
1183394	1183596	203	6.43	0	30
1184510	1184652	143	28.38	0	176
1185720	1185821	102	16.23	16	24
1186889	1186923	35	39.49	43	49
1188016	1188514	499	54.62	47	118
1193276	1193285	10	22.40	25	28
1194360	1194415	56	13.88	14	17
1195784	1196078	295	251.16	259	744
1196235	1196322	88	8.39	8	18
1201003	1201180	178	42.61	10	254
1203342	1203482	141	995.48	66.5	2925
1204500	1204630	131	441.66	125.5	1590
1206350	1206406	57	9.19	8	31
1207255	1207317	63	10.63	12	14
1209850	1209871	22	33.55	35	42
1210055	1210064	10	43.90	49	51
1210518	1211097	580	178.15	14	2080
1212895	1213022	128	96.42	66	223
1213631	1213748	118	48.71	43	118
1214286	1214324	39	25.67	26	36
1215138	1215157	20	259.55	274	370
1215788	1215921	134	2183.14	1749	5133
1217335	1217353	19	53.58	60.5	65
1218683	1218890	208	199.70	46	988
1221756	1221761	6	183.67	212	289
1223075	1223102	28	214.00	213	283
1223913	1224352	440	72.70	11	660
1225013	1225049	37	44.46	47	54
1225542	1225554	13	38.62	42	43
1226683	1226726	44	38.73	36	55
1227570	1227854	285	161.67	50	700
1229511	1229585	75	158.03	179	462
1229658	1229885	228	970.32	749	2269
1230990	1231141	152	541.47	310	2974
1231712	1231764	53	1020.43	950.5	2087
1232676	1232725	50	420.46	549	566
1233275	1233913	639	17.92	7	630
1234139	1234226	88	12.64	12	17
1235110	1235183	74	57.54	13	193
1236849	1237007	159	82.42	22	392
1238340	1238389	50	136.62	150	173
1238957	1238966	10	52.20	59	61
1239273	1239495	223	101.21	45	377
1240603	1240733	131	48.66	43	110
1242042	1242086	45	49.84	51	64
1244142	1244808	667	25.48	12	147
1246145	1246528	384	118.40	40	433
1246946	1247325	380	63.04	39	223
1248481	1248592	112	207.49	64	591
1251439	1251586	148	30.24	31	64
1253761	1253789	29	217.34	231	313
1254252	1255262	1011	70.98	11	1343
1255686	1255695	10	55.50	62	64
1257055	1257065	11	126.64	137.5	148
1258614	1258931	318	144.53	23	2580
1259400	1259401	2	816.00	1632	1632
1260416	1260444	29	53.31	55	61
1261921	1262101	181	220.86	190	422
1263557	1263751	195	9.82	9	58
1266139	1266277	139	17.33	13	91
1266740	1266769	30	26.93	29	33
1267649	1267776	128	89.26	47	203
1268013	1268038	26	25.65	29	31
1268525	1268537	13	173.23	172.5	253
1268949	1269001	53	217.74	250.5	261
1269632	1269744	113	49.19	21	172
1271109	1271161	53	150.75	151.5	191
1271585	1271813	229	263.60	10	745
1271955	1272127	173	11.44	7	53
1272257	1272453	197	162.48	161	210
1273132	1273444	313	68.18	17.5	329
1274414	1274418	5	107.00	134	134
1277907	1277940	34	42.15	39	68
1279393	1280013	621	83.42	38	320
1281693	1281701	9	134.00	153	155
1283004	1283036	33	132.58	112	232
1283619	1283658	40	43.92	46	48
1284994	1285028	35	132.31	129.5	181
1286031	1286118	88	70.68	61	154
1287853	1287977	125	747.54	871.5	1408
1288854	1288926	73	424.95	231	821
1290346	1290534	189	227.20	187	628
1291635	1291754	120	11.78	17	27
1292838	1293588	751	54.57	25.5	253
1294231	1294301	71	161.92	131	284
1294674	1294711	38	192.21	192	231
1295522	1295565	44	127.61	117	254
1296607	1296695	89	150.89	145.5	254
1297944	1297972	29	63.21	66	72
1299050	1299051	2	217.00	434	434
1300441	1300470	30	129.67	135	147
1302828	1302852	25	61.40	68	80
1303513	1303560	48	212.77	224	430
1304698	1304714	17	424.94	450.5	490
1305498	1305513	16	328.12	347	415
1306519	1306624	106	99.69	70	255
1307393	1307441	49	159.65	169	178
1308285	1308535	251	121.18	48	457
1309619	1309801	183	851.00	1203.5	1554
1310996	1311043	48	134.85	107	227
1312052	1312262	211	218.23	96.5	695
1313109	1313251	143	636.10	298.5	3140
1314353	1314622	270	1668.00	27	8000
1314869	1315053	185	1187.46	346	3872
1315195	1315227	33	46.03	48	51
1316158	1316211	54	104.39	88	156
1316773	1316891	119	275.26	154.5	928
1317627	1318388	762	446.53	180	2620
1319430	1319509	80	62.00	66	84
1320119	1320174	56	92.00	92	147
1321561	1321607	47	72.26	82.5	103
1323042	1323335	294	134.80	109	438
1324672	1324679	8	11.50	13	14
1325163	1325302	140	13.46	8	35
1326407	1326444	38	13.87	15	16
1328914	1329223	310	1642.71	95	8005
1330445	1330507	63	355.19	365	449
1330579	1330616	38	1316.34	1375	1460
1330688	1330784	97	110.13	32	1055
1333908	1334280	373	21.87	10	92
1334737	1334822	86	16.29	16	23
1336125	1336209	85	33.96	29	53
1339637	1339840	204	176.27	15	2154
1340195	1340273	79	183.72	180	287
1341609	1341731	123	184.63	102.5	679
1342620	1342914	295	59.81	24	276
1344259	1344902	644	9.53	10	31
1347492	1347712	221	8.21	6	86
1348271	1349271	1001	166.86	57	1476
1350172	1350326	155	157.34	153	249
1351194	1351213	20	350.25	373	398
1355044	1355049	6	157.67	190	203
1355758	1355766	9	205.33	237	249
1356295	1356382	88	92.30	92	109
1357718	1357784	67	95.37	104	114
1357893	1357946	54	461.11	105	1781
1359354	1359387	34	277.85	285	352
1360705	1360807	103	588.11	590	1003
1362149	1362285	137	361.82	275.5	894
1362847	1362871	25	390.44	48	1203
1363526	1363546	21	31.95	37	40
1364732	1365073	342	41.28	47	103
1365539	1365593	55	96.18	110.5	241
1366974	1367248	275	22.72	16	170
1369799	1370000	202	59.47	26	185
1372173	1372441	269	100.35	100.5	216
1372550	1372930	381	84.97	6.5	555
1375559	1375589	31	261.42	203	517
1376040	1376093	54	104.41	60	210
1376334	1376368	35	613.69	748.5	1159
1377308	1377878	571	121.67	38	1076
1378491	1378667	177	182.45	183.5	249
1382715	1382871	157	54.69	1	189
1382962	1383103	142	250.75	267	496
1384238	1384350	113	221.04	229.5	274
1385209	1385216	8	303.38	343	359
1386366	1386414	49	240.41	241.5	274
1386724	1386746	23	337.87	356	363
1387788	1387805	18	100.28	107	114
1389372	1389417	46	412.17	486	523
1390375	1390656	282	224.48	204	441
1392481	1392637	157	45.11	21	144
1396787	1397063	277	144.47	27	528
1397211	1397279	69	56.00	40	118
1397394	1397474	81	4.49	5	6
1397625	1397707	83	11.18	11	15
1397924	1398045	122	261.94	176	551
1399171	1399552	382	165.57	57	1085
1400699	1400839	141	4151.92	3015	8010
1401254	1401416	163	428.64	366	1229
1402020	1402105	86	88.71	85	140
1403595	1403702	108	49.06	46	155
1405373	1405388	16	13.06	14	16
1408446	1408470	25	57.36	54.5	76
1409788	1410010	223	74.76	62	222
1410837	1410846	10	1010.40	1152	1183
1414965	1415079	115	102.77	63.5	236
1415284	1415795	512	60.34	16	382
1415922	1415955	34	7.03	7	10
1416826	1417067	242	225.12	219	559
1419251	1419258	8	243.38	278	282
1419841	1419953	113	73.04	39	246
1420425	1420666	242	150.54	113	524
1422690	1422783	94	0.00	0	0
1423162	1423198	37	0.00	0	0
1424513	1425267	755	0.00	0	0
1426604	1426696	93	0.00	0	0
1426865	1427207	343	0.00	0	0
1439366	1439479	114	525.93	496	994
1441496	1441519	24	350.71	364	382
1442111	1442132	22	547.86	573	616
1442663	1442768	106	65.64	61	98
1443453	1443471	19	105.05	113	119
1443826	1443892	67	130.79	127.5	197
1445306	1445349	44	91.75	96	101
1446235	1446252	18	137.78	143	173
1447129	1447171	43	315.77	322	372
1448360	1448554	195	522.77	439.5	1868
1448629	1448900	272	1303.13	24	6586
1449150	1449431	282	31.27	33	60
1449657	1449705	49	88.67	94.5	99
1450636	1450674	39	58.72	62.5	72
1452847	1452885	39	59.23	61	67
1454530	1454600	71	72.23	75	95
1455552	1455574	23	47.91	49.5	61
1456037	1456471	435	81.41	72	164
1458197	1458432	236	187.34	170	285
1460728	1460729	2	141.50	283	283
1462107	1462134	28	2275.96	2474	2589
1465036	1465108	73	339.90	156.5	1022
1467309	1467550	242	81.94	106	166
1468634	1468765	132	0.83	0	14
1469417	1469656	240	51.53	9	919
1470995	1471139	145	144.92	132	280
1471314	1471379	66	9.17	11	13
1473075	1473254	180	73.62	27	928
1474155	1474156	2	16.50	33	33
1475039	1475107	69	184.90	193.5	226
1476329	1476334	6	266.17	321	328
1478910	1479163	254	176.02	180	230
1479899	1480141	243	7.51	7	114
1480451	1480506	56	30.27	30	41
1481482	1481490	9	15.67	18	18
1482088	1482134	47	17.02	18.5	23
1483614	1483774	161	22.81	20.5	50
1486583	1486756	174	189.30	22	604
1487936	1487950	15	21.87	23	31
1488230	1488288	59	146.80	193	197
1491013	1491182	170	433.19	343	1318
1491324	1491378	55	44.65	42	72
1494340	1494873	534	49.43	16	333
1496368	1496673	306	503.01	461	956
1498069	1498977	909	123.72	37	702
1499803	1499818	16	78.69	84	89
1501794	1502015	222	32.58	30	63
1504518	1504550	33	44.85	46	51
1505289	1505646	358	29.94	25	106
1507924	1508084	161	25.03	24	45
1509075	1509151	77	55.44	61	95
1509434	1509569	136	37.42	39	53
1510104	1510109	6	55.00	66	67
1510524	1510525	2	13.00	26	26
1512106	1512185	80	165.55	167	197
1512594	1512871	278	84.51	35	324
1513181	1513186	6	74.67	91	93
1514318	1514329	12	39.33	42	45
1515053	1515639	587	285.11	245	783
1515841	1515973	133	1133.13	1202.5	2920
1517537	1517563	27	144.41	123.5	306
1519433	1519442	10	79.10	88	88
1520145	1520289	145	38.69	46	87
1520638	1520744	107	20.96	15	142
1522851	1523058	208	75.62	12	407
1524394	1524719	326	97.97	21	2382
1524828	1524946	119	27.11	24	46
1525073	1525084	12	192.75	216	268
1526039	1526099	61	206.92	187	538
1526187	1526356	170	30.76	18	151
1527661	1527680	20	63.30	68	73
1528362	1528407	46	591.89	453	1239
1529152	1529237	86	399.86	435	629
1529871	1530096	226	533.86	256	2792
1530168	1530448	281	112.76	8	731
1532234	1532327	94	814.14	905	1532
1533855	1534340	486	45.51	47	91
1534476	1534516	41	268.49	316	339
1534637	1535302	666	111.75	9	670
1537931	1538004	74	200.91	208	286
1539007	1539044	38	114.21	88	201
1539117	1539253	137	216.19	239.5	353
1539983	1539999	17	31.29	33	35
1540783	1540790	8	32.25	37	38
1541055	1541224	170	1396.10	80	7995
1541272	1541299	28	84.14	86	94
1541567	1541837	271	119.87	130	276
1543071	1543085	15	40.73	44	46
1545608	1545616	9	179.89	203	205
1547794	1547948	155	2429.21	783.5	7993
1548039	1548071	33	5259.88	5319.5	6192
1548348	1548448	101	1784.08	371.5	6794
1549718	1549743	26	105.12	112	125
1550245	1550267	23	477.30	589	658
1552662	1552753	92	810.22	588	1227
1553011	1553487	477	94.93	94	168
1554825	1554961	137	139.51	1	883
1555070	1555218	149	0.00	0	0
1558049	1558169	121	0.00	0	0
1558244	1558247	4	0.00	0	0
1558319	1558330	12	0.00	0	0
1558484	1558612	129	0.00	0	0
1558769	1558826	58	0.00	0	0
1560356	1560608	253	3.64	0	343
1560771	1561166	396	599.75	54	3812
1562796	1562874	79	28.47	28.5	36
1563802	1563810	9	70.44	80.5	85
1565038	1565278	241	223.26	9	1003
1565432	1565489	58	0.00	0	0
1566054	1566353	300	0.00	0	0
1566567	1566591	25	0.00	0	0
1567096	1567239	144	8.65	4	27
1568914	1569132	219	195.53	186	417
1571835	1571856	22	163.55	180	184
1572676	1573209	534	193.92	125	589
1573753	1574321	569	142.97	29	672
1574454	1574604	151	42.22	13.5	171
1575121	1575648	528	58.94	37	716
1578469	1578635	167	47.46	23	120
1579525	1579765	241	101.37	95	199
1583345	1583535	191	233.42	188	437
1584715	1585068	354	65.02	9	2676
1586405	1586613	209	25.96	24	44
1586716	1586884	169	353.77	75	1124
1587170	1587187	18	354.11	376	392
1587356	1587435	80	761.24	753	1169
1587751	1587755	5	355.80	444.5	456
1588269	1588290	22	483.95	506	513
1589257	1589550	294	200.82	203	266
1589689	1589926	238	100.51	89	196
1590994	1591071	78	37.76	34	71
1595561	1595598	38	101.97	128	154
1596985	1597606	622	63.39	25	308
1598943	1599205	263	24.87	24	49
1600664	1600746	83	705.90	1010.5	1263
1600960	1600994	35	477.89	493.5	632
1601613	1601795	183	53.16	53	112
1604277	1604430	154	255.46	250	403
1604521	1604694	174	882.43	353	2284
1604901	1604919	19	918.00	972	1023
1604990	1605025	36	4175.83	4602	5187
1605106	1605476	371	36.89	8	2469
1606323	1606434	112	158.95	23	790
1608376	1608385	10	45.10	51	55
1609574	1609915	342	64.52	46	233
1613141	1613161	21	66.52	69.5	74
1614233	1614268	36	177.17	182	207
1616150	1616241	92	61.26	34	329
1618123	1618252	130	65.24	68	95
1619870	1619987	118	257.28	292	557
1620270	1620526	257	46.56	16	444
1622926	1623144	219	278.71	29.5	1420
1623412	1623452	41	426.61	415	706
1625088	1625475	388	143.16	32	2660
1625560	1625659	100	440.47	199	3898
1625768	1625769	2	39.50	79	79
1629492	1629524	33	79.58	91	96
1632344	1632439	96	58.02	57	71
1635779	1635884	106	82.70	41	325
1636761	1636795	35	115.09	123	127
1637360	1637381	22	20.45	21	24
1638612	1638649	38	107.74	112	143
1639103	1639121	19	14.32	15	16
1640572	1640937	366	52.68	51	202
1641124	1641154	31	1663.68	1504.5	3008
1643363	1643382	20	1078.35	1083	1449
1643503	1643617	115	91.35	90	133
1644464	1644568	105	287.93	259.5	437
1646738	1646779	42	250.88	249	404
1647239	1647273	35	201.20	244	255
1648363	1648371	9	145.11	160.5	174
1649500	1649812	313	219.05	231	684
1649945	1650318	374	820.92	787	1275
1650796	1650822	27	299.37	304.5	350
1651507	1651911	405	141.97	133	426
1653304	1653470	167	101.90	8	1332
1653723	1653918	196	9.82	6	26
1654075	1654444	370	15.21	6	180
1656581	1656598	18	78.67	85	135
1657937	1658038	102	28.67	32	49
1659521	1659566	46	70.41	71	82
1660659	1661049	391	11.49	12	24
1661257	1661500	244	78.58	69	225
1662011	1662095	85	383.49	36	2058
1662432	1662561	130	296.02	262	505
1663567	1663575	9	74.67	86.5	89
1664182	1664290	109	67.20	32	231
1664720	1664797	78	224.97	228	339
1665986	1666100	115	53.44	32	156
1666812	1666904	93	34.18	34	51
1667661	1667823	163	22.90	11	54
1671331	1671372	42	57.10	69	75
1672405	1672502	98	64.89	19	186
1672902	1673033	132	46.30	40	83
1674003	1674015	13	84.31	91	94
1675072	1675538	467	43.00	8	603
1675683	1675763	81	110.86	7	423
1676013	1676037	25	590.64	619	628
1677046	1677060	15	54.00	59	60
1677931	1678018	88	169.16	82	572
1678517	1678547	31	44.32	44	62
1679817	1679818	2	25.00	50	50
1681103	1681142	40	74.53	62	130
1682544	1683499	956	40.42	9	500
1684103	1684706	604	39.41	34	122
1684803	1685164	362	47.26	48	107
1686437	1686728	292	27.88	25	197
1688874	1688982	109	108.28	101	169
1690935	1690967	33	2329.00	2395.5	2490
1692318	1692361	44	216.25	225	247
1694391	1694448	58	78.81	92	98
1695196	1695285	90	28.91	34	39
1696501	1696519	19	39.16	36.5	60
1698497	1698687	191	64.42	62.5	118
1699732	1700386	655	8.12	7	95
1703015	1703023	9	27.00	30.5	31
1704859	1705043	185	24.38	15	76
1705848	1705856	9	32.56	35.5	41
1708320	1708331	12	304.00	334	391
1709073	1709233	161	32.65	6	333
1710347	1710389	43	97.30	92.5	124
1711098	1711103	6	113.00	136	136
1712508	1712739	232	58.63	17	526
1713745	1713773	29	223.14	229.5	260
1715631	1715780	150	214.11	165	696
1715922	1716138	217	16.50	17	32
1716349	1716532	184	9.19	10	27
1717259	1717563	305	98.66	9	488
1718629	1718719	91	9.91	9.5	18
1719770	1719925	156	479.84	433	1129
1720964	1720983	20	68.50	70	80
1722082	1722118	37	21.81	18	41
1726656	1726697	42	77.55	89	95
1729827	1730075	249	29.10	27	53
1731035	1731072	38	19.50	21	25
1732055	1732119	65	145.11	22	644
1732303	1732357	55	12.07	12	16
1732559	1732563	5	366.00	462	498
1733419	1733704	286	387.68	331	1362
1734563	1734937	375	1077.45	61.5	7994
1735604	1735642	39	376.95	391	490
1736876	1736956	81	674.83	176.5	1529
1739132	1739170	39	268.82	280	332
1740551	1740614	64	117.72	134	153
1744681	1744938	258	70.36	72	119
1747714	1748074	361	929.50	57	4234
1748894	1748909	16	122.06	129	139
1749378	1749466	89	18.72	10	69
1749680	1749837	158	21.69	19	69
1749979	1750326	348	169.89	66	718
1750621	1750629	9	471.67	592	627
1750936	1750979	44	118.52	122	140
1751076	1751084	9	310.78	379	393
1752624	1752730	107	150.35	131	458
1754141	1754150	10	133.60	173	178
1755770	1755785	16	93.19	100	104
1756074	1756124	51	98.22	93	163
1756821	1757111	291	314.31	206.5	795
1761411	1761478	68	548.99	546	666
1765286	1765399	114	1798.96	2099	4014
1765775	1765818	44	4166.52	4208	4595
1766341	1766358	18	5171.11	4357	7957
1767055	1767077	23	4031.78	4155	4595
1767513	1767583	71	5380.80	5179.5	6331
1768121	1768144	24	4813.71	4993	5297
1768346	1768360	15	198.13	203	324
1768434	1768506	73	109.55	96	185
1769692	1769761	70	1867.99	1879	3320
1769831	1769862	32	712.88	710	833
1769946	1770087	142	1707.76	597	4170
1771291	1771369	79	6144.54	5567	7968
1771559	1771722	164	1655.17	82	7864
1774243	1774254	12	243.08	270	274
1775572	1775726	155	27.31	20	63
1775916	1776050	135	32.98	17	67
1779602	1779636	35	55.60	59	63
1779790	1779956	167	70.71	36	276
1780779	1780919	141	258.66	146	1599
1781763	1781899	137	301.39	316.5	471
1782284	1782295	12	617.25	607	902
1782749	1783312	564	456.88	37	2616
1783979	1784540	562	113.60	99	296
1784640	1785016	377	9.03	9	17
1785476	1785508	33	134.00	138.5	141
1787441	1787922	482	16.11	11	81
1788481	1788523	43	54.72	57.5	63
1790326	1790390	65	53.28	54	69
1791216	1791218	3	37.33	56	57
1794553	1794615	63	257.86	263.5	425
1795210	1795249	40	82.83	84	102
1795835	1795865	31	2262.87	2487.5	2508
1796319	1796333	15	78.93	82.5	93
1797246	1797294	49	68.35	72	78
1798030	1798060	31	43.48	45	52
1799042	1799171	130	17.28	20	23
1799355	1799421	67	17.60	16.5	26
1801000	1801023	24	20.04	23	31
1801111	1801154	44	9.09	9	11
1801413	1801428	16	724.56	766	813
1802884	1802980	97	55.34	38.5	180
1803731	1803750	20	33.20	34	41
1805845	1805889	45	24.29	25	28
1806916	1806927	12	102.00	112	120
1807531	1807633	103	106.49	99	237
1808225	1808229	5	46.20	58	59
1809697	1809861	165	138.49	76	416
1811059	1811253	195	42.14	19	241
1812590	1813059	470	208.74	12	1530
1813156	1813176	21	439.00	484.5	507
1813516	1813727	212	2909.08	3071	7047
1814271	1814277	7	13.43	16	16
1817635	1817687	53	19.23	19	24
1817838	1817924	87	56.05	6	357
1818492	1818513	22	95.68	81	173
1819414	1819555	142	29.65	11	72
1821068	1821097	30	32.30	33	39
1822055	1822067	13	64.23	68.5	75
1823139	1823203	65	39.38	42	59
1825178	1825856	679	194.79	63.5	1304
1826373	1826407	35	217.89	232	314
1827401	1827443	43	108.74	85	190
1828344	1828446	103	2669.30	1533	7996
1829716	1829811	96	38.10	29	102
1830964	1830985	22	137.68	197	199
1832132	1832158	27	81.33	78	119
1832786	1832790	5	45.40	57	57
1834282	1834484	203	100.90	73	274
1834812	1834936	125	91.09	48	304
1836113	1836143	31	793.81	1104.5	1115
1837248	1837325	78	132.22	149	171
1838412	1838445	34	288.97	296	362
1838827	1839149	323	233.37	29	1240
1840485	1840722	238	9.95	10	16
1843441	1843455	15	47.47	50.5	54
1844725	1844826	102	1969.20	444	7101
1845082	1845111	30	7681.87	7954	7984
1845427	1845489	63	4344.13	4267.5	5931
1845796	1846155	360	10.99	9	77
1847643	1847644	2	17.50	35	35
1849192	1849408	217	94.49	77	336
1849979	1850005	27	428.19	478	491
1852248	1852265	18	537.44	558	645
1853595	1853632	38	270.63	209	423
1854503	1854514	12	193.75	213	214
1854896	1855293	398	418.56	111	1563
1856584	1856749	166	14.66	14	21
1857086	1857148	63	11.67	12	16
1857329	1857679	351	9.07	9	21
1857848	1858022	175	30.93	25	68
1858125	1858200	76	191.32	19	612
1863020	1863036	17	73.18	77.5	83
1863931	1863982	52	78.15	79	92
1865319	1865869	551	549.18	13	3176
1866446	1866585	140	481.93	526	665
1867177	1867197	21	209.29	224.5	255
1867777	1867948	172	178.78	175	514
1869026	1869036	11	169.18	186	188
1870585	1870590	6	51.50	61	64
1871518	1871560	43	78.28	77.5	130
1873034	1873092	59	114.54	115	126
1874032	1874116	85	230.54	99	935
1874372	1874526	155	419.49	11	2093
1876030	1876208	179	23.09	21.5	48
1877544	1877625	82	10.43	11	12
1878295	1878517	223	8.46	10	15
1879892	1879915	24	12.12	13	14
1881242	1881384	143	9.84	9	22
1881487	1881583	97	35.67	38.5	50
1883864	1883932	69	151.45	75.5	360
1884089	1884093	5	18.80	23.5	24
1884529	1884565	37	64.78	65.5	94
1885001	1885089	89	100.99	46.5	263
1887115	1887560	446	26.80	17	132
1889379	1889517	139	361.23	311.5	849
1891897	1891916	20	42.20	44	47
1894440	1894584	145	187.10	181	361
1895464	1895730	267	193.16	26	1908
1895938	1896117	180	20.01	0	82
1897147	1897421	275	746.04	32	5007
1897689	1897806	118	928.39	99	3710
1898752	1898758	7	40.43	48	49
1899873	1900112	240	62.87	25	445
1903056	1903184	129	144.41	132.5	340
1903968	1903981	14	402.00	433	440
1905236	1905247	12	914.00	1004	1053
1905482	1905652	171	1612.72	1501.5	3630
1907269	1907296	28	31.18	34	39
1908836	1908842	7	46.71	55	56
1909164	1909519	356	68.56	58	192
1910195	1910273	79	154.25	11	884
1911294	1911314	21	1054.19	1023.5	1801
1911987	1912050	64	26.34	27	35
1916731	1917127	397	21.95	14.5	118
1917710	1917754	45	302.36	308	333
1918904	1918991	88	172.25	186	209
1919307	1919337	31	210.58	222	255
1920124	1920207	84	141.55	146	181
1920700	1920713	14	51.79	45	97
1920825	1921068	244	15.93	15	93
1922254	1922310	57	112.89	141.5	192
1922932	1922975	44	44.68	49	53
1924161	1924164	4	93.00	124	125
1925640	1925891	252	88.91	83	142
1926959	1926966	8	14.75	17	17
1928302	1928549	248	84.35	78	476
1933719	1934168	450	583.54	66	3317
1935159	1935168	10	40.50	44	48
1936090	1936186	97	34.57	10	91
1936298	1936317	20	12.05	13	14
1936639	1936747	109	7.31	6	20
1944632	1945015	384	296.64	22	2469
1946237	1946353	117	66.73	64	129
1947719	1947823	105	354.58	374	428
1948637	1949265	629	40.72	8	1063
1951387	1951863	477	11.66	11	28
1953535	1953708	174	1359.80	204	8010
1953919	1954139	221	6026.31	7761.5	8009
1954641	1954779	139	2894.75	208.5	7997
1955333	1955414	82	156.44	176	225
1956690	1956816	127	115.82	69	854
1957498	1957667	170	119.98	92	452
1957741	1958307	567	1511.95	559.5	7937
1958917	1959361	445	122.80	84	274
1960499	1960571	73	47.90	46	64
1962673	1962943	271	30.66	11	120
1964224	1964269	46	73.07	75	109
1966289	1966522	234	692.06	673	1263
1966748	1966768	21	772.95	924	955
1967849	1967871	23	254.83	266	279
1968049	1968124	76	319.53	321	384
1968830	1968860	31	558.10	481	989
1969404	1969657	254	210.71	235	454
1971944	1972304	361	432.58	197.5	1883
1972779	1972835	57	515.72	537.5	574
1975259	1975276	18	246.94	237	420
1976594	1976607	14	251.57	271	273
1978360	1978371	12	94.42	104	112
1979308	1979313	6	98.00	117	122
1979902	1979943	42	4689.57	5412	6765
1980082	1980094	13	10.62	11.5	12
1980350	1980601	252	20.19	13	350
1981871	1981952	82	168.00	159	265
1984836	1984960	125	87.89	60	399
1985135	1985157	23	7553.65	7987.5	7998
1985944	1986092	149	2715.99	369	7960
1988871	1988923	53	37.68	36	50
1993228	1993780	553	89.27	29	601
1995475	1995493	19	20.79	21	24
1997528	1997646	119	78.39	36.5	293
1998916	1999340	425	5.61	6	11
1999434	1999733	300	2.22	0	10
1999970	2000159	190	6.89	7	10
2000295	2000299	5	33.40	41	45
2000678	2000705	28	101.11	96	153
2003105	2003121	17	120.94	126	145
2005239	2005266	28	80.25	78	120
2006044	2006058	15	360.20	383.5	400
2007190	2007397	208	33.03	27	304
2007899	2007914	16	65.94	71	73
2009547	2009556	10	71.50	80	81
2010010	2010092	83	294.11	69.5	1276
2010444	2010610	167	164.84	122	456
2011106	2011246	141	256.79	15	2473
2012405	2012646	242	47.97	47	72
2013829	2013959	131	127.07	126.5	258
2014128	2014142	15	47.67	43	71
2017957	2018734	778	155.23	16	854
2019254	2019506	253	471.07	338	1277
2020170	2020207	38	43.74	49	56
2020379	2020568	190	94.52	14	556
2022546	2022888	343	38.38	7	274
2024255	2024268	14	36.21	39	42
2025094	2025124	31	120.23	106	164
2026481	2026625	145	250.79	49.5	679
2028084	2028136	53	72.62	80	91
2029154	2029166	13	25.31	23	43
2030175	2030209	35	87.03	88	115
2031650	2031684	35	228.51	243	255
2031778	2031864	87	315.44	358	447
2032418	2032471	54	108.31	97	175
2034563	2034568	6	55.17	66	67
2036654	2036818	165	141.85	58	355
2038037	2038117	81	43.16	10.5	227
2039761	2039903	143	354.69	264.5	802
2040564	2041167	604	42.87	10	612
2041603	2041637	35	78.66	80	108
2048420	2048525	106	259.10	265	354
2048985	2049046	62	220.03	206	320
2050442	2051008	567	309.75	231	1285
2051108	2051587	480	175.63	179	248
2052359	2052464	106	77.51	82	114
2054787	2055064	278	86.94	37	278
2055122	2055212	91	180.15	107.5	362
2056500	2056630	131	152.08	137	270
2057884	2057917	34	102.53	104	114
2060343	2060377	35	66.29	68	84
2061323	2061409	87	40.03	35	71
2061968	2062006	39	51.74	52	64
2062724	2062808	85	40.52	20	252
2064798	2065010	213	37.69	26.5	108
2065314	2065476	163	6.21	6	11
2066544	2067080	537	1457.32	1606.5	3367
2067924	2068224	301	631.00	648.5	1108
2068867	2068914	48	0.00	0	0
2069413	2069521	109	111.13	66	388
2070002	2070009	8	1234.75	1431	1474
2071000	2071014	15	3857.33	4136.5	4182
2071618	2071779	162	3090.61	3539	5072
2072164	2072177	14	764.43	821	850
2072556	2072590	35	1250.00	1316.5	1405
2072705	2072723	19	1299.89	1380.5	1582
2072940	2072944	5	751.20	939.5	944
2073728	2073729	2	768.50	1537	1537
2075068	2075074	7	4651.57	5443	5484
2075519	2075546	28	882.18	891	1066
2075721	2075742	22	842.50	748	1186
2076259	2076266	8	387.62	445	457
2076609	2076629	21	1405.71	1476.5	1826
2077179	2077199	21	402.38	428.5	455
2077593	2077645	53	332.28	347.5	438
2077913	2077916	4	5884.75	7848	7854
2078475	2078476	2	575.00	1150	1150
2078795	2078819	25	484.36	486.5	570
2079183	2079186	4	321.50	429	430
2079439	2079454	16	854.38	1043	1115
2079647	2079654	8	303.00	344	358
2080087	2080109	23	268.26	307.5	343
2080848	2080856	9	679.56	771	777
2081259	2081315	57	634.44	710	733
2081583	2081607	25	236.84	238.5	274
2082430	2082438	9	1122.00	1259.5	1290
2082730	2082746	17	312.88	315.5	389
2083374	2083375	2	842.50	1685	1685
2083991	2084015	25	644.56	672.5	685
2084319	2084336	18	256.72	272	277
2086458	2086472	15	299.67	319.5	340
2086947	2087185	239	330.02	326	514
2087588	2088186	599	226.88	9	2671
2089471	2089678	208	72.39	10	343
2090936	2090959	24	92.25	122	135
2095675	2095701	27	20.19	20	34
2097121	2097130	10	94.40	105	107
2097290	2097399	110	72.46	77	100
2098402	2098574	173	281.53	48	919
2098851	2098865	15	87.20	90.5	116
2100024	2100405	382	28.46	14	243
2102104	2102133	30	103.30	112	124
2102779	2102843	65	69.66	51	158
2103777	2103782	6	109.17	130	137
2104800	2104900	101	175.26	132	354
2105441	2105522	82	142.90	64	308
2106816	2107356	541	937.73	190.5	8012
2107504	2107524	21	6655.43	6953.5	7977
2107711	2107732	22	7557.05	7921	7959
2107970	2108194	225	2001.22	87	7987
2110460	2110658	199	125.26	88.5	435
2111268	2111396	129	109.91	114	241
2111547	2111696	150	31.70	9	115
2116425	2116529	105	24.99	19	48
2117412	2117697	286	138.24	140	335
2117821	2118395	575	125.01	119	222
2121303	2121868	566	431.69	185	1891
2122919	2123711	793	1839.82	1720	5263
2124774	2125015	242	16.31	12	40
2126066	2126434	369	185.34	42	906
2128555	2128565	11	57.00	60.5	74
2128734	2129006	273	3042.17	491.5	8022
2129175	2129519	345	165.12	166	431
2129626	2129644	19	316.63	335	356
2129649	2129651	3	232.67	349	350
2146497	2146499	3	264.00	396	399
2146504	2146519	16	402.44	436	448
2146554	2146687	134	28.59	25	51
2146796	2146957	162	11.64	12	17
2147246	2147267	22	24.86	30	36
2148024	2148081	58	46.88	47	57
2151705	2151762	58	12.83	14	22
2153639	2153654	16	36.44	38	47
2154834	2154837	4	23.50	31	32
2156416	2156422	7	67.71	78.5	84
2157665	2157682	18	143.61	153	159
2157917	2157920	4	147.00	182	235
2159502	2159809	308	38.44	14	111
2159981	2160243	263	13.25	12	37
2162119	2162151	33	23.76	20.5	40
2163952	2163960	9	28.67	31.5	35
2164411	2164417	7	27.57	32.5	34
2165622	2165664	43	40.28	41	47
2165824	2165934	111	114.02	141	208
2166907	2166966	60	56.87	29	303
2167603	2167625	23	22.13	22	27
2169637	2169654	18	45.94	43	63
2170369	2170431	63	212.00	148.5	434
2171773	2171918	146	44.38	17	467
2172909	2173006	98	8.91	10	16
2173112	2173419	308	467.82	332	1337
2173777	2173876	100	276.69	251	425
2173994	2174085	92	101.86	111	177
2176585	2177156	572	29.53	16	524
2177892	2177966	75	90.13	53	386
2179713	2179818	106	142.22	113	281
2179918	2180085	168	192.61	42	596
2181473	2181483	11	10.91	12	12
2189399	2189609	211	117.81	125.5	221
2189871	2189872	2	54.50	109	109
2191393	2191512	120	475.63	365	1001
2192569	2192591	23	169.48	172.5	230
2193885	2193897	13	82.23	88.5	97
2196016	2196034	19	244.58	255.5	289
2196620	2196628	9	682.44	792	801
2197292	2197941	650	31.92	22	931
2199862	2199876	15	84.53	91	96
2202418	2202584	167	107.00	65.5	282
2203554	2203779	226	199.85	205	381
2203854	2204101	248	166.88	47	676
2209211	2209653	443	687.13	11	4601
2209901	2210018	118	109.12	16	310
2210535	2210565	31	58.55	61	66
2211088	2211098	11	113.55	124.5	128
2211606	2211614	9	71.22	80	81
2214192	2214762	571	35.17	28	78
2215396	2215465	70	425.69	70	3413
2215859	2215887	29	240.41	244.5	276
2218399	2218434	36	77.81	81	88
2219821	2219929	109	131.27	116.5	195
2220719	2220922	204	190.48	17	1434
2221598	2221631	34	28.94	36	42
2222541	2222611	71	24.14	24.5	42
2223277	2223418	142	10.04	10	17
2223893	2224255	363	26.10	12	108
2224985	2225114	130	17.77	17	25
2226630	2227222	593	15.00	8	108
2228375	2228394	20	3571.25	3777	3850
2229148	2229413	266	120.37	112	268
2233056	2233148	93	89.84	83	139
2233527	2233541	15	514.73	554	558
2233917	2234174	258	675.38	686	2463
2234448	2234675	228	2514.81	16	7997
2235567	2235597	31	39.84	41	50
2236249	2236356	108	493.42	77	2623
2237026	2237093	68	1136.34	1153	1533
2238072	2238676	605	2488.09	1998	7748
2238750	2238975	226	242.08	8	2273
2239447	2239545	99	47.30	49.5	75
2240731	2241052	322	21.50	23	40
2241161	2241192	32	149.34	156	166
2243997	2244147	151	63.53	24.5	199
2245828	2245862	35	149.49	148	189
2247045	2247046	2	115.00	230	230
2247638	2247653	16	41.62	45	48
2248035	2248043	9	21.33	23	31
2248224	2248329	106	18.26	19	22
2249809	2249815	7	21.14	25	25
2251856	2251955	100	19.13	18	29
2253132	2253150	19	28.05	31	40
2256268	2256289	22	32.55	35	40
2257626	2258006	381	248.23	200	580
2258424	2258497	74	24.65	21	66
2260010	2260016	7	217.71	261	275
2260806	2260807	2	34.00	68	68
2263222	2263316	95	171.05	168.5	608
2264145	2264163	19	393.21	413	427
2265220	2265273	54	163.37	157	214
2266438	2266468	31	165.42	181.5	200
2267408	2267642	235	150.60	50	1088
2269613	2269629	17	43.53	11	139
2269906	2270123	218	21.44	10	237
2272107	2272170	64	493.25	513	594
2273071	2273078	8	282.38	324	325
2273862	2273959	98	44.28	28	205
2275157	2275158	2	20.50	41	41
2276602	2276622	21	453.43	553.5	616
2278435	2278582	148	129.09	134	170
2279222	2279402	181	129.64	123.5	264
2280618	2280767	150	22.87	24	29
2280924	2281342	419	9.16	8	22
2281405	2281648	244	332.57	13	5386
2282126	2282256	131	338.39	57	1338
2283529	2283532	4	41.50	56	56
2284712	2284716	5	29.00	37	37
2285710	2285760	51	60.12	57	87
2287264	2288181	918	156.69	75	982
2290828	2291149	322	285.38	222	847
2294378	2294908	531	37.15	10	307
2297082	2297139	58	0.00	0	0
2297296	2297424	129	0.00	0	0
2297578	2297589	12	0.00	0	0
2297661	2297664	4	0.00	0	0
2297739	2297859	121	0.00	0	0
2300690	2300838	149	0.00	0	0
2300947	2301151	205	1963.22	94	8032
2306202	2306215	14	176.21	190	195
2306945	2306952	8	48.75	56	58
2307409	2307432	24	67.96	69	84
2308528	2308573	46	206.57	242	281
2309627	2309719	93	58.69	46	214
2310776	2310790	15	111.87	128.5	133
2311193	2311198	6	10.33	13	13
2311403	2311409	7	94.00	110	110
2312772	2312834	63	105.73	94.5	155
2313321	2313368	48	100.00	100	115
2314170	2314203	34	13.59	15	16
2314303	2314395	93	10.30	11	17
2315191	2315402	212	1120.98	87	5290
2316282	2316525	244	254.16	192	1106
2320545	2320582	38	279.37	353	360
2321150	2321256	107	215.35	210	395
2321707	2322231	525	38.46	11	297
2327896	2327911	16	756.12	812	820
2328854	2328990	137	95.58	93	253
2330605	2330880	276	274.62	75	1160
2331898	2332149	252	209.07	171	728
2332402	2332427	26	76.08	80	85
2335287	2335413	127	507.72	105.5	3389
2335495	2335528	34	378.38	371	515
2335612	2335701	90	1108.18	1256	1630
2335775	2335962	188	636.48	344	1399
2336245	2336327	83	3077.82	1392	6675
2336508	2336701	194	1158.06	69	7287
2338052	2338088	37	240.54	286	302
2339172	2339248	77	92.38	9	434
2340977	2341151	175	36.23	12	237
2343054	2343109	56	51.12	52	58
2344448	2344476	29	51.59	55	58
2345938	2346131	194	76.84	80	114
2346200	2346589	390	14.88	16	79
2346740	2346975	236	9.42	10	23
2348308	2348357	50	35.66	35	46
2349222	2349262	41	22.63	21	39
2350229	2350372	144	238.73	22	635
2351256	2351337	82	14.52	16	19
2353558	2354886	1329	37.52	24	567
