#start	end	length	mean	median	max
1	113	113	9.42	10	20
1695	2072	378	4.42	0	58
3150	3903	754	1.07	1	11
4333	4422	90	4.02	4	7
4963	5004	42	5.93	4	23
5369	5559	191	1.82	1	22
5941	6133	193	1.87	2	8
7337	7341	5	0.80	1	1
7765	7975	211	199.18	14.5	1252
8549	8559	11	6.82	7.5	8
9067	9330	264	1.68	1	4
10135	10651	517	0.78	1	4
10934	11088	155	1.95	2	4
11380	11424	45	3.84	3.5	8
11965	11982	18	170.28	186	250
12244	12299	56	4.20	4	6
12809	13128	320	11.61	8	40
13249	13348	100	3.30	3	6
13664	14121	458	12.09	2	778
14929	15008	80	20.16	18	34
15180	15369	190	4.12	2	14
16644	17173	530	2.49	2	11
18818	18843	26	21.92	21	32
19423	19639	217	8.35	3	147
21275	21410	136	5.78	0	88
22011	22320	310	4.78	2	18
22978	23134	157	0.69	1	2
23687	23790	104	3.29	3	7
24853	24985	133	3.73	1	55
25097	25223	127	0.45	0	1
26504	26518	15	18.93	21	23
27095	27313	219	96.72	7.5	524
28016	28081	66	0.68	1	1
28508	29047	540	1.36	1	6
29534	30031	498	1.19	1	3
30473	30476	4	4.50	6	6
31017	31029	13	55.77	60	62
31207	31291	85	4.20	0	61
33219	33412	194	6.58	6	13
34283	34365	83	22.23	9.5	166
35698	35825	128	31.91	1	166
36763	36794	32	7.50	8	11
37473	37496	24	77.29	81	85
38043	38118	76	12.17	10	23
41185	41322	138	0.99	1	2
48913	49122	210	2.82	2	8
50491	50497	7	13.57	15.5	18
51053	51064	12	22.83	26	26
52169	52204	36	55.31	59	71
52997	53154	158	6.89	4	118
53908	54270	363	4.33	1	67
58786	58881	96	9.96	3	35
60260	60288	29	0.97	1	1
61474	61701	228	1.86	1	6
62206	62375	170	6.03	3	28
63479	63504	26	5.62	6	8
64174	64181	8	27.50	32	32
65196	65475	280	0.54	0	2
66349	66750	402	3.93	2	36
66877	67138	262	15.16	4	131
67607	67614	8	2.38	3	3
69190	69216	27	24.67	25	28
71197	71463	267	2.70	2	25
73018	73149	132	0.37	0	2
74988	75091	104	1.63	1	3
76064	76071	8	20.62	24	24
76882	76888	7	110.86	129.5	136
77555	77575	21	79.33	83.5	96
78725	78876	152	5.99	3	14
79381	79387	7	211.86	248.5	252
79922	79935	14	9.79	11	14
82240	82241	2	46.00	92	92
83770	83786	17	20.00	21.5	26
85032	85066	35	48.06	52	61
85772	86043	272	20.26	2	106
87259	87322	64	0.45	0	1
88037	88044	8	4.50	5	6
88822	88950	129	83.22	5	327
89236	89334	99	3.81	2	42
90709	90796	88	4.64	4	7
91406	91444	39	2.49	3	3
92708	92723	16	6.25	6	9
93312	93406	95	0.43	0	1
94121	94179	59	5.93	3	33
94942	94949	8	31.25	37	38
96074	96101	28	6.96	9	10
96983	97102	120	0.00	0	0
97853	97858	6	6.17	8	8
98801	98811	11	4.73	5	6
99115	99121	7	44.57	51	55
99572	99589	18	30.61	29	43
100682	100729	48	6.81	4	29
100800	100856	57	1.70	2	4
101895	101898	4	23.50	32	32
102550	102568	19	26.05	27.5	31
102944	103097	154	5.31	2	44
103305	103373	69	28.09	2	277
104343	104399	57	1.26	2	2
104592	104808	217	0.79	1	1
107407	107565	159	1.99	2	6
110023	110042	20	2.85	3	3
111267	111293	27	2.04	2	3
112611	112658	48	4.44	5	7
113841	113928	88	12.02	3	103
115207	115302	96	3.32	1	15
115702	115742	41	3.46	3	13
119714	119845	132	13.88	3	55
121355	121375	21	8.52	9.5	10
122432	122495	64	5.42	6	8
123246	123445	200	4.73	2	20
123590	123876	287	187.85	4	1567
124390	124392	3	10.67	16	17
125065	125198	134	1.72	0	16
125913	125920	8	24.25	28	28
126458	126463	6	33.00	40	40
126899	127251	353	2.89	2	17
127459	127595	137	9.26	1	43
128079	128081	3	4.00	6	6
128499	128535	37	7.22	7.5	9
129565	129634	70	3.70	4	7
130712	130961	250	8.62	0	176
131736	131762	27	6.26	7	8
133284	133362	79	1.53	1.5	3
134416	134770	355	4.64	2	34
135152	135166	15	10.13	11	11
135899	135916	18	9.61	9	17
136457	136461	5	9.60	12	12
137140	137148	9	39.11	44	46
137953	138071	119	2.17	2	6
138819	138849	31	1.39	0	9
139276	139279	4	0.75	1	1
140147	140234	88	1.19	1	2
141849	142122	274	50.01	32	227
143251	143268	18	116.06	86	242
144058	144428	371	9.53	3	356
144609	144629	21	6.52	5	11
144759	144839	81	4.02	3.5	7
146202	146328	127	6.54	3	37
147559	147588	30	37.80	39	45
148606	148615	10	49.60	55	60
149099	149112	14	24.36	26	29
149326	149345	20	13.15	13	50
149652	149794	143	0.85	1	3
150392	150479	88	1.39	1	2
150939	150952	14	2.71	3	3
152378	153362	985	1.25	1	5
153489	154299	811	1.23	1	3
154432	155731	1300	1.80	1	13
155993	155999	7	2.57	2	5
156966	156982	17	1.47	2	2
157487	157489	3	1.33	2	2
159692	159702	11	8.45	9	11
160321	160323	3	5.33	8	8
161308	161312	5	47.40	59	60
162669	163005	337	1.56	1	7
163732	163774	43	2.65	3	4
166085	166518	434	1.01	0	16
166645	166877	233	0.68	0	4
175515	175917	403	0.58	0	5
177202	177221	20	22.05	23	26
178695	178706	12	13.83	15	17
179376	179559	184	0.66	0	13
179908	180104	197	64.88	57	165
180516	180674	159	35.05	34	64
181065	181080	16	48.62	52	57
181504	181737	234	4.85	3	34
181903	181984	82	253.28	240	405
182213	182739	527	156.39	2	1992
183220	183235	16	61.38	66	69
183926	183941	16	15.19	16	17
184227	184383	157	25.74	25	57
184984	184997	14	3.71	4	5
185115	185164	50	733.18	775	1120
185321	185434	114	166.05	6	1552
186047	186158	112	16.21	1	198
187188	187210	23	4.04	4	5
188812	188903	92	32.47	26	57
189057	189069	13	94.38	106	123
189376	189391	16	25.38	28	31
189899	189912	14	29.50	32	33
190641	190662	22	131.05	138	147
191068	191237	170	122.32	110	280
191628	191639	12	18.83	18	30
192852	192920	69	51.16	45.5	119
193305	193348	44	103.89	108	164
195137	195156	20	88.25	93	104
195765	195781	17	316.41	402.5	420
195986	196020	35	178.77	191	227
196390	196957	568	58.77	42	252
197480	197495	16	10.75	11	14
197781	197815	35	7.77	8	11
197993	198129	137	1.80	2	6
198479	198700	222	26.97	4	152
199613	199963	351	1.74	1	6
200159	200419	261	110.13	1	5540
201614	201660	47	1.47	1.5	2
202318	202319	2	1.50	3	3
203295	203516	222	7.26	4	24
204030	204124	95	2.26	2	10
204833	204963	131	5.89	2	128
209452	209883	432	11.66	1	174
211537	211729	193	50.78	1	512
212738	212827	90	1.43	1	3
214049	214257	209	5.66	1	133
214411	214510	100	16.46	16	22
214907	214915	9	2.78	3	4
215752	215755	4	5.25	7	7
216956	216958	3	14.67	22	22
217817	217834	18	17.72	19	23
218558	218669	112	8.00	1	55
219885	220074	190	0.98	1	2
220747	220758	12	3.75	3	6
221371	221404	34	386.79	443	472
221741	221754	14	2936.00	3056	3591
222970	223274	305	89.50	2	774
223587	223594	8	17.50	20	20
224819	224830	12	6.42	7	7
225377	225379	3	16.67	25	25
225941	225964	24	9.00	9	14
226718	226731	14	16.43	18	21
228129	228132	4	73.00	98	98
228835	228861	27	72.81	77	93
229756	229788	33	17.70	18	23
230488	230517	30	63.27	59	133
231268	231964	697	18.41	4	241
233019	233135	117	1.15	1	4
233409	233633	225	4.18	3	17
234351	234362	12	11.75	12	20
234969	235048	80	3.38	3	11
235580	235768	189	2.33	1	7
237131	237140	10	31.30	35	38
237432	237688	257	58.98	30	211
237890	238414	525	1.08	1	3
238700	238771	72	14.93	8	39
239975	240142	168	1.48	1	3
241115	241126	12	9.92	11	11
242536	242539	4	7.00	9	10
244796	244827	32	15.75	16	28
245323	245554	232	7.09	4	25
245945	246140	196	74.45	4	1776
246507	246524	18	10.11	11	12
247710	247745	36	7.42	7	18
249042	249361	320	3.83	1	15
255557	255773	217	12.62	1	80
256296	256305	10	9.20	10	11
257650	257687	38	3.84	3	6
257757	257812	56	2.64	3	3
258194	258205	12	49.92	57	58
258917	259009	93	55.35	13	158
259955	260105	151	3.75	4	6
260736	260741	6	3.83	5	5
262056	262149	94	1.02	1	2
262876	262972	97	1.54	1	3
265688	266139	452	1.19	0	46
266497	266524	28	8.96	10	14
268184	268295	112	1.19	1	2
268476	268480	5	1.60	2	2
268892	269014	123	0.65	1	3
270467	270717	251	1.73	2	4
272494	272749	256	11.35	0	145
275897	275951	55	1.98	1	5
276168	276180	13	5.00	5	7
276844	276866	23	20.26	16.5	40
278345	278498	154	2.53	1	32
279906	279918	13	13.00	14	15
280591	280593	3	11.33	17	17
281332	281337	6	0.83	1	1
282094	282106	13	24.08	26	28
282845	283016	172	2.35	1	44
283950	283969	20	31.45	33	35
286091	286103	13	751.54	813	877
286362	286538	177	240.81	2	1973
287367	287371	5	3.20	4	4
287696	287757	62	9.79	3	95
288181	288213	33	6.55	7	8
288766	288980	215	540.66	3	2217
289377	289658	282	30.08	1	186
291276	291335	60	5.63	5	9
293167	293180	14	6.50	7	8
294111	294114	4	4.50	6	6
294727	294741	15	6.93	7	8
295375	295389	15	17.47	16.5	34
296212	296281	70	6.44	5	33
297239	297250	12	13.75	15	17
298142	298163	22	15.73	16	18
299208	299214	7	15.29	18	19
300574	300581	8	26.75	31	33
301623	301626	4	14.00	19	19
303195	303235	41	10.29	9.5	23
303626	303638	13	10.62	11.5	13
303936	303948	13	6.38	7	7
304204	304213	10	17.60	20	22
305072	305081	10	31.20	35	36
305295	305304	10	15.10	16	20
305974	305982	9	17.44	19.5	25
306676	306677	2	12.00	24	24
307788	307799	12	28.83	26	63
308049	308055	7	37.14	43	44
308551	308552	2	26.50	53	53
308928	309034	107	4.14	4	13
309962	309975	14	4.14	3	8
310348	310576	229	2.17	1	11
311135	311156	22	16.50	16	21
312825	312835	11	27.91	29.5	36
313073	313079	7	42.86	50.5	52
314178	314192	15	21.47	23	25
315651	315668	18	35.50	38	40
316977	316991	15	38.47	42.5	45
318855	319021	167	1.44	1	5
319223	319367	145	8.20	6	17
319581	319692	112	5.78	6	9
319945	320062	118	5.62	4	20
320246	320358	113	1.40	1	20
321271	321471	201	20.56	20	45
321958	322235	278	0.92	1	3
323439	323684	246	1.60	1	40
324514	324534	21	27.43	29.5	33
325459	325548	90	2.70	3	4
326722	326731	10	3.60	4	4
328177	328188	12	27.33	30	31
329659	329752	94	25.93	24	199
329870	330028	159	1015.12	716	2689
332856	332874	19	7560.00	7992.5	7998
332995	333326	332	2077.10	1918	7519
333398	333480	83	646.07	862.5	1268
334961	335520	560	1501.23	1	7881
336556	336586	31	6.48	6.5	9
337286	337766	481	18.40	13	67
339027	339224	198	14.76	2	67
339705	339707	3	2.00	3	3
340140	340183	44	36.82	37	59
341405	341461	57	35.46	23	186
341900	341985	86	10.93	6	38
343420	343452	33	7.12	7	10
344533	344604	72	4.47	5	6
346128	346186	59	14.64	8	32
346952	346969	18	2.61	2	5
347426	347510	85	1.92	2	3
347976	348467	492	6.79	2	48
348591	348885	295	26.72	2	181
350928	350949	22	68.41	71	135
351622	351636	15	42.53	45.5	48
353127	353382	256	6.64	2	43
353845	353952	108	35.18	15	257
354952	354954	3	10.00	15	15
356431	356465	35	3.77	3.5	8
357342	357605	264	4.98	3	20
359326	359334	9	13.78	15.5	16
359950	360320	371	79.68	19	371
361539	361564	26	7.58	7	16
361796	361885	90	27.26	28	43
364104	364180	77	8.10	6	53
364922	364933	12	17.50	19	24
365282	365441	160	6.88	2	41
366864	367504	641	509.63	192	2761
369116	369235	120	6.37	3	36
370535	370547	13	48.31	52.5	54
370977	370997	21	3.81	4	5
371319	371347	29	54.38	37	114
371624	371683	60	12.17	10	36
372266	372270	5	15.60	19.5	21
374167	374284	118	13.12	4	77
375764	375777	14	22.21	23	26
377499	377700	202	0.77	1	2
378916	379090	175	7.91	3	26
381054	381122	69	1.96	2	4
381786	381931	146	1.10	1	2
382556	382560	5	1.60	2	2
383302	383469	168	2.62	1	33
384052	384069	18	7.11	7	9
385762	385775	14	2.50	2	4
386565	386762	198	1.95	1	43
387516	387526	11	1.82	2	2
387974	387981	8	31.12	36	36
389029	389240	212	12.20	1	77
390183	390201	19	34.89	37.5	41
390757	390770	14	12.00	15	15
391212	391476	265	6.77	1	50
395719	396168	450	0.25	0	1
397297	397452	156	0.81	1	1
397939	397942	4	26.50	35	36
399317	399490	174	1.36	1	3
400166	400180	15	11.67	12	15
400970	400987	18	14.56	16	21
401177	401188	12	9.92	11	13
401510	401513	4	2.25	3	3
403194	403231	38	2.53	2	4
404312	404350	39	0.77	1	1
406253	406266	14	2.36	3	3
407197	407246	50	59.82	63	71
407532	407663	132	12.57	3	149
408399	408849	451	24.70	8	171
410107	410121	15	6.73	7	8
411028	411122	95	15.32	5	184
411726	411769	44	3.43	4	5
412157	412227	71	5.75	2	41
412297	412332	36	6.03	6	7
413638	413790	153	2.12	2	5
414484	414511	28	296.04	304	421
415898	415902	5	243.20	296.5	440
419120	419133	14	105.86	115	123
419758	419773	16	241.62	256	289
420257	420312	56	88.84	68	197
422314	422326	13	222.69	241	256
422639	422916	278	4.77	1	113
423262	423333	72	1.44	1	4
423667	423671	5	2.40	3	4
424008	424016	9	4.44	5	5
424521	424528	8	10.00	11	12
425333	425381	49	3.63	2	9
426252	426258	7	3.43	4	4
427159	427166	8	16.50	19	20
428562	428628	67	11.42	11	16
429118	429119	2	35.50	71	71
430029	430239	211	7.25	1	150
431503	431566	64	9.91	1	62
432506	432512	7	16.86	20	20
433655	433717	63	8.83	9	12
434057	434201	145	22.78	17.5	120
435774	436251	478	1.99	1	14
436732	436859	128	3.51	3	8
437076	437077	2	0.50	1	1
437630	437901	272	0.38	0	1
440980	441305	326	6.19	3	35
442014	442026	13	2.00	2	3
442744	442749	6	7.50	9	9
443512	443596	85	3.85	2	8
444002	444206	205	42.85	3	274
444927	444930	4	5.25	7	7
446341	446413	73	0.66	1	2
447728	447738	11	0.91	1	1
448657	448723	67	1.15	1	2
449765	450035	271	43.22	5	188
450786	451071	286	22.97	2	99
451198	451213	16	4.75	5	7
451931	451939	9	3.67	4	5
452174	452198	25	10.92	12.5	16
452955	452974	20	6.30	7	7
453200	453329	130	10.69	4	33
453891	453899	9	73.44	83.5	93
455097	455105	9	7.78	8.5	10
456764	456769	6	1.67	2	2
457232	457245	14	17.07	21	23
458083	458140	58	25.81	24	42
458564	458608	45	638.60	869.5	1048
459764	459973	210	272.66	14	1656
460565	460569	5	17.20	27	27
463744	463785	42	12.86	10	31
464866	464941	76	20.09	4	98
465602	465607	6	4.83	6	6
466436	466504	69	0.75	0	3
467405	467408	4	8.25	11	11
468150	468156	7	26.71	29.5	36
469072	469106	35	1.51	2	2
469383	469389	7	2.29	3	3
470392	470433	42	0.00	0	0
471690	471789	100	3.03	1	62
472486	472533	48	11.46	12	16
474194	474284	91	6.13	2	23
476883	476896	14	11.29	13	13
477362	477369	8	12.62	15	16
477736	477750	15	15.47	15.5	21
478156	478160	5	7.20	9	9
479250	479449	200	3.98	0	97
479987	479992	6	8.67	11	11
481042	481180	139	6.39	1	57
483179	483286	108	3.23	2	21
483692	483714	23	8.57	8	13
484765	484772	8	6.00	7	8
485730	485735	6	13.67	17	17
485943	486238	296	1.83	1	91
487622	487642	21	18.90	15.5	40
488468	488476	9	73.11	80	92
490079	490089	11	29.27	32	38
491640	491646	7	12.43	15	15
492223	492403	181	0.61	1	1
493880	494113	234	1.06	1	22
498987	499043	57	1.04	1	2
500994	501034	41	4.98	6	7
502685	502948	264	2.10	2	3
504419	504495	77	7.34	5	15
505746	506024	279	0.91	1	2
506709	506885	177	25.52	3	180
507774	507817	44	1.95	2	2
508562	508687	126	0.83	1	1
508985	509065	81	0.98	1	2
509492	509744	253	0.64	1	2
509901	510120	220	0.91	1	2
510646	510706	61	2.74	2.5	4
511778	511888	111	1.61	2	2
512249	512567	319	1.87	2	5
512880	512961	82	0.98	1	1
513859	514089	231	1.21	1	4
515542	516110	569	1801.43	5	8015
516230	516294	65	75.23	52	564
516411	516560	150	665.37	664	2586
519380	519406	27	7686.78	7992	7999
519527	520013	487	2381.43	1950.5	7575
521495	522157	663	1055.19	2	7226
523121	523152	32	9.59	9	14
523942	524135	194	1.42	1	3
525216	525254	39	1.51	2	2
526545	526685	141	7.25	1	121
527166	527192	27	8.93	9	11
529803	529814	12	2.67	3	5
530274	530284	11	1.82	2	2
531149	531151	3	36.67	55	55
531353	531359	7	15.29	17.5	19
532275	532285	11	7.36	8	9
533441	533456	16	13.88	15	17
534312	534387	76	3.54	3	25
535990	536207	218	4.30	1	150
536730	536757	28	74.93	67	129
536998	537011	14	74.93	75	99
538155	538159	5	61.40	76.5	82
539024	539039	16	53.38	53	68
539541	539556	16	60.69	46	135
539800	539894	95	2.51	2	6
540738	540771	34	1.94	2	2
541462	541473	12	7.75	8	10
542221	542226	6	5.83	7	7
543945	543962	18	6.00	6	7
544770	544935	166	0.77	1	2
545815	545822	8	10.38	11	13
546624	546723	100	8.41	9	22
548224	548735	512	1342.16	1	8013
549747	549899	153	19.35	4	261
550896	550907	12	11.67	13	13
551385	551391	7	10.29	12	12
552175	552177	3	2.67	4	4
552871	552921	51	6.84	5	20
554111	554164	54	0.98	1	1
554235	554272	38	14.03	12	22
554353	554530	178	11.42	14	43
554696	554716	21	7.71	8	10
555503	555517	15	7.27	8	8
556802	556840	39	0.64	1	1
557882	558120	239	60.78	19.5	326
558757	558759	3	52.67	79	80
559063	559128	66	7.26	7	13
559957	559974	18	4.72	5	6
561008	561045	38	72.71	69	100
561274	561508	235	236.74	114	841
563522	563897	376	99.41	3	658
564048	564708	661	338.21	54	2524
564820	565048	229	6.88	6	39
565763	566045	283	9.09	5.5	39
566988	566999	12	6.00	8	9
567720	567746	27	4.81	5	6
568467	568477	11	6.36	7	8
569393	569402	10	0.90	1	1
570867	570981	115	0.24	0	1
573183	573302	120	1.47	1	8
573774	574012	239	2.83	2	15
575216	575322	107	1.39	1	2
575590	575616	27	378.00	377	789
575776	575778	3	274.00	411	424
576349	576502	154	7.30	7	13
576839	576966	128	8.56	2	50
577327	577477	151	2.23	1	18
579628	579634	7	131.14	149	188
580388	580392	5	7.40	9	10
581578	581648	71	3.65	2	20
582351	582392	42	2.29	2	4
582972	583033	62	1.52	0	13
583840	583980	141	6.54	5	20
585073	585247	175	15.56	1	68
596300	596581	282	17.98	3	122
597725	597728	4	7.50	10	10
598914	599035	122	3.52	3	5
601727	601907	181	1.85	2	4
602211	602281	71	364.39	376	531
603287	603288	2	113.00	226	226
603955	604113	159	686.43	523	1814
604594	604595	2	176.50	353	353
605064	605299	236	21.12	5	119
605477	605616	140	84.76	3	367
606748	607572	825	3.87	0	75
608512	608586	75	5.81	4	14
609076	609283	208	6.42	1	30
610487	610609	123	6.63	3	20
611465	611552	88	5.03	3	18
612072	612080	9	21.11	22	29
612573	612577	5	13.20	16	18
613490	613696	207	11.20	1	355
613979	614071	93	30.48	7	183
614144	614249	106	34.53	5	211
615032	615127	96	21.99	2	237
616427	616431	5	1.60	2	2
617476	617484	9	46.56	49.5	63
618445	618551	107	9.04	2	42
619611	619659	49	0.73	1	8
620968	621351	384	9.56	1	57
623542	623655	114	0.75	0	4
624487	624510	24	16.46	19	24
625783	625785	3	8.67	13	13
628071	628176	106	0.73	0	2
628570	628701	132	0.93	1	2
631575	631716	142	2.79	2	8
632851	632875	25	14.16	15	17
633578	633579	2	31.50	63	63
634678	634689	12	67.67	75	76
635164	635177	14	21.86	19	41
636465	636592	128	3.68	2	21
639180	639253	74	4.12	4	13
639440	639478	39	1.74	2	2
640175	640270	96	0.05	0	2
640907	640977	71	0.85	1	1
641557	642009	453	65.10	20	462
642370	642401	32	10.22	4	57
642472	642945	474	2.09	2	4
643267	643270	4	9.00	13	13
643838	643898	61	5.74	6	9
644655	644663	9	39.89	46.5	48
646110	646352	243	1.81	2	5
646671	646709	39	1.97	2	3
647130	647225	96	3.90	2	13
647403	647476	74	1466.66	1107	2685
647771	647776	6	87.83	108	112
648893	648923	31	1.94	2	4
649641	649691	51	0.96	1	3
650259	650451	193	2.94	3	7
650912	651033	122	3.22	3	5
651706	651820	115	38.10	2	170
652961	653263	303	1.56	2	4
653891	653902	12	4.00	4	5
654323	654663	341	0.95	1	3
655876	656199	324	1.15	1	6
656992	657029	38	27.32	27	41
657231	657349	119	1.64	2	3
657770	657814	45	30.71	26	77
660178	660182	5	6.40	8	8
660636	660705	70	3.69	1	19
660892	660907	16	14.25	14	19
661040	661226	187	13.34	12	30
664095	664102	8	5.25	6	6
664487	664505	19	12.26	13	14
666934	666942	9	4.78	5	6
669129	669637	509	2.04	1	24
671156	671294	139	8.38	8	16
671730	671868	139	0.82	1	3
672244	672387	144	2.56	2	4
676320	676438	119	3.30	2	27
676877	676889	13	17.23	18	21
677112	677135	24	62.54	54	116
677805	677845	41	63.05	64	74
678089	678103	15	172.60	170	244
678257	678280	24	122.38	131	179
678863	678870	8	52.25	61	62
679225	679250	26	106.04	103	167
679686	679793	108	108.95	57	380
680383	680666	284	46.15	6	310
681075	681366	292	4.22	4	6
681910	681923	14	5.14	5	7
682350	682354	5	3.60	4.5	5
683015	683075	61	10.70	8.5	17
685842	686050	209	23.09	15.5	93
688199	688371	173	4.71	2	27
688519	688576	58	2.50	2	5
690164	690178	15	61.33	65	70
690722	690918	197	9.44	2	73
691456	691513	58	3.90	3	8
692684	692695	12	35.50	39	39
693947	693956	10	22.70	25	26
694518	694532	15	35.40	37.5	49
696161	696203	43	3.02	3	4
697452	697703	252	1.80	1	10
697811	697993	183	3.34	2	13
699158	699169	12	12.42	13	15
699923	699980	58	0.66	1	1
701184	701288	105	0.90	1	1
705753	705910	158	1.46	2	2
706871	706951	81	8.28	7	19
707171	707172	2	60.50	121	121
707689	707690	2	26.50	53	53
707955	708074	120	13.96	15	21
708648	708659	12	55.17	59	67
709218	709260	43	125.26	164.5	230
710623	710662	40	46.10	48	59
711098	711109	12	78.00	83	99
711566	711581	16	72.38	77	85
712221	712225	5	42.20	52	56
712805	712818	14	120.57	130	142
713263	713391	129	82.19	57.5	170
713719	713736	18	51.83	53	63
714271	714281	11	49.00	53.5	67
714672	714686	15	58.40	62.5	67
714828	714846	19	84.79	91	99
716082	716085	4	107.25	146	146
716437	716447	11	113.36	124	131
716844	716851	8	119.00	141	151
717167	717182	16	73.00	77	90
717459	717534	76	36.29	30	75
717874	717876	3	59.67	89.5	90
718081	718121	41	101.49	95	146
718872	718873	2	67.00	134	134
719336	719350	15	102.47	103.5	161
719759	719776	18	112.67	101	164
720500	720514	15	188.67	199	223
720773	720799	27	38.41	39	47
721562	721566	5	141.40	174	191
722575	722914	340	77.19	59	273
723740	723960	221	12.70	15.5	30
724573	724645	73	1.01	0	17
726137	726155	19	24.68	28	30
728215	728217	3	30.67	46	47
728542	728634	93	14.83	6	79
729154	729342	189	4.72	4	39
731498	731509	12	39.42	43	44
732089	732141	53	151.53	103	349
733885	733886	2	25.50	51	51
735675	735898	224	15.09	5	53
736871	737054	184	9.23	4	101
739140	739230	91	9.53	2	190
741951	741964	14	17.79	19	22
743090	743275	186	0.75	0	11
743483	743486	4	24.75	33	33
743658	743685	28	3.04	3	4
744691	744701	11	444.45	480.5	538
744891	745010	120	157.70	77	601
745467	745595	129	6.35	2	85
748932	749467	536	106.23	2	1548
751010	751070	61	1.70	2	4
752181	752186	6	5.83	7	7
753090	753101	12	3.50	3	8
753183	753253	71	5.23	4	24
753567	753882	316	0.56	0	7
755165	755290	126	17.21	2	181
755978	755993	16	141.38	153	161
756779	757049	271	16.10	2	166
757944	757968	25	144.52	148.5	169
759016	759182	167	2.16	0	79
760350	760355	6	26.00	31	33
761277	761465	189	0.84	1	2
761619	761905	287	20.89	2.5	134
762716	762789	74	0.99	1	2
764444	764596	153	14.24	14	21
765524	765869	346	102.52	6	907
766551	766564	14	10.14	11	15
767213	767231	19	27.37	26.5	59
768051	768231	181	119.33	2	626
769096	769160	65	38.77	39	81
769719	769736	18	50.11	51	78
770976	770980	5	12.20	15.5	16
771422	771428	7	66.00	77	79
773422	773481	60	7.38	8	22
774484	774490	7	1.71	2	2
775622	775636	15	5.87	7	7
776135	776465	331	0.62	1	2
777255	777262	8	6.00	6	9
778357	778376	20	12.70	13	15
778881	778927	47	9.28	10	12
779450	779467	18	5.94	6	8
779699	779769	71	10.72	3	126
782437	782509	73	4.25	3	20
782972	783007	36	0.00	0	0
784028	784084	57	4.65	4	9
785702	785840	139	105.68	12.5	407
786459	786468	10	1.80	2	2
787318	787524	207	7.90	1	44
788572	788583	12	38.33	42	46
789403	789418	16	31.62	34	41
791527	791721	195	55.89	3	433
792245	792365	121	4.18	1	43
793233	793234	2	3.00	6	6
795394	795426	33	16.27	17	19
795685	795827	143	52.41	2	973
797907	797926	20	22.00	25	32
798221	798253	33	133.03	124	226
798530	798647	118	26.49	1	147
800310	800388	79	8.41	5	43
801109	801230	122	4.10	2	22
801301	801306	6	28.17	34	34
801376	801508	133	18.65	8	160
801707	801908	202	25.80	1	1315
803187	803194	8	19.62	23	25
803819	803846	28	14.57	16	19
804330	804341	12	40.58	44	50
805329	805343	15	110.53	118	127
806838	807013	176	36.70	5	185
807578	807600	23	4.87	5	7
808621	808625	5	6.40	8	9
811027	811124	98	3.10	1	81
811371	811479	109	2.68	2	12
812350	812415	66	3.39	4	5
814681	814687	7	87.43	101.5	105
815390	815585	196	7.73	1	67
816321	816330	10	15.20	16	22
816790	816806	17	15.53	16	19
817824	817877	54	19.50	18	38
818370	818375	6	26.67	33	35
818853	818990	138	1.94	2	4
819390	819394	5	4.20	5	6
819770	819823	54	1.44	1	2
821021	821201	181	2.01	1	43
822570	822590	21	29.24	29	43
823146	823713	568	9.65	6	83
824095	824347	253	17.09	1	193
825356	825426	71	66.11	17.5	576
826015	826062	48	2.25	2	4
827266	827437	172	2.27	1	19
828443	828559	117	8.55	2	106
830896	830898	3	24.00	36	36
832120	832293	174	2.63	1	38
833167	833196	30	12.70	13	14
833584	833759	176	85.76	3	522
834219	834224	6	7.17	8	10
836061	836062	2	12.00	24	24
837476	837621	146	57.06	4	203
838489	838505	17	46.47	47	66
839460	839471	12	16.33	16	23
840075	840146	72	4.94	2	14
842412	842631	220	30.88	23	76
847822	848221	400	1.84	1	6
848690	849065	376	37.00	1	467
849483	849750	268	8.75	1	181
851092	851570	479	29.80	10	235
851856	851892	37	19.68	18.5	29
852430	852579	150	39.59	21	166
853816	853931	116	1.56	1	6
854884	854962	79	0.96	0	14
855347	855360	14	7.07	7	10
858606	858619	14	2.64	2	5
858700	858757	58	4.84	6	9
858838	858878	41	2.51	3	3
859185	859257	73	198.52	207	333
860536	860650	115	45.32	45	118
862841	862867	27	82.37	82.5	106
863426	863441	16	62.44	67	70
863865	864380	516	28.47	2	263
866830	866846	17	3.76	4	4
867351	867364	14	3.14	3	4
868688	869654	967	4.02	1	65
870084	870092	9	194.67	217.5	227
870390	870400	11	397.73	354	725
871610	871620	11	39.82	42.5	48
874303	874331	29	18.90	17	32
876141	876155	15	25.00	27	32
877698	877938	241	10.12	8	27
878170	878218	49	33.00	40.5	48
878290	878317	28	97.32	110	123
878387	878533	147	106.29	93	204
878605	878616	12	6.75	9	11
878689	878827	139	17.63	12	51
878899	879014	116	0.39	0	1
879285	879531	247	3.43	3	10
880180	880196	17	0.94	1	1
880386	880796	411	0.88	1	11
883513	883560	48	6.06	6	12
884227	884350	124	3.47	1	32
884696	884719	24	5.33	6	7
885326	885479	154	2.59	1	43
888141	888155	15	20.40	21.5	23
888696	888711	16	38.56	41	45
889582	889584	3	13.33	20	20
890710	890723	14	60.71	67	70
890931	891176	246	2.22	2	26
891666	891676	11	9.64	10	12
892406	892572	167	3.43	1	26
893665	893669	5	4.00	5	5
894210	894218	9	41.33	45.5	53
894990	894999	10	5.10	6	6
896098	896168	71	1.77	2	5
898882	898992	111	2.58	3	5
900700	900830	131	59.14	3	378
901923	902019	97	3.37	1	18
902869	902897	29	1.69	2	2
904473	904567	95	32.81	6.5	338
906086	906144	59	1.10	1	2
907810	907895	86	15.26	1	97
908940	908943	4	10.50	13	16
909646	909659	14	5.71	5	11
911219	911229	11	13.91	16	19
911689	911719	31	6.39	5	25
912947	913023	77	3.06	1	27
913366	913406	41	17.05	14.5	27
915067	915206	140	1.98	0	46
915825	916114	290	7.34	5	32
917828	917843	16	37.62	39	48
918942	919382	441	0.58	0	2
921243	921283	41	42.90	54	64
921716	921860	145	22.14	3	244
922119	922176	58	18.52	17	27
924001	924080	80	425.94	44	5046
924291	924429	139	5.77	4	46
925444	925472	29	14.83	15	24
926307	926310	4	4.25	6	6
927379	927502	124	0.65	0	6
928457	928674	218	10.78	3	54
929797	929812	16	1.12	1	2
931626	931629	4	34.00	45	46
932110	932211	102	25.38	2	151
932515	932713	199	14.19	11.5	36
934307	934400	94	7.36	4	119
935109	935141	33	36.94	38	42
935904	935923	20	20.40	22	24
936827	936847	21	26.57	27	34
937619	937644	26	19.69	21	28
938269	938283	15	179.80	192.5	203
938698	938708	11	39.73	43	53
939546	939621	76	3.20	2	42
940243	940289	47	9.81	10	13
941361	941365	5	82.80	104	106
941999	942333	335	55.50	10	473
943042	943088	47	3.13	3	4
944259	944299	41	1.61	2	2
945020	945025	6	19.33	24	25
945392	945439	48	4.98	5	8
946388	946480	93	6.51	2	86
947636	947689	54	11.59	11	19
949970	950164	195	15.70	1.5	71
950645	950835	191	67.23	13	337
951583	951594	12	6.67	7	8
953137	953406	270	2.36	2	9
953638	953795	158	8.77	1	76
956211	956303	93	0.16	0	1
959157	959379	223	0.90	0	4
961768	961939	172	1.44	1	7
963182	963229	48	3.42	4	6
964469	964487	19	235.79	251	306
965910	965913	4	152.25	201	210
966838	966855	18	172.78	141	252
967279	967599	321	56.37	16	342
969572	969740	169	22.57	7	332
970005	970068	64	8.03	3	260
970684	970707	24	18.00	19	22
972175	972337	163	2.60	2	14
973274	973288	15	810.00	870	939
973532	973546	15	312.60	335	343
973751	973765	15	187.80	196	255
974480	974482	3	114.67	172	175
974810	974828	19	330.32	344.5	425
975639	975642	4	252.75	338	342
976342	976357	16	419.56	440	499
977270	977488	219	22.84	21.5	61
979142	979146	5	824.80	1034	1044
979906	979910	5	502.00	622.5	712
980508	980511	4	622.75	848	862
980977	981007	31	697.39	690.5	1105
982337	982928	592	533.38	1	8001
984174	984190	17	6.41	7	8
985109	985159	51	3.80	3	10
985673	985734	62	0.00	0	0
986425	986476	52	5.60	4	14
987653	987709	57	5.44	6	8
987935	987968	34	12.82	13	15
991076	991132	57	0.95	1	1
991436	991451	16	1.88	2	2
992556	992660	105	2.39	1	15
993825	994273	449	6.62	1	81
994748	994924	177	14.06	2	116
995858	995864	7	17.71	20.5	22
996303	996308	6	17.17	20	24
998113	998323	211	31.49	10.5	139
998936	999067	132	13.83	13	20
1000976	1001069	94	10.96	5	38
1002087	1002116	30	37.30	39	51
1003143	1003158	16	5.50	6	7
1004944	1004949	6	3.83	5	5
1005994	1006011	18	15.33	16	23
1006816	1006821	6	9.50	11	12
1007731	1007792	62	3.95	4	7
1008363	1008484	122	1.70	1	5
1009646	1009651	6	8.83	10	12
1010291	1010625	335	5.76	5	14
1011238	1011273	36	11.00	13	15
1011778	1011810	33	5.64	5	10
1012378	1012401	24	35.21	39	46
1013080	1013134	55	3.00	2	17
1013939	1014033	95	3.83	4	7
1014850	1014934	85	65.44	65	100
1015871	1015955	85	108.04	114	131
1016652	1016656	5	16.60	21.5	25
1017176	1017190	15	8.20	8	14
1017782	1017935	154	0.10	0	1
1019007	1019148	142	0.61	0	2
1020597	1020600	4	9.00	12	12
1020841	1020864	24	73.00	61	120
1021861	1021867	7	19.57	23	24
1022993	1023013	21	14.90	13	33
1023458	1023470	13	8.31	9	10
1023954	1023956	3	21.33	32	32
1025370	1025382	13	19.15	15	37
1025629	1025640	12	57.17	68	72
1028548	1028549	2	15.50	31	31
1028781	1028784	4	6.00	8	8
1029214	1029215	2	7.50	15	15
1029477	1029519	43	34.70	35	48
1029832	1030164	333	4.49	0	53
1030291	1030292	2	19.00	38	38
1031112	1031145	34	1.26	1	2
1031812	1031988	177	19.85	1	125
1032739	1032806	68	0.47	0	1
1034892	1034987	96	839.12	23	2950
1035705	1036019	315	1.41	1	41
1037193	1037264	72	2.88	3	6
1038033	1038049	17	33.94	35	44
1039547	1039669	123	20.28	1	230
1040390	1040414	25	7.56	8	8
1041067	1041134	68	1.75	2	4
1041852	1041855	4	5.00	7	7
1043386	1043820	435	4.10	2	17
1044709	1044810	102	11.25	1	138
1046026	1046161	136	1.46	1	3
1047212	1047296	85	1.66	1	6
1048731	1048789	59	7.54	3	54
1049438	1049441	4	6.25	8	9
1050048	1050310	263	2279.25	319	7999
1050716	1050751	36	4.81	5	8
1050825	1050855	31	42.52	44	52
1050936	1050994	59	327.32	457.5	605
1051067	1051094	28	56.75	58	76
1051166	1051173	8	75.12	86	89
1051244	1051447	204	61.82	75	155
1052764	1052867	104	21.09	0	119
1054218	1054235	18	23.83	26	28
1055034	1055036	3	20.00	30	30
1055325	1055329	5	1.60	2	2
1055897	1055900	4	6.00	8	8
1056660	1056711	52	0.31	0	2
1058962	1059002	41	3.93	4	6
1059585	1059827	243	187.73	63	1030
1060383	1060430	48	15.88	10	68
1062309	1062455	147	31.33	27.5	75
1063602	1063809	208	1.05	1	4
1069633	1069791	159	1.96	1	5
1075519	1075651	133	2.02	1	8
1081955	1082109	155	1.99	1	6
1087747	1088082	336	13.21	1	108
1089298	1089376	79	0.30	0	1
1093850	1093998	149	1.24	1	3
1098775	1099088	314	74.64	3	586
1099367	1099384	18	31.44	33	56
1099457	1099553	97	3.99	2	33
1100076	1100087	12	209.00	236	244
1100487	1100577	91	11.85	2	66
1101496	1101523	28	1.36	1	2
1102379	1102393	15	219.40	241	246
1103222	1103223	2	47.00	94	94
1103695	1103716	22	265.55	256	390
1104932	1105203	272	52.81	2	1229
1105765	1105877	113	1.49	1	5
1105949	1106012	64	2.77	3	3
1106084	1106191	108	2.17	2	7
1108575	1108735	161	0.58	1	1
1109168	1109177	10	0.90	1	1
1110363	1110381	19	2.89	3	4
1110979	1111046	68	10.10	11	14
1111815	1111817	3	12.00	18	18
1111992	1112000	9	18.11	20.5	22
1112796	1112876	81	9.60	8	21
1113054	1113066	13	82.46	91	92
1113343	1113575	233	36.58	32.5	140
1114419	1114480	62	9.44	8	14
1115213	1115342	130	12.74	7	44
1117418	1118188	771	9.40	1	202
1118957	1119478	522	3.42	1	23
1122793	1122799	7	6.43	8	8
1123805	1123807	3	24.67	37	37
1125892	1125980	89	0.99	1	1
1126377	1126425	49	1.35	1	5
1127170	1127209	40	3.05	3	4
1127936	1127941	6	29.67	36	46
1128143	1128318	176	10.06	3	64
1129669	1129704	36	30.58	32	35
1130554	1130561	8	6.75	8	8
1133007	1133131	125	17.56	1	76
1134353	1134369	17	4.71	5	6
1134757	1134936	180	1.27	1	3
1136197	1136229	33	4.03	4	7
1136301	1136380	80	0.65	1	2
1136810	1136863	54	0.63	1	1
1138226	1138243	18	3.17	3	5
1138838	1138844	7	6.14	7	8
1139910	1140042	133	12.44	1	150
1141009	1141068	60	8.57	9	15
1141465	1141550	86	1.38	1	2
1141725	1141735	11	14.09	16	18
1142924	1143010	87	0.99	0	10
1143896	1143904	9	3.67	4	5
1146044	1146047	4	7.75	10	11
1146684	1146814	131	1.17	1	2
1149980	1149993	14	20.50	22	23
1150210	1150257	48	4.00	4	6
1151278	1151410	133	2.30	0	42
1152209	1152210	2	23.00	46	46
1155064	1155718	655	10.09	5	59
1156442	1156459	18	13.17	14	15
1157417	1157474	58	15.74	7	144
1157850	1157967	118	2.21	2	8
1158913	1158924	12	14.67	16	18
1161070	1161081	12	5.83	5	9
1161925	1161982	58	0.62	0	2
1162787	1162907	121	2.15	1	14
1164201	1164206	6	8.33	9	12
1164603	1164606	4	10.50	14	14
1166455	1166466	12	22.08	24	25
1167703	1167737	35	1.03	1	2
1167806	1167834	29	0.97	1	1
1168966	1168991	26	5.58	6	8
1171308	1171450	143	0.31	0	1
1185524	1185583	60	0.70	1	2
1186787	1187315	529	0.68	1	3
1190224	1190460	237	2.34	2	6
1193370	1193428	59	42.64	27.5	91
1193975	1194695	721	1.44	1	11
1195854	1196161	308	3.74	3	8
1197434	1197740	307	6.43	4	20
1199355	1199501	147	0.78	1	1
1201025	1201030	6	3.00	4	4
1201862	1201876	15	89.80	97	102
1202798	1202955	158	2.98	1	67
1204096	1204157	62	0.61	1	1
1204227	1204415	189	18.80	12	432
1205241	1205316	76	6.55	5	12
1205950	1205952	3	45.33	68	68
1206529	1206793	265	22.68	23	78
1207484	1207816	333	2.47	1	126
1209371	1209464	94	1.41	1	5
1210050	1210220	171	7.71	3	32
1211673	1211713	41	3.41	3	9
1212772	1212824	53	15.04	16	20
1214049	1214583	535	9.29	1	584
1216408	1216511	104	1.64	1	26
1217865	1217872	8	6.00	7	7
1219857	1219981	125	3.07	1	12
1220756	1220759	4	53.25	71	71
1220901	1221013	113	2.28	2	16
1221209	1221211	3	6.00	9	9
1222214	1222281	68	14.09	13	24
1223272	1224134	863	7.80	1	295
1225148	1225159	12	45.58	51	54
1226849	1226962	114	3.32	3	19
1227866	1228093	228	3.59	2	59
1229402	1229488	87	2.36	0	47
1230848	1231078	231	0.64	1	2
1232904	1232921	18	1.72	2	2
1234647	1234664	18	34.72	36	39
1235085	1235224	140	2.93	3	29
1236494	1236505	12	5.50	6	6
1237133	1237196	64	1.72	3	3
1238403	1238417	15	17.13	18.5	20
1239735	1240097	363	1.39	0	19
1241745	1241752	8	18.50	21	22
1243025	1243097	73	4.71	4.5	9
1244934	1244936	3	13.33	20	20
1245711	1246481	771	5.45	5	27
1247781	1247873	93	0.37	0	1
1248906	1248909	4	7.50	10	10
1249567	1249591	25	15.40	17	17
1249868	1249942	75	71.75	17.5	409
1251476	1251535	60	6.88	4	19
1252769	1252783	15	8.60	9	15
1255462	1255568	107	2.40	2	7
1257061	1257490	430	1.04	1	5
1258859	1259283	425	1.79	1	10
1260802	1260804	3	57.33	86	86
1261228	1261230	3	7.33	11	11
1261909	1261963	55	49.51	62	69
1262094	1262145	52	2.15	2	3
1262518	1262758	241	1.57	1	5
1264406	1264410	5	3.20	4	4
1265716	1265759	44	16.84	17	22
1265967	1266170	204	53.19	1	358
1267532	1267540	9	3.22	4	4
1269628	1270569	942	2.79	1	45
1271053	1271117	65	8.38	8	22
1273175	1273183	9	11.33	12	17
1273430	1273549	120	71.03	1	504
1274318	1274372	55	3.56	3	5
1276086	1276272	187	3.99	1	35
1276765	1276776	12	28.33	30	38
1277851	1277864	14	17.93	19	26
1278465	1278520	56	17.02	16	28
1280635	1280636	2	0.00	0	0
1281576	1281844	269	0.17	0	5
1283048	1283168	121	4.17	2	48
1284466	1284509	44	10.07	10	14
1284999	1285102	104	2.91	2	14
1286699	1286807	109	1.79	1	5
1289969	1289973	5	5.40	7	7
1291228	1291239	12	10.33	11	13
1292257	1292319	63	3.73	2	20
1293793	1293808	16	3.75	4	4
1294235	1294400	166	0.39	0	1
1295325	1295331	7	1.71	2	2
1296835	1296852	18	3.72	3	7
1298998	1299331	334	1.33	1	21
1299845	1299976	132	9.99	6	28
1301612	1301631	20	1.80	2	2
1302568	1302578	11	33.45	36	52
1302993	1303149	157	65.20	56	169
1305457	1305470	14	26.57	23	44
1306933	1306939	7	70.57	82	86
1308185	1308293	109	5.36	1.5	67
1309293	1309347	55	0.00	0	0
1310611	1310641	31	5.55	6	8
1311878	1311977	100	3.16	0	30
1312818	1312840	23	3.09	4	4
1318949	1319330	382	21.22	4	180
1323621	1323884	264	0.77	0	6
1324752	1324755	4	11.50	15	16
1325311	1325323	13	35.62	38	40
1326332	1326336	5	4.80	6	6
1328898	1328906	9	2.89	3	4
1330443	1330449	7	13.86	16	17
1333015	1333102	88	2.38	2	5
1333265	1333280	16	0.38	0	1
1333980	1334332	353	3.24	3	7
1335440	1335479	40	0.05	0	1
1337016	1337559	544	3.51	1	47
1337824	1337844	21	51.24	54	84
1338121	1338271	151	1.52	1	5
1340904	1340923	20	2.00	3	3
1343445	1343448	4	14.25	19	19
1344481	1344657	177	1.98	2	10
1345441	1345458	18	5.33	6	6
1347217	1347221	5	6.40	8	8
1349269	1349276	8	1.25	1	2
1350240	1350257	18	1.67	2	2
1351113	1351164	52	1.10	1	4
1352566	1352722	157	2.76	1	10
1355102	1355134	33	51.64	50.5	70
1356068	1356381	314	6.75	4	23
1357285	1357287	3	1.33	2	2
1357435	1357804	370	82.29	2	742
1359791	1360012	222	2.60	2	13
1361279	1361286	8	25.50	29	30
1362336	1362498	163	2.54	1	44
1363702	1363865	164	16.56	16	63
1367136	1367147	12	53.75	61	62
1369296	1369310	15	19.73	21.5	23
1370526	1370544	19	20.26	21	25
1371688	1371701	14	1.86	2	2
1371819	1372020	202	17.41	8	49
1372417	1372556	140	2.61	2	5
1372674	1372694	21	7.14	8	9
1373106	1373156	51	127.10	84.5	473
1374381	1374601	221	148.35	2	914
1375361	1375365	5	10.20	13	13
1376068	1376162	95	19.32	2	58
1377999	1378019	21	9.10	10	11
1378091	1378103	13	5.69	6	7
1379121	1379134	14	43.21	41	83
1379447	1379545	99	37.13	6	171
1379966	1380004	39	6.21	5	12
1380293	1380306	14	26.00	30	35
1380877	1380947	71	25.45	4	159
1381950	1381953	4	17.25	23	24
1382521	1382626	106	3.98	3	20
1383968	1383975	8	15.38	18	19
1385179	1385191	13	23.77	25	38
1385657	1385728	72	10.76	3	121
1385888	1385954	67	6.06	4	25
1387709	1387715	7	3.57	4	5
1388070	1388082	13	19.00	20	23
1388515	1388591	77	3.68	1	80
1390157	1390320	164	1.22	0	6
1391395	1391485	91	11.36	1	206
1392767	1392777	11	77.18	85	88
1393636	1393656	21	4.81	5	6
1394236	1394244	9	5.56	6	7
1395154	1395165	12	35.83	41	43
1395820	1396071	252	70.45	19	307
1396414	1396426	13	27.00	29	31
1396721	1396917	197	44.92	39.5	159
1397212	1397263	52	14.00	15	17
1397468	1397598	131	74.24	50	153
1398336	1398524	189	251.65	2	1071
1399134	1399294	161	30.99	9.5	144
1401623	1401795	173	3.53	2	17
1405099	1405161	63	0.59	1	2
1406041	1406066	26	6.31	6	8
1408121	1408426	306	1.66	1	10
1409723	1409911	189	62.33	1	349
1410824	1410972	149	6.68	2	69
1411840	1411915	76	1.82	0	13
1412504	1412514	11	1.18	1	2
1413262	1413397	136	1.65	2	4
1414496	1414507	12	3.67	4	6
1416313	1416324	12	14.67	8	42
1416901	1416975	75	0.72	1	1
1421086	1421218	133	0.68	1	1
1423520	1423922	403	232.45	0.5	2902
1425870	1425977	108	1.71	2	6
1426635	1426648	14	23.07	25	27
1427288	1427295	8	14.25	17	17
1427593	1428149	557	47.26	0	794
1428951	1428987	37	71.59	66	134
1431094	1431102	9	167.67	187	196
1432306	1432386	81	2.02	2	5
1433314	1433320	7	35.57	41.5	42
1434368	1434757	390	0.22	0	8
1435217	1435221	5	31.80	39	44
1436317	1436327	11	50.18	55	58
1436556	1436569	14	61.86	65	76
1438503	1438511	9	104.78	115	131
1440222	1440229	8	75.38	80	107
1441103	1441296	194	11.38	2	69
1441588	1441698	111	1.39	1	4
1441987	1441994	8	30.12	34	36
1443672	1443762	91	15.64	18	54
1445134	1445508	375	104.76	1	1047
1446712	1446810	99	0.83	1	1
1450575	1450591	17	24.82	26.5	28
1451153	1451375	223	3.06	1	27
1452288	1452289	2	4.50	9	9
1454429	1454655	227	4.44	2	24
1454738	1454935	198	140.31	145	265
1455377	1455470	94	84.18	79	157
1456005	1456018	14	144.79	157	161
1456409	1456423	15	149.27	152	218
1457246	1457247	2	47.00	94	94
1457611	1457631	21	514.62	553.5	602
1458052	1458072	21	175.38	119	534
1458472	1458525	54	18.06	17	39
1458694	1458765	72	25.97	22	60
1458961	1459050	90	16.76	15	27
1460345	1460370	26	32.88	34	42
1460563	1460617	55	28.36	16	90
1461212	1461223	12	11.00	12	13
1462070	1462083	14	38.43	42	44
1463044	1463051	8	16.62	19	20
1463847	1463856	10	10.20	13	14
1464901	1464909	9	52.33	59	61
1466272	1466275	4	14.00	19	19
1467266	1467530	265	2.05	1	23
1469809	1469926	118	4.86	2	85
1471220	1471223	4	223.25	280	334
1471551	1471631	81	9.04	10	13
1472448	1472477	30	20.17	22	28
1473555	1473572	18	5.06	6	7
1474599	1474610	12	24.00	25	29
1475613	1475745	133	8.98	4.5	35
1477411	1477422	12	18.08	20	23
1477879	1477907	29	5.41	6	7
1479621	1479805	185	18.59	1	143
1481039	1481050	12	23.83	28	29
1481744	1481750	7	16.14	18.5	20
1482333	1482345	13	2.00	2	3
1482928	1482988	61	2.30	2	3
1484369	1484583	215	0.58	0	6
1485820	1485837	18	3.22	3	4
1486237	1486255	19	7.84	8	9
1487402	1487415	14	46.86	50	56
1488523	1488541	19	8.95	9.5	11
1488902	1489767	866	2.43	0	42
1491157	1491257	101	1.72	0	14
1491870	1492040	171	1.04	1	2
1492188	1492203	16	103.12	105	167
1493224	1493392	169	3.40	1	194
1494341	1494556	216	0.88	1	1
1495016	1495092	77	4.45	4	9
1497187	1497557	371	9.80	1	78
1498476	1498493	18	16.17	17	23
1499412	1499414	3	5.33	8	8
1500507	1500582	76	2.04	0	21
1501291	1501339	49	1.71	1.5	3
1502339	1502350	12	15.42	17	18
1503233	1503391	159	1.15	1	5
1504934	1504936	3	39.33	59	59
1506404	1506444	41	3.10	3	7
1507126	1507350	225	0.65	0	19
1507696	1507870	175	5.26	3	17
1508807	1508815	9	6.56	7	8
1509968	1509988	21	11.81	14	15
1510373	1510593	221	69.14	10.5	361
1510969	1511085	117	1.05	1	2
1512200	1512655	456	14.64	0	252
1515497	1515570	74	8.97	9	14
1516054	1516506	453	15.12	0	250
1519324	1519538	215	1.82	1	15
1520556	1520570	15	44.40	45	60
1520973	1521008	36	15.64	17	18
1521648	1521669	22	2.55	3	3
1522153	1522196	44	6.09	5	17
1522878	1522981	104	0.52	0	7
1524320	1524379	60	1.88	2	3
1525667	1525669	3	6.00	9	9
1526471	1526529	59	46.08	4	334
1528215	1528235	21	18.33	20	20
1529328	1529336	9	10.22	11	14
1531201	1531629	429	1.47	0	47
1531943	1532140	198	1.58	0	8
1533161	1533293	133	2.05	2	3
1533901	1533919	19	1.79	2	3
1534193	1534426	234	11.88	11	22
1534637	1534819	183	1.80	2	4
1535858	1535917	60	2.23	2	3
1536992	1536993	2	8.00	16	16
1538308	1538315	8	2.62	3	3
1539180	1539300	121	5.99	1	31
1541137	1541250	114	2.10	2	9
1542196	1542730	535	0.95	1	3
1543109	1543116	8	0.25	0	1
1543415	1543749	335	0.37	0	2
1544128	1544429	302	0.83	1	2
1544934	1544949	16	0.94	1	1
1546444	1546780	337	0.46	0	4
1547861	1547907	47	0.81	1	2
1548646	1549481	836	11.01	1	111
1550142	1550339	198	1.09	1	6
1551624	1552160	537	2.59	2	13
1552506	1552509	4	4.75	7	7
1553765	1553998	234	1.47	0	16
1555493	1555527	35	3.26	3	5
1557016	1557744	729	24.97	1	275
1561201	1561221	21	21.10	23	24
1569349	1569581	233	0.77	1	8
1570575	1570577	3	18.67	28	28
1571727	1571733	7	30.00	35	35
1573956	1573961	6	4.33	5	6
1575009	1575056	48	4.60	4	7
1576020	1576967	948	1.30	1	6
1577124	1577350	227	0.88	1	3
1578044	1578049	6	4.17	5	5
1580167	1580295	129	1.43	0	13
1581337	1581365	29	7.76	8	10
1581813	1581877	65	0.85	0	8
1582607	1582622	16	15.81	17	18
1582887	1582901	15	22.60	24	26
1583544	1583555	12	42.08	46	49
1584264	1584275	12	83.75	91	93
1586055	1586062	8	10.12	13	16
1586369	1586858	490	0.79	0	4
1590135	1590347	213	0.19	0	2
1591404	1591508	105	1.28	1	17
1593486	1593503	18	64.28	64	83
1594164	1594218	55	14.80	16	19
1595647	1595698	52	2.48	2	16
1597124	1597181	58	2.62	2	5
1597253	1597260	8	19.25	21	31
1597332	1597485	154	41.89	1	336
1598521	1598531	11	168.18	188.5	195
1599690	1599766	77	136.91	157	207
1600031	1600092	62	6.60	6	11
1602377	1602421	45	0.22	0	1
1603637	1603878	242	1.76	0	23
1610458	1610527	70	1.20	1	3
1610804	1611421	618	3.94	1	76
1613399	1613523	125	2.76	2	16
1616382	1616402	21	0.00	0	0
1617460	1617468	9	9.78	11	12
1617835	1617886	52	2.69	2	6
1618376	1618466	91	2.26	1	17
1619361	1619365	5	9.40	12	12
1619663	1619671	9	19.89	22.5	24
1621637	1622156	520	9.28	9	31
1622586	1622920	335	3.52	1	21
1625810	1625952	143	6.89	3	19
1626769	1626825	57	1.81	2	2
1629793	1629939	147	2.22	2	5
1639218	1639220	3	8.00	12	14
1644327	1644470	144	0.51	0	2
1644951	1645286	336	2.10	2	6
1645746	1645868	123	0.53	0	2
1651521	1651731	211	1.33	1	8
1653206	1653218	13	4.23	5	5
1653996	1654076	81	2.14	0	20
1657656	1657675	20	3.10	4	4
1658714	1658759	46	0.98	1	1
1659963	1660373	411	1.65	1	4
1660518	1660921	404	1.01	1	13
1661519	1661525	7	20.57	24	25
1662129	1662145	17	3.88	4	5
1662956	1662975	20	4.30	5	5
1663474	1663625	152	3.86	3	11
1666191	1666300	110	1.48	2	3
1666382	1666415	34	2.62	3	3
1666719	1666796	78	10.76	4	78
1667646	1667777	132	3.14	2	9
1667976	1668231	256	2.50	2	6
1669360	1669363	4	13.50	18	18
1669571	1669597	27	6.93	7	9
1670810	1671126	317	4.07	0	32
1671928	1671978	51	6.90	7	8
1672651	1672668	18	2.78	3	5
1673650	1673949	300	1.67	1	3
1675251	1675438	188	2.03	1	51
1676339	1676362	24	10.54	10	17
1677275	1677299	25	4.80	4	7
1677843	1677855	13	10.38	11	13
1678495	1678807	313	101.72	1	989
1679471	1679482	12	36.17	39	47
1679771	1679805	35	3.49	3	7
1680502	1680503	2	1.50	3	3
1681338	1681388	51	4.31	5	6
1681845	1681860	16	12.88	14	16
1682581	1682597	17	8.24	10	12
1682943	1683064	122	0.62	1	1
1683722	1683723	2	6.00	12	12
1685823	1685969	147	4.48	1	78
1686681	1686701	21	31.67	21	69
1688181	1688390	210	58.64	7	299
1688658	1688663	6	36.50	44	50
1688793	1688846	54	16.15	18	25
1689590	1689654	65	7.03	6	18
1690003	1690039	37	7.14	7	12
1690322	1690972	651	1.37	1	7
1691660	1691680	21	8.48	9	10
1692074	1692129	56	5.54	5	15
1692310	1692409	100	0.82	1	2
1693307	1693320	14	12.57	15	16
1694473	1694544	72	9.04	2	109
1694818	1694839	22	6.82	6	12
1695197	1695203	7	17.00	20	22
1695627	1695670	44	2.39	2	3
1696001	1696728	728	12.44	3	296
1697158	1697220	63	23.13	22	33
1698442	1698622	181	68.64	13	222
1698794	1698974	181	0.83	1	1
1699337	1699339	3	0.67	1	1
1700085	1700086	2	2.00	4	4
1700402	1700423	22	2.32	2	4
1701033	1701037	5	2.40	3	3
1701897	1702050	154	3.58	3	11
1702646	1702653	8	3.50	4	4
1702993	1703008	16	4.06	4	6
1703153	1703326	174	7.05	7	12
1703805	1703811	7	6.57	8	8
1704465	1704607	143	29.90	4	126
1704857	1705325	469	3.97	4	12
1705409	1705452	44	0.66	1	2
1705913	1706073	161	1.48	1	3
1708020	1708024	5	0.00	0	0
1711054	1711112	59	2.66	1	16
1711437	1711629	193	5.80	4	21
1711975	1711979	5	4.00	5	5
1712592	1712652	61	6.03	6	9
1713661	1713953	293	8.56	8	16
1714317	1714358	42	1.26	1	2
1715258	1715265	8	2.75	3	4
1716505	1716589	85	2.86	2	5
1717242	1717243	2	3.00	6	6
1721723	1721731	9	0.67	0	2
1725315	1725322	8	0.88	1	1
1729510	1729520	11	1.64	2	3
1730130	1730157	28	2.89	3	3
1731119	1731592	474	4.65	2	16
1731932	1733042	1111	39.56	39.5	126
1733886	1734050	165	1.93	1	16
1740726	1740737	12	5.92	6	7
1742487	1742543	57	0.98	1	1
1743434	1743523	90	3.12	2	20
1745228	1745230	3	19.33	29	29
1745654	1745749	96	28.49	9	158
1745915	1745929	15	49.93	53.5	57
1747109	1747120	12	102.92	111	135
1748087	1748098	12	9.00	11	11
1748975	1749027	53	5.34	5	7
1750468	1750476	9	18.89	20.5	23
1751713	1751721	9	1.33	1.5	2
1752232	1752234	3	6.00	9	9
1753030	1753245	216	1.50	2	3
1753360	1753386	27	2.26	2	3
1755631	1755912	282	1.67	1	32
1757188	1757201	14	4.29	4	6
1758480	1758601	122	1.30	1	25
1759115	1759139	25	5.80	6	7
1759575	1759587	13	10.46	7	32
1760887	1761078	192	2.08	2	13
1766092	1766440	349	6.53	1	30
1769462	1769580	119	7.24	5	34
1770289	1770309	21	7.29	7	10
1770952	1770958	7	16.71	19.5	21
1771295	1771465	171	1.53	1	11
1771778	1771815	38	5.16	5	7
1773382	1773386	5	14.40	18	18
1773882	1773930	49	9.78	5	54
1774900	1775088	189	5.79	3	27
1775860	1775939	80	1.44	1	2
1776690	1776779	90	1.78	2	10
1778230	1778353	124	0.74	1	2
1778708	1778775	68	8.50	9	12
1779523	1779554	32	10.84	11	13
1780368	1780527	160	8.84	1	58
1781278	1781521	244	3.87	1	17
1782221	1782354	134	5.46	0	65
1782898	1782977	80	5.70	5	11
1783674	1784045	372	6.66	2	36
1788348	1788572	225	0.45	0	4
1789971	1790534	564	3.27	0	47
1790811	1790823	13	8.38	9	11
1791292	1791528	237	3.84	4	6
1792141	1792567	427	3.99	2	19
1793435	1793463	29	1.24	1	2
1794376	1794558	183	0.17	0	2
1798707	1798728	22	0.64	1	1
1799161	1799263	103	0.00	0	0
1801202	1801219	18	0.17	0	1
1802786	1802790	5	0.80	1	1
1806307	1806597	291	0.85	1	8
1808719	1808794	76	1.11	1	4
1809386	1809387	2	2.00	4	4
1809964	1809970	7	7.71	8	12
1813553	1813565	13	6.54	7	9
1814079	1814081	3	3.33	5	5
1816584	1816598	15	8.13	9	11
1818645	1818867	223	2.47	2	4
1819915	1819927	13	2.62	2.5	5
1820864	1821232	369	69.32	3.5	357
1821881	1822047	167	8.50	8	17
1822291	1822305	15	26.00	28	33
1822555	1822565	11	19.82	21	24
1823028	1823184	157	4.06	1	20
1825744	1825748	5	2.80	4	4
1826916	1826921	6	3.33	4	4
1827159	1827221	63	7.16	7.5	12
1827432	1827533	102	12.08	12	19
1828401	1828584	184	0.23	0	5
1829362	1829444	83	3.47	3	6
1829550	1829659	110	16.61	6	89
1830110	1830161	52	8.06	8	10
1832630	1832750	121	0.35	0	8
1833546	1833555	10	20.30	22	27
1833931	1834107	177	1.32	0	6
1834249	1834255	7	4.29	5	5
1835171	1835214	44	3.25	3	6
1836466	1836665	200	0.38	0	2
1837209	1837223	15	3.47	4	4
1838154	1838170	17	2.41	3	3
1838723	1838753	31	6.77	7	9
1839228	1839407	180	20.72	13	66
1840095	1840100	6	21.33	25	27
1840428	1840446	19	6.32	7	8
1840666	1840667	2	6.50	13	13
1841568	1841809	242	0.00	0	1
1842329	1842341	13	0.85	1	1
1843584	1843656	73	1.85	2	3
1844308	1844495	188	1.12	1	2
1845933	1845937	5	0.80	1	1
1847369	1847617	249	0.62	0	3
1848500	1848720	221	1.33	1	6
1850131	1850134	4	0.75	1	1
1850483	1850495	13	1.85	2	2
1851321	1851534	214	2.12	2	5
1852753	1853160	408	3.95	3	17
