#start	end	length	mean	median	max
1	317	317	2.45	3	5
354	2217	1864	86.81	58	472
2263	6284	4022	245.69	69	4132
6322	7423	1102	99.60	62	337
7599	7810	212	97.55	96	124
8457	8536	80	56.24	51	81
8742	8875	134	114.66	122	142
9228	9262	35	80.23	71	120
9600	9607	8	182.38	209	209
9966	9999	34	105.32	109	114
11066	13538	2473	155.66	150	416
13584	14519	936	3.64	3	10
14556	15235	680	52.85	45	163
15281	16798	1518	58.60	61	119
16850	21205	4356	129.47	106	420
21249	21964	716	58.84	17	242
22009	24743	2735	40.61	25	318
24780	29711	4932	49.40	31	572
29763	31900	2138	16.52	2	302
32358	32575	218	19.35	14	37
32624	34259	1636	49.10	25	157
34293	35932	1640	29.29	22	131
35964	36486	523	93.58	101	145
36532	36990	459	166.13	173	388
37664	38506	843	142.25	104	519
38550	43285	4736	39.18	33	137
43329	45067	1739	140.99	91	764
45201	46305	1105	9.44	7	28
46907	48267	1361	359.90	187.5	1340
48312	50142	1831	21.92	19	70
50666	50715	50	127.58	133	146
51602	51697	96	26.18	26	53
51942	52015	74	88.81	108	134
52257	52512	256	60.03	58	95
52760	53815	1056	523.29	94	3942
55356	55420	65	106.43	108	303
55491	55565	75	239.45	109.5	680
55599	55795	197	4505.90	3289.5	7998
55945	58048	2104	6817.98	7903	8008
58154	58799	646	4716.56	4585	7999
58913	58940	28	968.75	1080	1342
59012	59046	35	166.77	173	189
59118	59130	13	51.31	55	57
59164	59379	216	26.79	3	184
59714	59788	75	30.00	30	37
59885	63324	3440	6.91	6	66
63716	63738	23	6.52	6	8
63974	64228	255	8.23	9	15
64959	65229	271	7.36	7	10
65651	65748	98	7.54	4	17
66059	66255	197	25.96	5	58
66306	69349	3044	38.84	37	149
70359	72168	1810	49.74	25	289
72497	72525	29	11.17	11	15
72995	73068	74	5.78	6	8
73769	75200	1432	23.94	23	69
75245	77815	2571	160.58	63	650
77854	80625	2772	17.06	16	52
81530	82516	987	89.68	88	167
82803	83406	604	61.15	48	143
83762	85542	1781	200.00	65.5	865
86174	86282	109	37.93	39	47
86329	91834	5506	38.92	9	856
92232	93409	1178	32.32	30	78
93453	95160	1708	37.60	22	171
95468	95506	39	8.85	8	23
95548	100840	5293	22.83	8	188
101808	101868	61	92.52	64	212
101916	102553	638	76.83	12	566
102617	102641	25	37.48	39	46
102677	105931	3255	66.44	68	162
105969	106067	99	2.13	2	3
106188	106594	407	8.41	3	78
106628	108096	1469	254.36	89	1224
108145	108943	799	30.62	25	93
109437	109519	83	124.76	122.5	154
109914	110290	377	47.47	36	106
110799	111208	410	20.88	22	53
111411	111497	87	20.49	21	24
111543	116058	4516	30.37	23	225
116648	116730	83	161.83	175.5	205
118541	118612	72	29.64	27	43
118656	119097	442	229.14	198	545
119162	120508	1347	221.37	183	760
121296	122055	760	35.17	28	155
122300	122370	71	32.18	27	53
122876	123861	986	26.38	25	55
124418	124431	14	23.07	25	26
124790	125028	239	8.81	8	15
125210	125568	359	15.99	13	41
126245	130792	4548	110.95	30	1110
131352	134341	2990	54.37	31	454
134384	135852	1469	24.08	9	145
135896	137229	1334	43.96	32	177
137456	137502	47	97.06	99.5	109
138113	138303	191	187.27	193.5	270
138779	139459	681	45.48	38	115
139815	140880	1066	476.88	405	1468
140927	142827	1901	43.89	27	252
142964	143478	515	80.65	89	169
143816	143819	4	9.75	13	13
143863	145122	1260	21.40	18	52
145324	145498	175	257.30	304	406
145812	146527	716	315.31	303	591
147195	147217	23	33.65	36	36
147268	149307	2040	8.13	6	28
149924	151051	1128	566.73	83	5765
152592	152662	71	298.20	300	538
152733	152807	75	220.85	194	568
152841	153037	197	4189.19	2813	7999
153187	155290	2104	7040.24	7938	7999
155396	156042	647	4869.50	4753.5	7999
156156	156205	50	587.26	523	1233
156291	156292	2	33.00	66	66
156341	157545	1205	20.21	15	94
158051	158070	20	64.60	69	70
158459	158526	68	72.97	75	119
158903	158967	65	149.75	159	194
159016	159362	347	106.25	114	178
159406	164416	5011	126.59	104	668
165201	165220	20	49.35	50	67
166251	166412	162	42.62	51	75
166467	167186	720	231.15	220	810
167258	167298	41	88.71	91	96
167369	167435	67	99.84	97	123
167507	167582	76	86.04	92	109
167653	167719	67	101.30	115	126
167838	168699	862	39.07	4	158
169172	169230	59	24.24	25	27
169337	169590	254	38.74	32	73
170084	170133	50	36.38	38	41
170216	170536	321	43.18	42.5	73
171618	173083	1466	10.89	10	32
173238	173377	140	3.92	6	6
173955	174005	51	2.08	2	3
174045	175118	1074	58.09	48	175
175168	178686	3519	44.62	6	1074
178724	179388	665	41.13	38	79
179963	181767	1805	83.06	74	239
182183	182763	581	87.55	86	149
183101	183547	447	51.81	57	92
183891	192699	8809	71.18	4	788
194063	196512	2450	36.32	34	92
196822	198778	1957	164.18	10	7998
198829	201928	3100	5.75	5	26
202392	202606	215	35.80	30	66
202830	203071	242	9.61	10	18
203373	203440	68	5.10	6	9
203637	204478	842	6.34	6	17
204520	208658	4139	75.49	57	301
208693	208800	108	23.04	24	30
209318	210487	1170	8.70	8	17
211419	211564	146	2.37	3	3
212394	215930	3537	12.31	10	49
215976	217617	1642	122.10	82	762
218006	218061	56	107.14	106	137
218258	218306	49	101.94	101.5	156
218340	219330	991	40.31	40.5	108
219377	223606	4230	46.26	32	213
223869	224095	227	142.77	114.5	227
224301	224530	230	68.97	62	139
225144	225568	425	12.77	7	77
225930	226237	308	894.86	546	3692
226416	226666	251	4060.69	4755	7701
226711	227370	660	26.50	24	58
227705	227751	47	17.06	13	30
228017	228090	74	23.51	26	32
228170	229909	1740	36.97	34	107
229953	232084	2132	32.71	29	100
232647	232726	80	79.62	77	93
233637	246537	12901	77.53	43	734
247385	247470	86	496.63	513	588
247919	249340	1422	220.25	208	477
250080	252397	2318	370.34	274	1182
252858	253932	1075	235.19	200	801
254249	254836	588	136.46	135	300
255075	255112	38	148.42	129	231
255954	256084	131	232.77	237	291
256155	256224	70	517.19	549	629
257273	262795	5523	301.11	254	1060
262944	263020	77	23.68	23	31
263487	263547	61	7.82	8	9
264215	267421	3207	24.88	20	94
268185	268913	729	21.89	20	46
268977	269154	178	57.75	70	94
269720	269820	101	6.01	6	15
270209	270249	41	7.39	8	8
270377	273570	3194	23.63	15	142
274142	275778	1637	33.08	30	100
276383	276881	499	24.25	24	49
276925	278434	1510	47.36	23	1797
278700	278713	14	397.64	430	434
278752	278848	97	55.65	49	166
279426	279476	51	20.35	22	29
279520	283467	3948	30.98	26	115
283691	285675	1985	7.89	5	40
286910	287140	231	4.27	5	6
287469	287488	20	0.95	1	1
288732	288808	77	0.00	0	0
289206	289282	77	1.78	2	3
289322	294157	4836	11.00	8	66
294192	297079	2888	12.95	3	101
298659	298687	29	1.52	2	2
298731	299835	1105	28.15	24.5	79
299868	302294	2427	58.35	56	151
302338	305014	2677	287.79	277	954
305054	309390	4337	2.97	2	14
309431	310041	611	2.03	1	16
310994	311212	219	26.33	22	48
311258	318112	6855	116.55	18	2055
318150	318310	161	66.77	79	117
318435	318442	8	116.88	141	146
318669	318772	104	168.45	129	328
319386	319569	184	179.63	187	253
319604	320757	1154	21.58	21	51
322028	322170	143	55.73	44	125
322421	323577	1157	91.86	78	216
323625	323761	137	7.95	9	13
323787	324139	353	1713.54	194	5427
325680	325744	65	318.42	289	588
325816	325829	14	384.00	417	418
325900	325974	75	187.04	94	537
326008	326154	147	2496.47	2594	4748
326189	326204	16	6693.75	6792	7999
326354	328457	2104	7082.46	7911	7998
328563	329208	646	4461.20	4241	8030
329322	329349	28	1133.21	1259	1547
329421	329423	3	41.00	61.5	62
329469	329657	189	2.16	2	4
329695	332698	3004	33.94	20	197
332850	332962	113	53.52	53.5	83
333294	333487	194	56.73	49	129
333624	333644	21	71.81	80	83
333686	334818	1133	12.47	11	38
334889	334929	41	284.34	296	303
335009	335049	41	657.98	620.5	933
335119	335137	19	1465.21	1620.5	1678
335208	335355	148	2267.26	1916	5252
335927	336000	74	7383.12	7889	7995
336206	336219	14	6762.71	7307	7427
336500	336520	21	1401.76	1467.5	2356
336566	336943	378	296.58	290	687
337098	337150	53	941.45	1001	1080
337446	337522	77	637.35	664.5	872
337611	338325	715	5065.47	5429.5	7997
338900	338950	51	4044.33	4175	4434
338997	340136	1140	6422.18	6925	7996
340203	344548	4346	939.82	926	2258
345528	345535	8	571.50	640	695
345960	345970	11	677.73	745.5	756
346434	346525	92	1551.08	1615	1755
346782	346801	20	928.90	977	1105
348462	348720	259	968.95	1008	1611
348764	349782	1019	235.69	158	950
349865	349890	26	10.15	11	12
350213	351587	1375	132.73	99	424
351634	351709	76	79.25	38	196
351840	351856	17	50.53	53.5	68
352287	354629	2343	24.53	17	85
354675	358928	4254	290.01	21	1713
358968	361183	2216	85.87	81	235
361665	361860	196	25.19	21	52
361931	361970	40	458.02	469	480
362041	362202	162	398.89	420	569
362273	362317	45	211.00	218.5	275
362389	362428	40	172.93	176	198
362499	362690	192	115.83	117	172
362762	362809	48	77.06	85	97
362881	362928	48	73.21	83	93
363000	364930	1931	16.16	14	98
365289	365439	151	41.28	28	95
365741	365850	110	23.47	26	35
366506	366573	68	39.09	41	46
366698	366771	74	35.99	37	45
366893	366930	38	46.13	44	58
367055	367128	74	92.45	89	121
367505	367707	203	13.75	9	38
368057	368481	425	28.08	24.5	50
368897	370522	1626	484.90	371	1744
370779	371041	263	282.81	268.5	505
371568	371782	215	583.97	634.5	905
371949	372043	95	314.45	296	588
372561	373035	475	664.47	709	1549
373667	374025	359	148.81	117	443
374189	375682	1494	146.92	26	1723
376053	376075	23	647.39	689	731
376335	376402	68	420.49	446	478
376448	376657	210	108.47	40	346
377001	377071	71	181.35	184.5	295
377259	377304	46	384.33	385	535
377678	378513	836	157.90	103	1856
378872	378997	126	5767.15	5459	7975
379440	379469	30	884.07	919	958
379510	379567	58	532.78	468	767
380403	380527	125	310.65	305.5	390
380727	380992	266	767.41	735	1111
381348	381355	8	784.38	904	911
381612	381789	178	3297.93	2392	7990
382361	382434	74	6527.26	7114	7906
382640	382653	14	7257.21	7903	7977
382934	382966	33	1667.15	1442	2690
383012	384198	1187	133.89	42	2549
384464	384577	114	2826.39	2140	5478
384846	384934	89	2908.92	2958	3157
385089	385150	62	2952.11	2930	4358
385290	385336	47	1610.49	1650.5	1882
385593	385607	15	542.00	576	615
385653	386662	1010	25.38	13	223
386967	387202	236	129.37	146	201
387972	391561	3590	213.22	132	851
391602	392028	427	2.99	3	7
392681	392944	264	3.71	4	11
392990	395350	2361	176.40	27	1238
395393	395478	86	1.83	1	4
395666	395794	129	22.33	23	35
396435	398971	2537	27.26	21	142
399147	399253	107	56.05	59	64
399720	399793	74	42.77	43	52
399984	400018	35	27.51	27	34
400410	401743	1334	442.58	48	5244
403285	403349	65	176.86	159	378
403421	403434	14	447.71	484	487
403506	403580	75	176.21	40	634
403614	403760	147	2468.07	2455	4715
403795	403810	16	6758.88	6912	7999
403960	406063	2104	7076.43	7907	7999
406169	406814	646	4907.19	4872	7998
406928	406955	28	959.54	1075	1344
407027	407029	3	35.00	52.5	53
407075	407449	375	7.10	7	13
407496	409087	1592	42.78	35	172
410016	410107	92	51.13	52	66
410742	411013	272	19.59	19	35
411240	411283	44	14.82	14	20
411564	412207	644	33.65	34	70
412617	412732	116	11.78	11	15
412778	414255	1478	44.79	35	154
414431	415751	1321	28.54	24	87
415798	417593	1796	13.70	12	33
417657	420564	2908	41.94	38	100
420617	422631	2015	114.08	13	581
422927	423152	226	466.33	482	632
423197	423957	761	19.08	15	50
424412	424497	86	14.64	15	20
425177	427506	2330	49.09	42	123
427655	429519	1865	83.99	78	196
429893	431502	1610	52.58	48	133
431819	431952	134	78.69	56	131
432734	434886	2153	47.28	40.5	232
434942	435460	519	183.83	74	979
435528	436039	512	1019.22	922	2243
436095	437077	983	66.71	45	207
437130	443620	6491	66.28	28	607
444066	444631	566	37.43	39	71
445173	450583	5411	37.58	25	157
451104	451500	397	109.46	81.5	245
452393	452890	498	67.77	48	187
452937	455322	2386	79.05	50	509
455360	456266	907	23.46	17	85
456301	456799	499	18.01	19.5	39
456832	460077	3246	55.64	14	554
460111	463190	3080	236.82	225	568
463239	463666	428	6.64	4	18
464922	465098	177	6.08	6	10
465152	466786	1635	1034.45	131	5026
467025	467062	38	694.16	728	904
467098	467272	175	55.01	36	208
467733	467746	14	31.50	35	37
468114	468446	333	189.74	168	375
468483	469357	875	71.75	66.5	147
469761	469810	50	36.74	35	62
470280	470412	133	26.49	26	41
470458	471682	1225	51.66	45	150
471717	477529	5813	82.09	72	356
477921	478045	125	34.39	38	54
478230	478273	44	22.45	24	26
478312	478358	47	12.40	14	18
478474	478493	20	142.10	149	163
478564	478597	34	184.44	193	201
478668	478688	21	131.52	139	146
478759	478805	47	104.83	99	141
478876	481132	2257	4.56	4	12
481248	481290	43	39.86	32.5	83
481361	481376	16	63.06	66	78
481447	481500	54	63.07	60	84
481571	482846	1276	32.08	23	91
482893	484639	1747	39.74	21	227
485208	485231	24	34.08	34	41
485268	485394	127	37.70	47	64
486245	486434	190	5.91	3	16
486468	491331	4864	42.51	31	175
492101	500081	7981	29.93	22	131
500117	501703	1587	195.85	183	564
502692	502753	62	75.87	78	95
503265	503314	50	141.90	133	177
503658	503725	68	16.44	17	26
503769	504942	1174	10.30	10	27
505268	505992	725	27.79	26	60
506747	506920	174	10.91	5	64
507387	507403	17	188.76	201.5	208
507870	509257	1388	1085.32	837	3220
509294	509449	156	943.15	782	1687
510468	510497	30	264.47	271	414
510544	511652	1109	243.85	224	518
511698	512524	827	12.06	9	81
512691	512791	101	17.14	17.5	31
513273	514221	949	62.48	51	166
514268	514652	385	6.16	4	17
514699	516598	1900	1022.58	940	2913
516753	516802	50	51.08	54	72
517269	517410	142	101.79	96	134
517532	517584	53	74.04	71	105
517946	518274	329	174.73	165.5	265
518657	518793	137	72.93	75	96
519179	519238	60	32.98	24	81
519286	522811	3526	3.47	2	18
522854	528403	5550	15.79	11	83
528942	529843	902	3.26	2	11
530328	530404	77	11.38	12	12
530565	530625	61	4.03	4	5
530670	530695	26	0.88	1	2
531114	531127	14	0.00	0	0
531186	535621	4436	12.45	6	111
535860	536287	428	38.28	42	73
536565	536811	247	23.26	11	70
536849	541381	4533	15.99	2	181
541671	542284	614	0.04	0	1
542889	542936	48	0.00	0	0
542992	545188	2197	0.00	0	0
545487	545596	110	0.00	0	0
545832	546001	170	0.20	0	1
546204	546493	290	0.00	0	0
547050	548673	1624	0.18	0	2
548731	549816	1086	10.26	0	46
549871	550189	319	60.92	68	121
550260	550349	90	15.96	18	31
550394	554172	3779	134.95	100	676
554217	555235	1019	801.61	877.5	2091
556082	556200	119	86.28	93	120
556234	556401	168	92.57	68	183
557132	558376	1245	82.81	34.5	453
558741	558882	142	45.75	46	61
559640	559718	79	10.42	12	15
559768	559815	48	48.12	57	58
560048	560764	717	25.10	23	49
561228	561276	49	44.31	43.5	55
562271	562354	84	59.89	53	91
562899	563866	968	51.18	50	105
563991	564358	368	288.43	25	1153
564639	565759	1121	78.03	46	279
565795	570069	4275	26.61	17	135
570809	571282	474	29.52	20	90
571860	572884	1025	20.85	18	84
573249	573625	377	27.84	27	46
573795	573910	116	26.21	24	36
573955	574716	762	92.43	35	417
575669	575807	139	71.01	55	179
575842	575982	141	5.40	7	12
576335	576544	210	27.67	4	250
578187	578479	293	176.78	154	483
578607	578881	275	399.99	372	612
579081	579106	26	72.62	75	81
579166	579324	159	98.60	138	178
580001	580591	591	191.79	99	2008
580749	580784	36	1003.39	1101	1463
580831	580967	137	65.78	74	94
581055	581093	39	1830.31	2499	2771
581165	581192	28	91.75	94	117
581280	581351	72	670.90	88	1883
581423	581483	61	18.75	19	29
581555	581632	78	56.36	68	77
581704	581765	62	20.23	22	26
581837	581913	77	32.95	43	56
582032	582690	659	58.91	65	127
583406	583527	122	52.79	44	104
584138	584238	101	26.12	25	36
584426	584502	77	95.26	103	144
585572	585650	79	12.82	12	17
585684	586783	1100	79.04	75	156
587091	587305	215	51.00	48.5	80
587652	587773	122	47.26	46	88
588294	588736	443	35.03	31	70
589071	589174	104	26.57	26	36
589683	590101	419	49.08	44	108
591219	591715	497	126.13	95	377
592185	592240	56	125.21	129	148
592288	594679	2392	39.25	33	118
594909	594934	26	70.31	69	85
595551	595651	101	200.76	158.5	373
595944	596139	196	57.41	58	112
596204	597937	1734	3478.99	3301	7998
598266	598296	31	730.68	789	914
598344	599586	1243	64.82	61	169
599629	603099	3471	266.53	96	5847
603476	603528	53	3143.13	3208.5	3938
603887	603927	41	901.98	898	1118
603973	604227	255	129.12	5	962
604337	604542	206	203.59	216	472
604742	606157	1416	162.54	159	669
606804	606850	47	130.47	135	150
606886	606940	55	33.47	34	49
607170	607237	68	80.13	79	100
607491	607575	85	185.76	197.5	237
608018	608029	12	37.00	41	56
608076	611527	3452	75.48	69	278
612123	612516	394	21.61	18	62
612559	613492	934	107.54	58	485
613851	614018	168	80.38	34	290
614074	614925	852	89.56	78	302
615128	615219	92	5.90	6	10
616001	616215	215	16.25	20	33
616493	616564	72	10.75	11	16
616598	617872	1275	18.82	17	48
618579	618626	48	16.56	17	18
618670	623248	4579	102.62	78	353
623291	625261	1971	106.77	20	656
625635	626358	724	2.79	2	17
626795	627015	221	14.37	15	24
627278	627462	185	6.22	6	10
627644	628320	677	11.66	10	27
628715	631441	2727	35.94	27	148
632013	632374	362	33.75	33	64
632583	633901	1319	37.93	20	430
634356	634396	41	312.90	323	335
635034	635308	275	123.87	108.5	218
635982	635992	11	75.82	83	89
636342	636508	167	104.44	121	175
636543	637047	505	58.60	65.5	119
637096	638143	1048	5.24	2	20
638763	638803	41	2.93	3	3
638849	639034	186	73.71	80	133
639858	640230	373	38.79	33	133
640787	641067	281	17.75	11.5	34
641609	642720	1112	29.56	27	89
642757	658178	15422	10.03	5	140
658221	662860	4640	14.62	13	46
662905	664208	1304	28.57	27	71
664238	666489	2252	84.91	73	298
667286	667414	129	9.31	9	16
670458	670535	78	2.91	3	5
670588	673234	2647	77.10	36	303
673278	674767	1490	24.20	20	304
674813	676410	1598	5441.90	7610	8006
676625	676653	29	306.38	321	329
676874	676906	33	81.73	84	102
676950	677466	517	187.39	180	496
677993	678127	135	214.86	230	286
678393	678676	284	365.46	370	638
679074	679261	188	216.21	220	321
679887	680075	189	416.34	421	530
680108	680188	81	55.16	67	77
680802	682593	1792	169.15	124	2602
682805	682927	123	788.53	983.5	1169
683006	683064	59	425.00	434	453
683136	683199	64	145.34	179	212
683330	683392	63	92.70	79	187
683790	683836	47	158.19	159	181
684195	684223	29	366.38	381	403
684414	684514	101	157.50	113	323
684711	685339	629	577.87	403	1669
685485	685519	35	545.23	575.5	585
685635	686302	668	1148.88	934	2870
686451	686536	86	819.98	779	1200
687012	687097	86	905.86	1010	1169
687276	687379	104	665.12	654	788
687699	687790	92	853.92	826	1139
687990	688155	166	710.77	729	1479
688463	689548	1086	101.19	99	227
689667	689899	233	3580.35	2499.5	7982
689941	690295	355	97.08	23	487
690678	690688	11	383.55	433	463
690876	690970	95	429.22	454.5	493
691206	691219	14	403.21	482	503
691614	691627	14	224.21	242	242
691827	691918	92	950.17	1058	1113
692082	692104	23	705.13	732	770
692316	692422	107	553.15	579.5	689
692469	693409	941	63.89	61	146
693452	693586	135	5.65	7	10
693780	695298	1519	9.08	8	29
695344	700161	4818	108.76	69	608
700520	701221	702	71.50	61	169
701556	703911	2356	23.06	17	121
704708	704817	110	105.87	121	143
705014	705463	450	59.02	58	111
705503	705506	4	10.00	13	14
705554	708000	2447	27.74	24	101
709253	709306	54	17.13	17	26
709344	712127	2784	232.32	197	805
712173	713753	1581	29.91	30	72
713793	717163	3371	44.74	28	678
717588	717723	136	304.78	317	433
718121	718176	56	32.32	32	36
718547	718611	65	130.83	127	190
718835	718923	89	28.71	30	46
719780	719946	167	22.26	22	41
720701	720775	75	61.21	64	73
721515	721573	59	144.58	135	184
722415	722449	35	25.40	25	32
722496	724075	1580	3.87	2	34
724248	724345	98	56.66	43	99
724917	725215	299	160.85	139	465
725382	725482	101	390.42	416.5	447
725524	727720	2197	396.29	22	2934
728187	728236	50	150.72	140	204
728604	728770	167	326.00	452.5	524
730677	730759	83	270.96	320.5	391
731241	731416	176	235.45	233	321
731496	731605	110	156.36	165	190
732042	732101	60	155.62	151	185
732154	732247	94	52.32	37	117
732651	733726	1076	74.89	57	204
733774	735618	1845	68.79	51	416
735866	735945	80	44.24	49	62
737051	737091	41	1.95	2	2
737390	737664	275	8.74	9	14
737712	739903	2192	31.46	24	90
740730	743659	2930	55.31	10	1209
744552	744646	95	494.82	465.5	693
744882	745030	149	185.28	190	256
745650	745705	56	70.09	61	109
745762	746297	536	20.64	18	48
746330	747460	1131	196.11	207	332
747543	749857	2315	66.40	17	408
750180	750412	233	12.95	11	37
750666	756009	5344	28.07	13	166
756136	756195	60	30.23	29	82
756227	756910	684	998.65	1077	3044
756959	758878	1920	83.18	73	235
759540	762260	2721	46.42	42	134
762313	762767	455	967.40	440	4824
764308	764378	71	297.92	313	549
764449	764523	75	197.13	124	576
764557	764753	197	1794.77	1825.5	7586
764903	767005	2103	6921.90	7912	8013
767111	767756	646	4783.14	4625	7999
767870	767947	78	369.59	189	1123
768019	768032	14	85.36	91	113
768066	768220	155	8.35	6	53
768534	768574	41	157.76	162	198
769026	769265	240	83.72	98	129
769311	772281	2971	40.73	36	170
772613	772719	107	37.19	33	53
772940	772989	50	30.10	28	63
773252	773274	23	10.83	13	15
773435	773592	158	7.89	8	14
773789	773931	143	15.29	17	23
774257	775255	999	5.49	5	12
775301	780454	5154	20.51	16	138
781281	782257	977	13.45	11	38
782916	783018	103	37.99	36	69
783554	783885	332	43.67	35	77
784142	784200	59	15.44	17.5	21
784445	786541	2097	43.65	31	234
786589	787513	925	1517.41	1473.5	3898
787695	787780	86	74.83	64	108
788388	788423	36	11.94	12	14
788471	795541	7071	67.47	14	506
795789	795844	56	813.12	869	907
796146	796183	38	29.26	29	37
796260	797146	887	65.24	64	111
797628	797811	184	83.76	83	113
797888	798045	158	70.45	80	99
798581	798665	85	37.54	32	87
798713	798760	48	0.00	0	0
798799	799821	1023	61.83	63	159
800267	800655	389	57.76	43	194
800900	803872	2973	235.60	221	829
805602	806337	736	195.49	156	547
806382	807753	1372	139.20	139	303
807800	807975	176	214.14	259	359
808376	809689	1314	24.37	22	94
809737	810084	348	68.61	45	221
810287	810858	572	151.08	97	489
811079	811132	54	115.65	116	150
812157	815351	3195	208.36	147	844
815399	817006	1608	111.73	106	330
817052	820041	2990	35.41	18	262
821435	821623	189	103.26	105.5	150
822159	822205	47	94.02	98	103
822459	822862	404	83.86	67	197
823134	823170	37	65.27	63	79
823217	825123	1907	5.35	4	22
825163	825297	135	13.87	4	69
825839	825905	67	129.21	128	165
825942	830208	4267	5.74	4	46
830951	833545	2595	3.72	3	16
834474	834609	136	0.02	0	3
835532	836848	1317	6.07	6	25
837141	837259	119	3.05	3	6
837432	837538	107	30.79	31	38
838125	838247	123	9.60	10	18
838310	840370	2061	4.02	4	14
840421	843759	3339	15.37	13	61
843929	844005	77	15.53	16	18
844619	844795	177	20.83	21	38
845103	853287	8185	4.56	2	38
853508	853620	113	2.07	2	4
854177	854292	116	0.00	0	0
854549	855591	1043	1.34	1	7
856982	857604	623	1.95	2	4
858413	858471	59	1.69	1	3
858508	858796	289	7.92	8	26
859002	859009	8	10.00	11	14
859170	859611	442	10.51	7	27
860012	860077	66	21.18	25	29
860124	861409	1286	10.94	7	32
861864	862407	544	12.21	12	26
862453	866700	4248	13.69	9	55
866745	872957	6213	16.35	13	80
873006	873259	254	2.41	1	14
873579	873637	59	16.24	12	25
874083	877174	3092	2.04	2	7
877362	877705	344	0.35	0	1
878610	878797	188	0.29	0	1
879198	879547	350	0.56	1	1
879927	881923	1997	1.93	1	11
882090	885333	3244	4.17	1	37
885458	885826	369	16.96	9	72
886254	886313	60	62.33	62	105
886367	886493	127	3.54	4	6
886534	890616	4083	53.37	4	452
891113	892722	1610	2.09	1	14
892937	896430	3494	1.60	1	19
897281	897679	399	1.64	1	5
898044	898276	233	1.83	2	3
898629	898735	107	9.60	12	17
899682	899684	3	1.67	2.5	3
899730	900510	781	0.62	0	3
900695	903460	2766	2.23	2	11
904140	904228	89	4.35	5	7
904602	905139	538	1.29	1	4
905423	907554	2132	2.04	1	10
908072	909636	1565	6.67	5	21
910541	911223	683	11.65	2	52
911266	914245	2980	16.08	10	97
914277	914290	14	495.64	426	1189
914655	915397	743	102.66	96	300
915798	915849	52	84.88	80	123
916097	916153	57	61.35	58	87
916205	920170	3966	99.85	48	1274
920218	920434	217	154.10	207	435
922224	922545	322	385.34	307	1476
922730	922977	248	50.53	52	76
923156	923331	176	44.72	50	60
923564	923690	127	21.26	19.5	48
923733	927438	3706	13.37	2	347
928931	928964	34	12.65	13	19
928998	932619	3622	34.89	21	280
933014	933144	131	23.01	26	30
933614	934338	725	26.53	18	90
934742	934971	230	45.69	45	82
935735	935754	20	24.60	26	28
935801	935949	149	44.16	40	68
936302	936377	76	13.43	13	23
936424	937797	1374	116.65	37	737
937842	940627	2786	92.03	84	440
940860	940881	22	22.45	24	25
940997	941016	20	4.75	5	5
941070	942798	1729	23.85	22	69
942845	943886	1042	248.83	32	8022
944222	944379	158	58.59	68	130
944431	946399	1969	14.18	11	65
946683	946723	41	20.07	20.5	26
947199	947438	240	13.65	13	24
947483	951196	3714	57.95	42	237
951495	951720	226	53.39	52	75
951851	952266	416	55.21	54	89
952559	952784	226	28.75	18	53
952830	953175	346	41.49	44	81
953411	953466	56	32.43	31	38
954047	954138	92	48.32	51	62
954386	954438	53	13.58	15	15
954481	954709	229	12.04	10	23
954920	957155	2236	19.12	17	73
957194	962608	5415	69.74	38	413
962654	963748	1095	40.41	30	127
964269	965119	851	12.29	11	40
965166	967246	2081	72.42	39	327
967329	968038	710	56.43	25	239
968502	969829	1328	53.46	29	616
969927	970135	209	342.31	315	514
971010	971234	225	244.43	238.5	337
971277	973126	1850	404.66	360	1202
973253	973342	90	69.80	59	112
973422	973511	90	93.97	80	156
973591	973681	91	116.62	98	204
973761	975118	1358	16.90	13	60
978138	978264	127	6.74	6.5	11
978315	978667	353	0.31	0	3
979086	979528	443	0.99	1	2
980565	982177	1613	4.04	4	13
982275	982443	169	2.59	2	6
982958	982977	20	2.85	3	3
983426	986896	3471	2.87	2	29
987441	988479	1039	10.65	9	35
988967	990351	1385	7.40	6	22
990854	991950	1097	6.26	6	18
991993	996519	4527	11.06	7	47
996567	998470	1904	2.91	2	13
998508	999427	920	0.44	0	3
999957	1000066	110	0.99	1	1
1000632	1005411	4780	4.48	4	30
1005810	1006903	1094	59.24	5	744
1008033	1008191	159	324.68	354.5	530
1008238	1010543	2306	59.04	43	164
1010573	1010955	383	47.51	50	113
1010988	1018660	7673	58.32	26	373
1018731	1022007	3277	111.71	101	309
1022053	1023508	1456	19.94	13	73
1023587	1029072	5486	109.64	66	940
1029118	1031557	2440	559.63	487	2299
1031608	1032107	500	590.37	699	1131
1032150	1034701	2552	160.31	131	1120
1035084	1035192	109	59.23	62	89
1035237	1035262	26	18.54	22	39
1036203	1036213	11	18.64	20	22
1036449	1036471	23	24.04	26.5	33
1036551	1036780	230	28.89	31	52
1036968	1037041	74	18.30	21	23
1037247	1037448	202	8.04	7	20
1037484	1037926	443	113.32	2	501
1038807	1038957	151	143.41	181	201
1039002	1039848	847	28.02	25	70
1039889	1040283	395	16.93	18	28
1040323	1042055	1733	79.51	66	247
1042103	1043185	1083	30.21	25	86
1043232	1045648	2417	22.58	16	109
1046136	1048344	2209	70.23	59	251
1048808	1048938	131	323.46	324	380
1050143	1050178	36	57.39	65	73
1050208	1050499	292	71.03	2	243
1051047	1051165	119	417.50	416	500
1051209	1051285	77	13.08	15	25
1052214	1052255	42	8.10	9	10
1052303	1054321	2019	44.85	41	134
1054572	1054859	288	27.48	26	42
1054910	1056778	1869	375.51	367.5	1140
1056821	1058423	1603	12.00	10	30
1058472	1061356	2885	59.74	42	326
1062381	1062640	260	70.55	76	111
1062741	1062909	169	170.63	193	246
1062955	1064818	1864	180.01	165	610
1064870	1069858	4989	49.03	39	286
1069900	1071226	1327	66.48	33	278
1071657	1072065	409	151.76	118	321
1072526	1072767	242	45.48	49	63
1072919	1073535	617	52.22	58.5	85
1073723	1074355	633	62.77	64	116
1074987	1075168	182	13.63	14	19
1075527	1075885	359	27.57	23	64
1075930	1078935	3006	30.02	25	127
1079216	1079847	632	42.18	39	89
1079882	1087082	7201	40.72	27.5	336
1087120	1087130	11	6.36	7	7
1087201	1089186	1986	28.62	25	100
1089425	1089447	23	22.17	23	25
1089575	1089696	122	24.99	25	35
1089800	1089957	158	18.34	18	26
1090057	1090246	190	22.79	16	68
1090572	1090648	77	80.81	81	96
1091142	1091464	323	63.93	59.5	100
1091580	1091695	116	53.25	59	71
1091946	1093018	1073	35.70	30	86
1093156	1093203	48	62.75	65	68
1093688	1093704	17	15.12	17	17
1094081	1094763	683	59.20	45	152
1095167	1095456	290	52.07	55	104
1095800	1097877	2078	71.55	8	1094
1098044	1098342	299	52.11	38	154
1099001	1099014	14	44.57	47	58
1099721	1099953	233	35.97	31	99
1099989	1100467	479	208.96	43	1278
1101132	1101183	52	386.79	418	513
1101230	1102289	1060	9.99	10	28
1102337	1104038	1702	104.82	85	333
1104076	1105849	1774	95.73	80	420
1106415	1106496	82	25.50	32	35
1106545	1108687	2143	80.66	73	196
1108731	1109873	1143	86.07	60	283
1109916	1111467	1552	5.88	6	16
1111508	1112988	1481	64.31	53	252
1113038	1114719	1682	114.12	18	1738
1114753	1114933	181	10.51	3	50
1115751	1115779	29	36.31	38	50
1116192	1116258	67	20.67	21	26
1116971	1117149	179	15.61	16	23
1117685	1117692	8	5.75	7	7
1117970	1118061	92	29.46	33	38
1118282	1118359	78	15.40	21	22
1118392	1119026	635	129.74	137	275
1119057	1120269	1213	151.06	153.5	442
1120586	1121745	1160	27.73	17	154
1121951	1122008	58	2.95	3	3
1122041	1124871	2831	75.93	65	358
1125143	1125791	649	78.04	78	184
1125836	1126741	906	11.60	12	34
1126790	1127719	930	83.13	82	172
1128198	1128211	14	47.07	53	56
1128645	1128798	154	26.90	11	70
1128848	1130097	1250	28.56	18	169
1130237	1130295	59	66.61	69	74
1130516	1135445	4930	34.86	18	357
1135541	1135872	332	210.30	0	5106
1136048	1136304	257	24.01	22	62
1136750	1136766	17	22.59	23	27
1137233	1137415	183	32.15	28	51
1137756	1137814	59	24.47	24	31
1137846	1137906	61	13.11	15	21
1138751	1139666	916	1.54	2	5
1139706	1142923	3218	2.31	2	10
1142969	1145448	2480	8.73	8	26
1145491	1147879	2389	55.70	28	380
1148190	1148281	92	34.33	35	45
1148826	1149421	596	34.03	28	74
1149522	1151884	2363	9.07	8	40
1152111	1152265	155	4.42	4	7
1152597	1152645	49	4.06	5	5
1152974	1153488	515	4.31	4	17
1154180	1154290	111	13.92	14	19
1154607	1155091	485	15.80	15	40
1155243	1158916	3674	57.00	4	673
1160055	1160376	322	127.57	144	249
1160426	1161447	1022	42.68	43	93
1161611	1161735	125	33.70	35	45
1162274	1162467	194	38.53	32	75
1162952	1163007	56	44.07	48	52
1163198	1164288	1091	34.52	32	77
1164331	1164589	259	24.90	8	63
1164861	1164985	125	9.85	11	14
1165218	1165391	174	7.82	7	15
1165437	1169316	3880	569.42	528	1589
1169735	1170805	1071	17.43	11	76
1171680	1171819	140	12.04	7	43
1172592	1172877	286	19.91	19	41
1173269	1173635	367	13.80	11	25
1173682	1174705	1024	6.53	5	15
1175157	1176396	1240	7.22	6	15
1176833	1176903	71	38.37	31.5	59
1176956	1179132	2177	43.40	27	265
1179455	1179651	197	323.18	334.5	533
1180190	1180475	286	113.72	105	176
1180520	1182106	1587	1.93	1	8
1182555	1182616	62	5.10	5	6
1182885	1184197	1313	2.82	3	8
1184721	1184955	235	220.30	198.5	435
1185581	1185642	62	96.35	89	123
1185691	1186327	637	21.67	5	91
1187004	1187027	24	11.46	9	28
1187059	1187244	186	2.77	1	13
1187594	1188408	815	17.24	18	44
1189289	1190883	1595	18.81	16	46
1191686	1197018	5333	55.80	35	353
1198022	1198110	89	7.90	8	8
1198154	1198969	816	210.51	127	588
1199150	1200885	1736	17.05	13	70
1200919	1201088	170	26.26	0	220
1201229	1202223	995	46.41	38	128
1203452	1203603	152	11.55	12	17
1204493	1204587	95	19.01	19	26
1204961	1205163	203	14.19	13	25
1205588	1207030	1443	18.81	16	68
1207731	1207896	166	21.86	22	28
1208114	1208151	38	13.74	14	17
1208414	1208435	22	11.91	12	16
1208481	1209672	1192	140.18	27	1230
1211870	1211886	17	112.65	112.5	156
1211932	1212710	779	86.31	36	420
1212977	1215304	2328	211.86	176	634
1215348	1217191	1844	12.14	11	36
1217238	1217841	604	43.14	32	133
1218932	1219100	169	15.12	14	21
1219146	1225604	6459	55.92	41	284
1225659	1229094	3436	53.58	18	454
1230323	1230499	177	50.32	46	138
1231530	1231584	55	14.95	14	26
1231629	1239900	8272	42.65	14	385
1239945	1240611	667	17.03	17	38
1240660	1248976	8317	17.54	10	125
1249083	1249242	160	5.56	5	14
1249910	1251851	1942	69.14	69	149
1251898	1255539	3642	31.65	27	101
1255577	1257115	1539	86.70	84.5	288
1257672	1260010	2339	18.56	16	63
1260465	1260553	89	11.82	10	20
1260596	1261683	1088	16.09	15	34
1261729	1266343	4615	46.85	36	217
1266385	1273357	6973	40.32	27	275
1273403	1273548	146	5.63	6	9
1273844	1274229	386	12.47	12	24
1274918	1275348	431	15.06	12	38
1275398	1283733	8336	26.80	4	547
1283772	1284999	1228	394.34	360	1012
1285127	1285857	731	27.42	23	92
1286762	1287102	341	2.62	2	8
1287785	1290586	2802	15.37	5	952
1290921	1291015	95	41.28	39	56
1291182	1291272	91	97.02	103	109
1291496	1291839	344	18.22	17	35
1291931	1292373	443	23.63	23	36
1292843	1292898	56	16.41	11	27
1293044	1293645	602	47.98	43	113
1293688	1293913	226	10.34	7	51
1293982	1293989	8	62.38	70	78
1294060	1294129	70	63.16	65	78
1294211	1294226	16	67.81	74	74
1294342	1294587	246	19.99	0	67
1294937	1295169	233	24.54	25	35
1295639	1296490	852	24.22	15	121
1296702	1296715	14	175.50	189	195
1297416	1297584	169	104.56	112	132
1297883	1298085	203	120.84	121	172
1298603	1298658	56	151.84	158	173
1298861	1299552	692	128.98	129	234
1299830	1299857	28	109.61	117	121
1299903	1300284	382	95.43	19	604
1300547	1300569	23	519.87	540	591
1300618	1300621	4	3.75	5	5
1300663	1302629	1967	27.73	24	79
1302676	1305017	2342	12.47	6	61
1305069	1308709	3641	33.78	15	211
1308756	1311525	2770	53.78	21	249
1312550	1313368	819	4.65	4	28
1313880	1313908	29	14.41	14	17
1314348	1314976	629	51.53	16	234
1315806	1315874	69	19.03	21	39
1315916	1316001	86	14.67	18	22
1316903	1317019	117	6.26	6	9
1317399	1317970	572	13.31	8	36
1318011	1318722	712	46.77	44	106
1318756	1321818	3063	57.31	3	697
1321855	1330302	8448	110.36	68	1392
1331720	1331817	98	296.76	304	333
1331954	1331967	14	412.64	443	454
1332110	1332138	29	74.28	68.5	122
1332266	1332282	17	178.59	182	221
1332494	1332507	14	503.14	542	562
1332644	1332657	14	391.50	425	441
1332794	1332941	148	781.21	790	1010
1332987	1336880	3894	18.03	7	113
1336918	1337133	216	74.47	60	246
1337591	1337726	136	46.26	47	65
1337758	1337973	216	85.26	85	178
1339046	1341906	2861	29.67	23	111
1342781	1343730	950	15.57	12	42
1343828	1343910	83	20.33	20	24
1344416	1344844	429	16.17	18	30
1345290	1345414	125	33.90	10.5	84
1345950	1348933	2984	14.78	3	213
1349325	1349416	92	5.03	5	7
1350654	1350726	73	0.99	1	1
1350768	1352145	1378	11.53	9	43
1352480	1352571	92	14.18	14	19
1352738	1353717	980	28.05	23	101
1355180	1355289	110	28.17	33	38
1355323	1356840	1518	1.79	1	6
1356872	1356934	63	2.27	2	5
1357209	1357414	206	2.50	2	7
1358370	1359034	665	4.09	2	11
1359570	1359589	20	0.95	1	1
1360245	1361229	985	14.21	11	52
1361360	1361400	41	31.61	36.5	42
1362173	1362333	161	26.34	29	38
1362381	1364498	2118	12.63	12	28
1364537	1367013	2477	28.22	27	83
1367228	1367445	218	46.93	46	78
1367645	1367901	257	39.01	35	59
1368491	1368506	16	13.12	14	14
1368553	1371475	2923	26.07	21	94
1371510	1374772	3263	77.17	5	627
1375019	1375137	119	10.34	10	20
1375880	1375938	59	2.03	2	4
1375984	1379968	3985	80.41	33	439
1380014	1381395	1382	133.56	101	515
1381444	1386943	5500	91.31	46	857
1386990	1389367	2378	25.71	20	92
1389483	1389486	4	8.25	11	11
1389839	1391569	1731	42.58	42	93
1392054	1392648	595	49.24	42	95
1392692	1397091	4400	27.70	10	159
1398461	1398555	95	46.55	46	58
1398794	1399488	695	8.15	8	20
1399805	1399834	30	27.90	30	35
1400187	1401270	1084	38.89	39	78
1401311	1409154	7844	196.53	16	3460
1409966	1410406	441	9.75	10	16
1410780	1411165	386	9.42	6	26
1411548	1412811	1264	4.07	3	11
1412845	1413216	372	1.54	1	4
1413827	1414025	199	1.45	1	2
1414061	1415068	1008	1.18	1	5
1415114	1418893	3780	1.77	1	9
1418940	1419081	142	17.39	21	24
1419263	1419294	32	5.78	5	7
1419671	1419781	111	10.56	10	14
1420512	1422271	1760	4.33	3	20
1423665	1424035	371	1.04	1	3
1424427	1424676	250	4.05	3	9
1425821	1425865	45	3.51	3	6
1426092	1426123	32	0.03	0	1
1427439	1427572	134	7.11	7	10
1427697	1427748	52	0.00	0	0
1427794	1427934	141	5.68	3	22
1428356	1429871	1516	7.74	7	20
1429920	1431988	2069	93.78	87	424
1432323	1434730	2408	5.69	4	28
1434975	1435141	167	6.18	4	19
1435326	1438039	2714	3.27	3	8
1438377	1438432	56	12.14	13	20
1438626	1438768	143	9.31	11	16
1439103	1439176	74	13.80	13	21
1439508	1439596	89	7.21	7	11
1439928	1440100	173	8.12	6	18
1440351	1440646	296	6.57	7	14
1440711	1441977	1267	50.01	23	207
1442042	1443093	1052	6.11	5	22
1443161	1443225	65	6.77	8	8
1443284	1443888	605	6.59	7	14
1444073	1444266	194	8.14	6	18
1444724	1444741	18	9.39	10	11
1444790	1446253	1464	15.11	14	43
1446519	1446977	459	7.40	6	21
1447023	1447884	862	165.85	156	527
1447923	1448194	272	1.96	1	6
1448256	1452660	4405	3.71	3	43
1452989	1453092	104	18.35	12	52
1453259	1454848	1590	31.39	29	103
1455237	1455493	257	28.41	31	39
1455909	1457687	1779	25.76	27	58
1457745	1458859	1115	33.45	14	141
1459545	1460280	736	2.10	2	7
1460468	1460565	98	2.12	4	4
1461029	1461090	62	5.92	5	11
1461140	1462884	1745	7.75	5	39
1463336	1469647	6312	16.34	12	155
1470231	1470484	254	77.46	79	105
1470936	1471765	830	44.85	15	173
1471808	1473189	1382	26.00	19	114
1473638	1473891	254	34.90	36	57
1474151	1474338	188	21.69	15	44
1474619	1474743	125	42.47	43	57
1475039	1475076	38	19.55	20	24
1476833	1476994	162	175.52	191	282
1477455	1477472	18	19.11	20	23
1477517	1477622	106	5.57	8	8
1477661	1478065	405	3.45	3	7
1478454	1479037	584	2.21	2	6
1479069	1480419	1351	10.11	8	28
1480541	1481667	1127	5.39	4	17
1482983	1484759	1777	19.07	8	109
1484805	1484826	22	12.41	13	13
1485101	1485143	43	1.95	2	2
1485186	1496406	11221	3.06	2	27
1496705	1497039	335	2.84	3	6
1497239	1497519	281	6.40	6	12
1498082	1498278	197	9.21	8	19
1498586	1498641	56	19.68	17	38
1498946	1499022	77	10.40	11	14
1499471	1499740	270	14.48	8	37
1500246	1500451	206	26.52	23	45
1500675	1500863	189	7.69	8	13
1500908	1501857	950	48.66	36	145
1502426	1502526	101	26.77	25	55
1503050	1503253	204	109.95	101	182
1504200	1504363	164	76.81	66	127
1505541	1505822	282	26.33	25	47
1505872	1507816	1945	9.12	7	35
1507851	1509649	1799	78.29	64	229
1510095	1513828	3734	2.51	2	21
1514175	1515567	1393	6.66	6	19
1515911	1518898	2988	4.16	2	34
1518940	1520425	1486	14.36	9	95
1520523	1521836	1314	89.44	42	661
1521882	1522985	1104	71.12	60	220
1523038	1524108	1071	290.45	250.5	690
1524158	1526404	2247	56.43	39	239
1526478	1528426	1949	41.78	26	173
1528818	1529514	697	54.96	55	111
1529564	1531668	2105	90.82	23	381
1531711	1536281	4571	38.06	26	229
1536330	1540363	4034	187.87	161	805
1540941	1540957	17	107.35	114	115
1541388	1542084	697	24.88	25	61
1542275	1542420	146	16.49	17	22
1542743	1542819	77	4.95	6	7
1543148	1550081	6934	6.20	3	48
1550124	1550449	326	14.27	12	24
1550499	1550509	11	22.27	26	26
1550562	1550569	8	34.12	40	40
1550622	1550629	8	13.12	15	15
1550700	1550707	8	6.38	7	9
1550760	1550767	8	15.75	18	18
1550820	1550911	92	15.21	17	23
1550964	1550971	8	15.25	17	20
1551021	1551889	869	20.44	18	57
1551942	1551949	8	12.62	14	17
1552002	1552009	8	10.75	13	13
1552062	1552069	8	30.00	34	36
1552116	1552300	185	10.84	10	27
1552344	1552360	17	12.35	11	20
1552395	1552414	20	27.70	29	30
1552455	1552483	29	19.17	19	23
1552536	1552540	5	16.20	20	21
1552590	1552597	8	18.25	21	21
1552644	1552660	17	3.47	3	6
1552704	1552711	8	6.38	7	8
1552764	1552768	5	6.40	8	8
1552812	1552825	14	6.50	7	7
1552875	1552882	8	6.62	8	8
1552932	1552939	8	16.38	18	20
1552989	1553053	65	9.55	11.5	19
1553097	1553110	14	4.64	5	5
1553157	1553170	14	7.43	8	8
1553217	1553224	8	11.00	12	14
1553265	1553338	74	25.41	25	32
1553379	1553398	20	1.90	2	2
1553445	1553467	23	0.96	1	1
1553502	1553512	11	2.73	3	3
1553565	1553572	8	3.50	4	4
1553622	1553626	5	3.20	4	4
1553679	1553689	11	4.73	5	6
1553733	1553740	8	10.50	12	12
1553787	1553797	11	8.18	9	9
1553847	1553863	17	13.24	14	15
1553904	1553911	8	11.25	12	15
1553961	1553974	14	3.64	4	5
1554021	1554025	5	6.40	8	8
1554078	1554082	5	18.40	23	23
1554132	1557838	3707	14.92	15	42
1558044	1559692	1649	16.72	15	54
1560156	1560514	359	29.03	17.5	75
1560984	1563831	2848	22.95	19	79
1563869	1564395	527	4.75	4	11
1564449	1566924	2476	22.25	11	109
1566968	1570877	3910	4.98	4	25
1570911	1572957	2047	34.22	17.5	131
1573130	1577511	4382	7.42	5	47
1577645	1578726	1082	17.22	7	68
1578768	1578877	110	352.59	348	469
1578915	1579056	142	0.00	0	0
1579102	1582362	3261	7.04	3	46
1582496	1583638	1143	25.74	15	91
1583787	1583863	77	25.21	24	35
1584330	1584847	518	4.18	3	42
1584889	1584998	110	343.69	335	462
1585036	1585177	142	4.75	6	7
1585223	1586947	1725	51.93	38	158
1587573	1587910	338	18.88	13	65
1588221	1588950	730	127.25	119	276
1588995	1589303	309	99.05	112.5	214
1589351	1591588	2238	103.96	93	274
1591689	1592440	752	59.95	56	99
1592520	1596431	3912	39.92	30	214
1596470	1597512	1043	69.94	55	247
1597548	1605589	8042	87.22	83	304
1605644	1606448	805	2.58	2	9
1606493	1615559	9067	69.29	16	753
1615602	1617154	1553	12.00	11	32
1617246	1620427	3182	42.09	35	177
1621314	1621377	64	70.66	70	86
1621850	1621890	41	53.22	59	67
1621937	1622817	881	12.66	13	29
1622851	1630582	7732	11.51	9	80
1630619	1632049	1431	10.36	8	31
1632744	1632814	71	9.69	10	11
1632862	1638550	5689	18.88	11	87
1639230	1639426	197	11.08	12.5	21
1639956	1640112	157	5.50	5	10
1640588	1640731	144	27.60	31	39
1641261	1641333	73	19.44	19	26
1641674	1641906	233	14.16	11.5	26
1642385	1642425	41	9.02	9	12
1642835	1642878	44	6.36	6	12
1643090	1644192	1103	10.24	9	60
1644416	1644612	197	96.98	54.5	199
1644659	1649945	5287	26.36	7	281
1649980	1651908	1929	75.57	40	406
1652060	1653712	1653	9.17	8	35
1653767	1653994	228	3.94	4	9
1654887	1661364	6478	23.25	20	114
1662356	1662564	209	0.04	0	2
1662616	1663023	408	2.70	4	6
1663499	1663794	296	1.58	0	7
1664351	1664548	198	1.37	2	3
1664901	1665586	686	1.43	1	9
1665750	1665793	44	1.95	2	2
1666266	1666381	116	93.50	90	134
1667052	1667077	26	30.31	32	34
1667123	1671250	4128	51.15	40	251
1672230	1672258	29	7.38	8	8
1673133	1673235	103	13.39	13	16
1673267	1675483	2217	9.68	8	38
1675524	1675735	212	3.91	4	6
1676583	1678027	1445	5.95	6	15
1678713	1678849	137	1.90	1	4
1679190	1679251	62	1.74	2	3
1679979	1680103	125	4.20	4	6
1680474	1680621	148	13.62	13	19
1681130	1681213	84	5.51	5	9
1681260	1684557	3298	2.21	2	13
1685528	1685727	200	1.00	1	4
1685885	1685949	65	4.63	5	5
1685991	1691544	5554	94.20	67	336
1692218	1695256	3039	1.82	1	10
1695321	1698459	3139	2.63	2	17
1698890	1698937	48	0.00	0	0
1698985	1700152	1168	6.66	7	15
1700808	1701010	203	1.50	1.5	3
1701507	1701565	59	4.25	5	5
1701966	1702153	188	1.55	2	3
1702587	1702704	118	0.00	0	0
1703411	1703474	64	14.94	15	19
1703506	1703709	204	0.13	0	9
1704398	1705417	1020	3.28	3	10
1705845	1711480	5636	11.80	7	56
1712052	1712234	183	3.02	3	4
1712277	1712297	21	9.19	9	11
1712369	1712395	27	10.37	11	11
1712467	1713277	811	9.39	6	35
1713735	1720306	6572	28.94	18	216
1720346	1720500	155	9.97	10	17
1721162	1721229	68	16.50	18	20
1721768	1724062	2295	5.58	4	17
1725105	1725675	571	14.82	13	41
1726565	1726921	357	2.66	2	11
1727331	1727581	251	7.60	5	19
1727617	1732249	4633	9.79	8	46
1732761	1732843	83	18.59	21	26
1732889	1743378	10490	108.95	92	403
1743662	1743749	88	127.35	151	170
1743795	1745069	1275	126.27	114.5	255
1745113	1749953	4841	90.01	76	356
1749988	1751378	1391	17.75	18	34
1751411	1757308	5898	16.54	8	288
1757988	1758361	374	5.61	4	15
1758696	1758703	8	0.88	1	1
1758745	1761817	3073	29.22	26	130
1762272	1762639	368	6.44	7	12
1762836	1764288	1453	15.35	8	71
1764614	1764714	101	7.21	7	15
1764926	1765957	1032	5.13	4	23
1766262	1766815	554	1816.49	1436	4341
1766866	1768500	1635	3.29	2	17
1769057	1769091	35	0.97	1	1
1769282	1769475	194	1.87	2	7
1770125	1770646	522	3.77	2	17
1771704	1771715	12	18.17	19	23
1771767	1774778	3012	6.45	4	45
1774814	1776910	2097	198.55	184	637
1777449	1777621	173	1.87	2	3
1778490	1778659	170	4.06	4	9
1778874	1786701	7828	6.66	5	38
1786869	1788339	1471	25.63	19	69
1788389	1792939	4551	8.24	7	28
1793994	1794910	917	54.08	17	491
1795203	1795275	73	152.60	149	225
1795323	1795627	305	14.96	19	32
1796436	1796765	330	4.98	4	12
1796806	1798413	1608	4.32	4	16
1798772	1799017	246	3.32	4	8
1799271	1800362	1092	14.20	13	38
1800406	1802377	1972	13.19	9	55
1802502	1802728	227	26.26	25	44
1803144	1803307	164	21.30	19	34
1803663	1803882	220	29.09	21	125
1805021	1805063	43	34.58	37	37
1805109	1812703	7595	13.04	9	69
1813191	1813561	371	6.16	6	15
1813662	1814052	391	23.89	25	35
1815185	1816431	1247	8.07	8	21
1816586	1816725	140	5.74	7	9
1817270	1818400	1131	25.36	25	47
1818900	1819138	239	23.88	20	44
1819737	1820315	579	66.51	72	135
1820357	1822681	2325	20.15	7	76
1822732	1824616	1885	21.94	16	118
1824677	1829200	4524	2.96	3	13
1829239	1830807	1569	41.73	11	415
1831349	1831702	354	31.62	27	60
1832109	1832545	437	71.79	22	211
1832646	1832722	77	7.43	2	25
1832756	1832908	153	3.67	5	9
1833426	1833563	138	15.69	17	24
1833597	1833687	91	1.56	0	5
1833902	1834976	1075	40.49	33	105
1835018	1837767	2750	2.54	2	11
1837943	1838022	80	2.17	2	3
1838664	1840053	1390	15.80	10	70
1840409	1840509	101	26.78	33	46
1841027	1841922	896	20.58	15	56
1842446	1842720	275	36.69	35	56
1842763	1845616	2854	6.63	5	30
1846653	1846657	5	4.00	5	5
1847271	1847299	29	15.76	17	19
1847691	1847923	233	13.28	11	26
1847964	1849114	1151	14.47	7	70
1849161	1856838	7678	65.54	54	357
1857329	1857446	118	14.39	15	20
1857490	1859529	2040	38.09	6	202
1859663	1859700	38	45.16	47	49
1860509	1860689	181	105.52	92	273
1860774	1860919	146	285.95	302	342
1861200	1861234	35	57.31	59	65
1861470	1861537	68	31.49	33	40
1861573	1862026	454	4.85	5	11
1862376	1862557	182	12.27	12	17
1862787	1863767	981	20.01	18	64
1863801	1867148	3348	83.66	56	521
1867201	1870188	2988	165.28	159	430
1870467	1873609	3143	30.77	10	147
1873800	1873821	22	24.32	29	32
1873867	1874058	192	4.06	4	7
1874102	1875459	1358	539.28	472	1986
1875518	1878683	3166	15.32	7	126
1878827	1880071	1245	11.84	6	60
1880205	1883685	3481	15.05	12	76
1884362	1884589	228	3.76	1	15
1885383	1887744	2362	35.15	28	138
1888232	1888398	167	14.71	18.5	28
1888871	1890622	1752	49.19	45	117
1891095	1891503	409	36.05	37	75
1892360	1895499	3140	22.20	20	68
1895543	1895691	149	1.57	1	17
1895774	1895778	5	506.60	633	634
1895822	1896106	285	9.60	5	36
1896369	1896718	350	38.76	36	91
1897215	1897419	205	15.51	16	27
1897736	1922256	24521	20.02	14	203
1922468	1925173	2706	5.06	4	20
1925209	1930897	5689	48.95	34	327
1931427	1931899	473	44.31	37	88
1932831	1933557	727	27.34	23	76
1933955	1934349	395	14.36	8.5	43
1934936	1934946	11	11.82	13	13
1935551	1935669	119	1.46	0	4
1935717	1936237	521	1.07	0	4
1936593	1936632	40	10.40	11	11
1936724	1942369	5646	14.84	5	210
1942407	1948165	5759	11.57	3	219
1948293	1949215	923	40.44	3	214
1949598	1949774	177	4.86	5	9
1949815	1950705	891	3.91	3	15
1950745	1952514	1770	0.80	0	6
1952566	1953327	762	23.76	4	153
1953371	1953463	93	17.51	24	29
1953591	1954809	1219	9.94	7	41
1955282	1955391	110	0.88	1	1
1956041	1959325	3285	2.73	1	14
1960722	1960774	53	1.13	2	2
1960832	1961112	281	2.68	0	43
1961522	1965124	3603	51.13	42	235
1965387	1965459	73	74.70	79	85
1965674	1965804	131	22.95	25	32
1966172	1969413	3242	233.17	128	1503
1970483	1973914	3432	6.97	5	34
1974435	1974493	59	22.31	22	28
1974539	1975750	1212	48.78	41	124
1975796	1981189	5394	311.98	61	4111
1981242	1984845	3604	235.70	209	734
1984889	1987224	2336	30.10	25	100
1987262	1988806	1545	117.82	100.5	566
1989279	1990185	907	33.36	16	560
1990739	1990785	47	2.28	3	3
1991132	1991848	717	14.98	10	35
1991898	1992668	771	58.90	53	153
1992714	1996422	3709	43.14	25	222
1997135	2000280	3146	20.38	19	71
2001044	2001085	42	80.48	78	137
2001135	2005149	4015	36.19	5	1089
2006684	2006698	15	23.40	25	26
2006741	2007013	273	1953.29	777.5	5550
2008788	2008837	50	1300.34	1339	1564
2009169	2009237	69	582.96	678.5	862
2009282	2009485	204	10.81	9	23
2010390	2013378	2989	23.61	3	237
2013425	2013451	27	0.96	1	1
2014041	2014216	176	99.01	3	1016
2014710	2014741	32	33.44	33	102
2014774	2015014	241	4.01	1	9
2016093	2016103	11	1.82	2	2
2016861	2017036	176	2.57	2	6
2018298	2018386	89	5.71	6	6
2019684	2019896	213	6.93	7	11
2019940	2026513	6574	29.57	19	167
2026556	2027979	1424	26.19	24	61
2028092	2031885	3794	21.36	17	104
2032175	2032263	89	48.00	27	103
2032742	2032962	221	20.26	21	39
2033174	2033475	302	25.20	22	64
2033765	2034088	324	74.98	50	177
2034609	2037272	2664	13.57	11	71
2037306	2037577	272	4.58	4	12
2038047	2038138	92	11.59	11	16
2038191	2039781	1591	81.87	67	233
2039818	2046555	6738	81.13	51	399
2046606	2046684	79	6.66	6	12
2047817	2048005	189	5.31	6	9
2048052	2051165	3114	73.37	58	266
2051211	2051259	49	12.02	14	14
2051714	2051764	51	28.29	25.5	53
2051807	2054766	2960	41.01	36	116
2054806	2060076	5271	101.27	75	556
2060804	2060818	15	10.80	11	13
2060866	2061592	727	121.27	109	264
2061628	2063182	1555	66.02	49	227
2063225	2063758	534	497.33	374	1834
2063802	2066395	2594	3156.63	3785	8000
2066429	2066829	401	1.28	1	6
2066877	2068818	1942	139.78	139	306
2068857	2069301	445	2316.51	1388	6561
2069347	2071789	2443	110.72	97	277
2071841	2076040	4200	396.30	385	1282
2076159	2076862	704	3.68	3	10
2077056	2077198	143	3.63	4	5
2077509	2077548	40	1.12	1	3
2077877	2077968	92	0.00	0	0
2078465	2078727	263	2.13	2	4
2078846	2078925	80	1.90	2	2
2078974	2082238	3265	1.68	1	8
2082274	2083956	1683	10.72	8	39
2084005	2085415	1411	7.22	5	35
2085888	2085961	74	4.05	5	7
2086662	2086993	332	1.37	1	3
2087295	2087715	421	1.10	1	3
2088509	2088604	96	2.58	3	3
2088996	2089335	340	6.30	6	13
2089691	2093270	3580	17.25	10	102
2093311	2093322	12	3.67	4	4
2093394	2094522	1129	31.45	30	106
2094575	2095606	1032	5.88	5	16
2096604	2098545	1942	5.23	3	23
2099318	2099496	179	0.85	1	2
2100131	2100282	152	0.11	0	1
2100330	2104107	3778	108.02	83	362
2104148	2106928	2781	2.16	1	10
2106966	2109566	2601	3.90	2	19
2109615	2111118	1504	89.04	66	243
2111420	2111454	35	59.74	57	86
2111765	2112657	893	57.77	59	119
2112863	2112865	3	31.00	46.5	47
2112919	2113371	453	17.22	13	41
2113628	2113673	46	8.59	7	16
2113721	2114132	412	22.89	28	47
2114166	2118927	4762	38.64	10	406
2119130	2119407	278	5.55	6	12
2119973	2120680	708	37.47	35	81
2121801	2130508	8708	106.57	30	2311
2130559	2130631	73	2.55	3	4
2131167	2131443	277	39.98	38	83
2131685	2132286	602	18.29	13	49
2132555	2133733	1179	10.56	11	21
2133783	2137028	3246	41.48	33	133
2137067	2143945	6879	43.09	26	215
2144094	2144176	83	40.55	48	54
2144706	2144778	73	25.00	25	30
2144810	2147481	2672	16.21	11	73
2147951	2148129	179	43.75	35	107
2148689	2148941	253	18.66	20	31
2148983	2150099	1117	86.42	76	251
2150136	2150581	446	57.90	62	99
2151192	2152273	1082	87.11	30	2870
2152713	2152729	17	3232.65	3442.5	3508
2153199	2153280	82	1815.43	1883	2390
2153325	2153488	164	119.65	139	168
2154282	2154828	547	30.86	32	106
2155730	2155756	27	7.04	8	8
2155794	2156110	317	18.11	21	42
2156502	2156904	403	9.69	5	45
2157527	2157724	198	6.84	6	10
2157774	2158215	442	69.05	69	131
2158260	2161006	2747	49.96	49.5	161
2162031	2162077	47	31.83	34	39
2162421	2162441	21	27.00	27	31
2162477	2163918	1442	94.44	34	629
2164463	2164522	60	9.90	9	12
2164563	2166591	2029	11.60	8	46
2166635	2168468	1834	901.58	838	2703
2168512	2172705	4194	22.44	21	62
2172746	2179830	7085	623.40	198	6271
2179876	2184618	4743	136.92	113	671
2184652	2184970	319	1.11	0	7
2185191	2185264	74	0.00	0	0
2186067	2186200	134	3.01	3	7
2186484	2186707	224	2.30	2	4
2187048	2187175	128	6.86	7	10
2187498	2187542	45	3.20	3	4
2187574	2190952	3379	1620.07	1434	6209
2191551	2191589	39	9.41	11	15
2191631	2193220	1590	269.71	228	869
2194551	2194663	113	134.25	150.5	195
2194696	2195950	1255	1.73	1	12
2195996	2197204	1209	62.95	59	148
2197332	2199242	1911	35.63	23	253
2199314	2199315	2	30.00	60	60
2199365	2199483	119	3.41	5	6
2199617	2202533	2917	9.82	9	37
2202581	2203198	618	663.96	404	6098
2203434	2203450	17	535.47	554	637
2203761	2203787	27	467.04	501.5	589
2203833	2203891	59	5.46	4	21
2204382	2204790	409	5.29	3	18
2205284	2206205	922	19.13	20	43
2206251	2213521	7271	76.60	51	581
2213555	2214074	520	76.87	85	129
2214117	2226689	12573	128.48	85	643
2226729	2227486	758	73.61	66	201
2227893	2227966	74	23.42	26	36
2228490	2229358	869	10.68	9	37
2229885	2231005	1121	16.59	12	141
2231244	2231287	44	95.02	98	105
2232324	2232367	44	54.43	55	70
2232714	2232716	3	15.00	22.5	23
2232765	2232853	89	8.29	6	21
2233125	2233327	203	14.74	17	19
2233370	2240501	7132	64.31	19	813
2240533	2242317	1785	22.49	23	48
2243075	2243132	58	0.83	0	4
2243180	2253304	10125	207.40	169	1362
2254395	2254461	67	205.24	206	310
2254508	2256102	1595	27.65	23	78
2256152	2257821	1670	96.39	77	296
2257877	2259454	1578	100.70	70	354
2259603	2259691	89	282.26	283	392
2260152	2260208	57	45.88	42	85
2260255	2263754	3500	131.91	30	1100
2263798	2266008	2211	63.38	52	188
2266048	2267839	1792	504.13	446	2143
2268216	2268286	71	12.94	14	15
2269392	2269519	128	2.24	2	5
2269564	2271528	1965	36.54	28	192
2271758	2271789	32	47.38	51	57
2272013	2273477	1465	208.66	190.5	857
2273511	2274856	1346	73.90	59	300
2275077	2285482	10406	47.57	29	330
2285530	2291213	5684	65.57	51	265
2291258	2292892	1635	106.09	103	253
2292941	2297609	4669	131.08	114	504
2297653	2300279	2627	718.02	30	4556
2300314	2301952	1639	192.47	154	597
2302266	2302317	52	43.25	44	46
2302348	2304475	2128	75.57	31	689
2304924	2305339	416	57.43	60	104
2305386	2306403	1018	138.06	130	292
2306443	2308189	1747	273.54	174	974
2308584	2308672	89	58.00	53	102
2308717	2310748	2032	49.53	50	107
2310791	2313774	2984	40.73	30	177
2314100	2314714	615	41.86	40	67
2315037	2315165	129	19.31	20	24
2315255	2316688	1434	52.71	50	140
2317791	2317961	171	15.89	17.5	22
2317998	2318546	549	56.28	49	107
2318584	2320760	2177	166.87	131	660
2320792	2326431	5640	83.90	69	354
2326907	2328810	1904	68.73	51	270
2328861	2329548	688	53.99	53	172
2329862	2330373	512	124.24	125	233
2330621	2330637	17	31.06	33.5	35
2330683	2330905	223	6.91	4	38
2330977	2331010	34	65.82	68	73
2331091	2331120	30	104.27	111	117
2331200	2331232	33	84.61	89	91
2331302	2331384	83	86.37	87.5	125
2331456	2331484	29	120.55	125	135
2331565	2331587	23	59.70	60.5	69
2331657	2331703	47	51.06	53	60
2331783	2331814	32	173.25	179	194
2331884	2331930	47	53.21	57	61
2332010	2332040	31	196.48	202	216
2332112	2332139	28	247.25	261	267
2332220	2332242	23	48.17	49	56
2332312	2332360	49	66.43	68	75
2332440	2332483	44	207.23	232	250
2332553	2332599	47	54.83	51	76
2332679	2332688	10	99.80	110	112
2332722	2332916	195	4.10	5	17
2332960	2334415	1456	226.26	195	773
2334461	2349210	14750	185.87	99	2803
2349800	2350075	276	250.82	161	528
2350242	2350838	597	118.88	125	315
2350883	2361953	11071	29.56	6	658
2362006	2366493	4488	368.26	12	3465
2366544	2371051	4508	66.54	46	307
2371257	2371418	162	72.98	88	111
2371464	2374651	3188	7.52	6	31
2375409	2375578	170	6.75	7	10
2375698	2375935	238	9.43	4	221
2376060	2376104	45	199.91	186.5	307
2376149	2376919	771	54.29	59.5	132
2377050	2377096	47	150.09	154	161
2377473	2379703	2231	19.50	12	101
2379757	2381596	1840	70.89	39	280
2382129	2382223	95	22.85	22	31
2382271	2384605	2335	119.24	113	521
2384865	2384878	14	3.86	3	6
2385051	2385247	197	5.41	6	8
2385687	2385709	23	4.91	5	6
2386551	2386635	85	15.78	17	19
2386679	2388832	2154	39.44	31	125
2389248	2390169	922	39.47	38	80
2390636	2392622	1987	26.54	21	92
2392663	2393435	773	5.24	5	10
2393483	2395826	2344	62.29	19	461
2395878	2403123	7246	50.14	27	394
2403178	2404476	1299	89.99	87	201
2404511	2412828	8318	132.64	73	1640
2412877	2414355	1479	371.05	314	951
2414405	2416136	1732	3368.57	2942	7999
2416227	2416495	269	136.15	17	1956
2417235	2417306	72	76.14	83	119
2417355	2417577	223	11.86	9	26
2417780	2417934	155	22.74	25	32
2418347	2418759	413	19.32	19	42
2419157	2419809	653	26.23	24.5	54
2419946	2422257	2312	22.18	18	80
2422293	2426943	4651	116.79	78	1047
2426976	2429450	2475	71.51	59	279
2429494	2431326	1833	29.68	28	116
2431370	2433378	2009	88.34	58.5	391
2433418	2434282	865	165.15	111	463
2435502	2435522	21	129.14	135	142
2435569	2435778	210	11.23	3	31
2436182	2437242	1061	27.85	28	53
2438042	2438164	123	12.77	10.5	19
2438209	2441275	3067	15.16	14	54
2441310	2443470	2161	17.94	14	74
2443504	2444861	1358	116.84	98	340
2444903	2452341	7439	822.82	716.5	3516
2452856	2453553	698	223.55	209	475
2454017	2455515	1499	30.38	31	135
2455561	2457925	2365	93.90	37	812
2458632	2458676	45	223.33	240	260
2458721	2458777	57	1.07	0	10
2459199	2459278	80	2.12	2	3
2459643	2459694	52	20.44	21	24
2460170	2460325	156	10.32	11	16
2461428	2461476	49	3.24	3	5
2461522	2462805	1284	22.58	21	52
2462844	2466100	3257	13.48	5	68
2466146	2477308	11163	15.71	12	139
2477484	2477557	74	30.09	30	37
2478168	2478619	452	233.64	275	507
2478668	2480078	1411	156.82	144.5	652
2480125	2481416	1292	3.35	3	12
2481478	2482866	1389	75.06	30	272
2483297	2483613	317	142.61	129.5	276
2484149	2484376	228	97.61	66	201
2484421	2484558	138	86.55	119	145
2485385	2487467	2083	35.49	25	253
2487499	2490961	3463	12.69	11	39
2491461	2491585	125	3.65	3	7
2492082	2492818	737	9.71	10	17
2493198	2494271	1074	8.50	6	27
2494312	2495332	1021	6.73	6	15
2495384	2501738	6355	773.40	67	7042
2501786	2503525	1740	102.20	77	391
2503571	2504349	779	289.84	246	701
2504393	2508372	3980	100.22	75	532
2508414	2511734	3321	166.29	127	658
2511783	2513923	2141	84.06	79	278
2514150	2517184	3035	122.33	53	3091
2517456	2517529	74	373.39	290	799
2517574	2522334	4761	69.36	56	235
2522457	2524567	2111	116.15	47	1099
2524884	2525017	134	674.27	579	1263
2525244	2525278	35	75.94	79.5	127
2525329	2531175	5847	34.05	16	389
2532290	2532522	233	23.81	23	37
2533382	2533563	182	12.49	7	37
2534672	2534907	236	12.84	9	25
2535464	2536095	632	24.83	22	55
2537006	2537197	192	8.89	8	14
2537232	2543571	6340	41.80	21	514
2543621	2546853	3233	45.69	17.5	304
2547080	2547117	38	2.92	3	3
2547329	2547616	288	3.17	2	7
2547789	2547874	86	10.40	10	16
2548431	2549442	1012	35.60	12	175
2549511	2549524	14	152.29	164	164
2549599	2549604	6	14.67	18	18
2549654	2549779	126	25.25	27	33
2550396	2550796	401	15.44	11	44
2551893	2558869	6977	53.74	40	380
2558908	2560332	1425	180.21	149	518
2560377	2563971	3595	166.30	156	590
2564017	2580665	16649	132.28	58	1851
2580708	2580715	8	4509.25	5121	5909
2581115	2581216	102	11.38	10	81
2581260	2590757	9498	1068.43	882	7000
2590810	2596180	5371	51.97	42	310
2596437	2596447	11	10.55	13	14
2596935	2596969	35	11.09	12	12
2597018	2597767	750	12.39	12	30
2598075	2598223	149	2.56	2	4
2599017	2599603	587	2.10	1	8
2599971	2600215	245	1.72	1	4
2600580	2600719	140	4.71	2	13
2601042	2601073	32	9.78	12	15
2601399	2601552	154	24.64	26	34
2602079	2602234	156	32.88	35	41
2602851	2603086	236	66.59	63	114
2603250	2603269	20	237.65	252	261
2603317	2610624	7308	92.94	73	532
2611169	2611242	74	255.08	198	458
2611805	2611884	80	126.69	116	178
2611928	2616356	4429	40.96	31	202
2616416	2618111	1696	107.11	101	277
2618157	2619919	1763	158.36	132	399
2620566	2622024	1459	74.21	66	175
2622069	2622252	184	54.59	68	103
2622395	2622767	373	67.47	49	135
2622813	2626528	3716	15.91	12	91
2626574	2627944	1371	2077.68	2047.5	4354
2627989	2630762	2774	421.04	368	2229
2630820	2642476	11657	46.00	21	513
2642513	2645104	2592	83.79	87	170
2645150	2647009	1860	99.16	75	363
2647041	2654551	7511	154.78	91	835
2654586	2657905	3320	116.80	60	1840
2658159	2658208	50	1042.26	1120	1202
2658390	2659236	847	54.86	31	346
2659730	2659782	53	45.55	39	80
2659818	2660038	221	152.55	101.5	319
2660976	2661031	56	112.84	112	125
2661198	2661264	67	54.37	58.5	70
2661308	2664089	2782	58.94	47	296
2664132	2666075	1944	121.62	119	277
2666124	2670072	3949	27.57	7	471
2670117	2670214	98	30.53	26	62
2670927	2671282	356	58.12	76	129
2671668	2671858	191	61.04	53	153
2672904	2673004	101	21.01	20	31
2674362	2674408	47	39.43	40	43
2674779	2675015	237	19.75	19	42
2675047	2675909	863	3.31	3	8
2676072	2676119	48	139.62	145	151
2676190	2676193	4	35.00	47	47
2676239	2676240	2	4008.00	8016	8016
2676354	2676999	646	5831.16	6831	8016
2677105	2678634	1530	7183.67	7938	7999
2678786	2678817	32	7718.91	7979	7999
2678951	2679208	258	7889.63	7961	7999
2679358	2679373	16	3307.81	3422	4161
2679408	2679554	147	1225.62	1268	2377
2679588	2679662	75	407.57	126	1240
2679733	2679746	14	813.00	894	898
2679818	2679882	65	285.46	214.5	643
2681423	2683291	1869	365.63	53	5322
2683338	2683340	3	106.67	160	160
2683420	2683636	217	9.96	3	125
2684052	2684096	45	9.27	11	11
2684146	2688064	3919	128.89	42	794
2688106	2688157	52	21.40	23	25
2688582	2688739	158	73.91	63	142
2690589	2690722	134	225.07	216	291
2691177	2691358	182	197.48	217	277
2691534	2691577	44	98.64	99	131
2691623	2693446	1824	20.90	14	70
2693483	2696845	3363	22.27	17	176
2697267	2697562	296	26.09	32	49
2698173	2698368	196	0.67	1	2
2698787	2698815	29	2.31	2	3
2699333	2699540	208	5.95	4	12
2699574	2699622	49	106.43	119	190
2700041	2700063	23	44.78	47	51
2700506	2701135	630	82.98	76	544
2701491	2701516	26	215.08	239	294
2701561	2702326	766	27.71	28	55
2702366	2708694	6329	83.73	58	418
2709077	2709171	95	9.13	9	13
2709332	2709366	35	23.26	24.5	26
2709521	2710114	594	64.82	68	116
2710635	2711257	623	104.70	104	194
2711625	2711770	146	63.68	52	129
2711835	2713707	1873	196.73	170	572
2714124	2714149	26	137.85	143	152
2714997	2715027	31	11.58	10	17
2715272	2715562	291	20.33	8	69
2715864	2715871	8	44.50	52	52
2716038	2716072	35	56.77	61.5	74
2716224	2716426	203	28.31	28	42
2716791	2716832	42	22.52	23	33
2716877	2718943	2067	194.40	171	816
2718989	2719266	278	17.35	11	37
2719361	2722399	3039	7.60	5	46
2722461	2724918	2458	43.21	37	234
2725895	2726134	240	359.66	281	975
2726601	2726619	19	613.16	750	822
2726662	2728866	2205	43.11	25	182
2728908	2732815	3908	29.04	26	74
2733273	2733329	57	18.33	19	20
2733370	2733472	103	62.87	81	97
2733948	2736073	2126	22.30	16	85
2736831	2736925	95	20.00	16	39
2737278	2739107	1830	34.65	30	115
2739151	2743555	4405	14.56	10	72
2744262	2744551	290	69.24	72	103
2745132	2745502	371	50.91	58.5	86
2745535	2745636	102	8.74	8	15
2745884	2748235	2352	24.03	7	231
2748588	2749735	1148	52.58	36	913
2750052	2750080	29	1358.41	1401.5	1450
2750337	2750364	28	219.07	210	279
2750411	2750515	105	23.97	17	55
2750952	2751057	106	75.25	84	148
2751101	2753922	2822	4420.47	4044	7999
2754031	2759775	5745	5142.03	5027	8000
2759813	2765192	5380	5226.48	5052	8001
2765239	2768641	3403	175.28	160	628
2769375	2769397	23	2.87	3	3
2770239	2771295	1057	68.96	44	356
2771340	2773823	2484	330.60	169	2568
2773874	2777445	3572	152.39	35	1099
2777855	2777973	119	35.96	39	45
2778200	2778378	179	10.88	11	15
2778698	2779281	584	66.67	57	185
2779583	2780841	1259	20.54	18	52
2781035	2781165	131	51.47	30	100
2781785	2782907	1123	475.88	315.5	1741
2782955	2789073	6119	23.49	7	469
2789336	2789481	146	15.85	19	32
2790014	2790400	387	18.98	16	43
2790444	2794200	3757	13.10	10	46
2794244	2805895	11652	57.38	36	411
2806419	2807035	617	31.41	30	61
2807874	2808226	353	31.58	30	51
2808274	2809332	1059	125.60	105	351
2809796	2809836	41	4.95	5	6
2810039	2811600	1562	12.19	8	38
2811652	2812088	437	52.34	38	160
2812133	2817384	5252	12.16	8	77
2818289	2818308	20	4.60	5	5
2818346	2821157	2812	107.65	80	434
2821205	2821521	317	92.89	47	314
2821739	2821770	32	69.44	50	132
2822033	2822054	22	32.45	31	51
2822100	2824202	2103	78.61	62	230
2824254	2826772	2519	247.52	61	2953
2827941	2828110	170	1209.91	1646	1902
2828493	2828586	94	1604.86	1748	1885
2828894	2828997	104	443.32	477	554
2829218	2829723	506	360.29	364	776
2830067	2830078	12	86.25	94	97
2830127	2830136	10	24.60	28	28
2830182	2831122	941	332.71	279.5	976
2831628	2831804	177	29.02	39	47
2831850	2832564	715	322.23	244	819
2832610	2836093	3484	463.37	469	2173
2836134	2836137	4	14.25	19	19
2836181	2837265	1085	28.64	20	578
2837993	2838052	60	150.22	151	203
2838086	2838246	161	7.19	9	12
2838722	2838915	194	3.58	4	7
2839397	2839547	151	4.96	5	6
2839596	2841165	1570	202.77	47	1009
2841212	2843267	2056	74.62	68	225
2843313	2843977	665	41.48	48	96
2844027	2848041	4015	186.14	25	3751
2848085	2848440	356	42.60	16	135
2848814	2848854	41	170.15	174	203
2849561	2849634	74	100.46	113	157
2849684	2854233	4550	19.64	13	123
2855054	2855086	33	49.70	52	55
2855132	2855707	576	356.82	6	1463
2856660	2856720	61	15.31	16	23
2856764	2859047	2284	488.87	84	1763
2859089	2859816	728	7.26	6	20
2860136	2860248	113	65.25	66	76
2860475	2862640	2166	26.54	24	64
2862675	2862696	22	18.18	19	20
2863121	2866417	3297	382.76	74	1763
2866453	2866551	99	63.12	49	151
2867636	2868393	758	30.99	4	152
2868728	2868759	32	4.22	5	5
2869079	2869494	416	2.57	3	5
2869679	2871869	2191	2.20	1	13
2871915	2873991	2077	11.55	8	71
2874326	2874414	89	19.73	18.5	26
2874625	2877198	2574	15.43	14	54
2878001	2878218	218	2.41	3	4
2878565	2878823	259	2.97	2	14
2878869	2879955	1087	40.98	34	128
2880494	2881062	569	205.54	134	584
2881499	2881680	182	37.82	37	54
2882009	2882142	134	54.48	39	95
2882315	2882853	539	26.11	23	67
2883080	2883400	321	18.87	20	36
2883609	2884012	404	53.36	42	106
2884509	2884750	242	31.92	29	53
2884971	2885703	733	12.59	11	27
2886881	2887051	171	5.63	6	10
2887083	2892396	5314	39.55	26	201
2892441	2894349	1909	37.45	10	152
2894606	2894745	140	36.87	42	71
2895020	2895081	62	316.02	330	346
2895251	2895346	96	137.52	148	156
2895382	2895594	213	67.97	65.5	149
2895947	2896048	102	147.01	150	173
2896791	2909701	12911	45.92	34	431
2909745	2911664	1920	146.41	132	436
2911710	2916690	4981	48.65	21	597
2916730	2919124	2395	203.65	188	651
2919366	2919391	26	448.77	476	511
2920218	2920534	317	324.24	316.5	626
2920569	2920699	131	6.12	4	11
2920875	2922100	1226	16.13	15	50
2922438	2926566	4129	11.25	8	214
2927534	2927572	39	116.77	138	163
2927608	2927750	143	5.20	4	27
2927796	2927798	3	178.67	268	272
2927870	2927897	28	7709.89	7997	8000
2928011	2928655	645	4721.55	4328.5	8017
2928761	2929002	242	6947.98	7583	8000
2929169	2930436	1268	6143.95	7620	8044
2930630	2930867	238	7893.07	7997	8003
2931017	2931032	16	1815.56	1901	2036
2931067	2931213	147	5189.69	5350	6954
2931247	2931321	75	339.97	97	1073
2931392	2931402	11	409.55	451	452
2931473	2931508	36	135.11	132	179
2931578	2931602	25	225.40	239.5	285
2931673	2931743	71	404.62	455	735
2933284	2933645	362	5044.51	6324	8030
2933759	2934404	646	5681.75	6656	8013
2934510	2936223	1714	6235.77	7670	8038
2936357	2936614	258	7888.14	7996	8006
2936764	2936960	197	5513.38	5618.5	7996
2936994	2937123	130	1336.86	1337	2017
2937194	2937229	36	179.47	176	268
2937299	2937323	25	249.76	264.5	321
2937394	2937464	71	415.10	468.5	668
2939006	2944521	5516	132.04	16	4634
2945279	2945304	26	10.58	11	11
2945675	2945713	39	5.87	5	9
2945750	2948025	2276	93.79	57	338
2948071	2949628	1558	140.87	130	459
2949674	2949684	11	287.00	313	333
2950105	2950125	21	4042.29	4241	4360
2951527	2951563	37	2926.92	2995	3203
2952428	2952474	47	6863.55	7010	7396
2954561	2954577	17	2187.06	2251.5	2552
2955046	2955121	76	462.26	468	543
2955377	2955422	46	521.33	526	705
2956233	2956243	11	353.73	382	437
2956631	2956822	192	324.56	387	680
2957702	2957730	29	165.38	166.5	205
2958502	2958518	17	296.82	320.5	332
2959149	2959150	2	65.00	130	130
2961044	2961149	106	18.92	8	91
