#start	end	length	mean	median	max
1	234	234	2.56	2.5	5
804	815	12	169.25	212	222
2208	2270	63	46.03	38.5	100
3894	3898	5	112.00	141	147
4477	4491	15	1367.07	1468.5	1576
4627	4870	244	1848.07	1895	4132
6274	6353	80	12.59	8	49
7098	7223	126	13.88	9	33
7350	7396	47	19.19	20	27
8813	8872	60	118.17	127	142
9971	9990	20	105.70	114	114
11080	11102	23	274.17	280	361
13518	13875	358	3.89	2	54
14365	14376	12	1.83	2	2
14491	14768	278	125.12	115	338
15204	15293	90	60.74	66	102
16548	16868	321	23.61	7	179
18933	18949	17	186.06	195.5	209
19940	20234	295	30.00	23	73
20835	20942	108	36.10	28	158
21198	21286	89	7.37	5	18
21533	21655	123	8.60	8	15
21854	22027	174	39.57	25	150
23006	23255	250	10.10	4	80
24786	24791	6	22.67	27	28
26631	26642	12	58.00	63	66
27875	27888	14	75.64	82	95
29533	30068	536	191.12	143	572
31590	31681	92	0.42	0	3
32564	32643	80	41.10	39	80
33244	33276	33	70.48	73.5	87
34297	34310	14	7.71	8	9
35796	36151	356	71.55	67	145
36428	36526	99	22.87	25	29
36692	36927	236	216.06	252	484
37768	37847	80	31.99	34	95
38493	38533	41	30.78	31.5	47
40546	40559	14	41.50	45	45
41934	41997	64	108.66	110	124
43300	43333	34	26.35	28	39
44279	44298	20	127.55	134	143
44806	44899	94	92.95	4	556
46073	46074	2	2.50	5	5
47188	47192	5	848.00	1063	1066
47667	47678	12	316.00	344	354
48249	48323	75	15.37	14	26
49455	49460	6	34.17	41	42
49944	49960	17	54.35	59.5	69
50084	50103	20	3.70	4	12
50668	50688	21	129.81	138	143
51604	51667	64	16.53	12	33
53309	53496	188	66.55	64	212
53635	53815	181	2146.46	2282	3942
55356	55420	65	136.15	125	320
55494	55783	290	2904.42	2924	7998
58668	58797	130	1028.31	1081	1904
58913	58940	28	1031.61	1122	1364
59015	59046	32	817.44	828	1395
59121	59355	235	14.00	3	130
59734	59788	55	31.80	33	37
59885	59987	103	30.81	26	66
61923	61928	6	17.83	20	24
64212	64219	8	8.75	8	14
66097	66323	227	30.80	30	58
68115	68249	135	38.18	18	149
69231	69295	65	0.97	1	2
70496	70601	106	19.16	19	33
70884	70974	91	48.30	53	59
71434	71511	78	18.50	13	45
74661	74780	120	17.18	16	26
75168	75265	98	16.48	20	32
76151	76209	59	112.00	77	198
76633	76680	48	26.00	6	121
76774	76781	8	6.12	7	7
77325	77402	78	153.05	147	290
77724	77858	135	31.94	30	62
79961	80076	116	3.71	3	19
81616	81662	47	91.40	93	102
82443	82453	11	81.55	88.5	96
84706	84767	62	418.74	447	458
85014	85019	6	587.00	694	733
85419	85509	91	28.14	29	37
86260	86573	314	19.01	10	56
87573	87680	108	5.29	5	9
89043	89115	73	5.32	5	12
89983	90012	30	45.90	50	55
90640	90952	313	29.18	1	674
93386	93463	78	10.76	10	17
94316	94318	3	24.67	37	37
94868	94892	25	42.36	41.5	59
94989	95061	73	38.84	36	65
95470	95591	122	3.86	2	23
97569	97945	377	6.00	6	10
98777	98785	9	138.56	155	166
99104	99186	83	17.10	2	91
99400	99634	235	5.57	4	11
99773	99866	94	6.45	7	8
100632	100689	58	3.31	2	14
101852	101957	106	24.08	16	59
102387	102553	167	256.00	80	562
102617	102907	291	9.04	5	48
103043	103097	55	20.82	17	94
105966	106067	102	2.10	2	3
106297	106648	352	5.47	3	23
107309	107408	100	33.01	21	118
108078	108251	174	170.92	11	850
108918	108919	2	37.00	74	74
109466	109474	9	162.33	182	186
109964	110050	87	28.70	30	36
111491	111556	66	11.91	13	19
114713	114760	48	33.06	34	39
115712	115890	179	11.57	12	16
116035	116052	18	162.67	170	199
118582	118689	108	66.92	68	175
119194	119228	35	619.80	639.5	663
121322	121337	16	62.38	66	72
122938	122942	5	15.80	20	20
123660	123771	112	28.92	27	44
126259	126293	35	36.51	40	41
128429	128443	15	14.67	16	20
128630	128714	85	40.36	44	72
129540	129656	117	332.86	150	955
130671	130747	77	59.87	68.5	89
132609	132618	10	27.60	30	33
132736	132790	55	44.40	45	51
133259	133430	172	4.69	5	9
133758	133798	41	21.34	23	24
133901	133964	64	33.39	33	78
134331	134835	505	33.70	4	145
135091	135209	119	3.22	3	12
135837	135887	51	5.65	5	10
136748	136953	206	27.50	27	45
138127	138150	24	241.67	261	265
139832	140003	172	207.62	110	705
140862	141065	204	65.24	72	183
142464	142773	310	14.09	6	153
143413	143454	42	108.26	110	124
143824	143862	39	11.13	13	13
144970	145122	153	6.25	6	16
145324	145369	46	353.39	347	406
147203	147277	75	17.56	23	36
148883	149277	395	3.09	2	16
150497	150904	408	120.21	143	273
151022	151051	30	4822.33	5112	5756
152592	152662	71	340.94	303.5	657
152736	153025	290	2645.98	2471	7999
155910	156040	131	1156.56	1169.5	2106
156156	156205	50	671.94	751	1275
156294	156406	113	20.92	3	159
157301	157440	140	19.28	12	54
158923	159051	129	78.38	64	170
159301	159418	118	32.65	31	114
162527	162540	14	166.57	192	217
163645	163665	21	111.95	98.5	159
164260	164407	148	3.40	2	11
166421	166489	69	210.52	256	301
166895	167186	292	58.67	5	632
167261	167298	38	207.05	223	265
167372	167435	64	246.69	207	410
167510	167582	73	211.10	219.5	297
167656	167719	64	232.84	245	323
167794	168231	438	11.04	4	191
168397	168531	135	90.15	119	158
170245	170266	22	81.45	87	88
171893	171998	106	41.47	41	63
173025	173029	5	7.20	9	9
173966	174142	177	27.46	9	154
175088	175342	255	4.31	3	25
176939	177449	511	266.73	178.5	1074
177756	177860	105	1.47	1	8
178422	179337	916	59.87	65	122
180403	180418	16	37.88	41	43
181727	181731	5	94.00	119	120
183944	183956	13	2.08	2	3
186469	186480	12	3.67	4	4
189378	189456	79	117.03	53.5	346
190819	190914	96	120.30	99	253
191752	192033	282	35.18	11	134
194074	194100	27	17.89	23	26
194197	194213	17	11.35	13	14
196383	196514	132	49.28	49	89
196822	197129	308	1621.37	12	7999
197796	197872	77	3.49	1	32
198683	198721	39	10.21	10.5	12
198815	198832	18	7.56	8	8
200597	200760	164	4.82	6	8
201667	201802	136	4.38	4	12
203955	204112	158	5.36	4	11
204488	204525	38	26.21	25	35
206359	206432	74	7.66	4	21
208587	208647	61	28.70	29	36
212411	212439	29	1.62	2	2
213286	213330	45	44.58	46	49
214419	214448	30	16.20	16	23
215895	216003	109	3.38	4	10
216490	216557	68	14.09	11	27
217422	217530	109	132.61	9	698
218302	218666	365	23.29	16	69
219309	219396	88	25.80	32	47
220372	220384	13	130.31	141	153
221968	222086	119	26.28	23	44
223284	223453	170	6.92	6	53
225146	225259	114	30.82	30	77
225932	226228	297	800.03	519.5	3280
226463	226478	16	5616.88	5838	6692
226644	226866	223	174.45	9	1245
227353	227364	12	34.75	36	43
228172	228270	99	21.71	20	29
228763	228875	113	8.65	6	22
229911	229974	64	8.59	9	15
230752	230796	45	32.62	30	45
231868	231872	5	6.40	8	8
232703	232708	6	60.50	75	78
233666	233671	6	1.67	2	2
242634	242637	4	10.50	14	14
243202	243211	10	20.20	22	24
244982	245142	161	388.82	447	655
246085	246528	444	71.91	25	232
247924	247928	5	298.60	374.5	375
249318	249322	5	156.20	195	197
250442	250454	13	908.46	958	1118
254464	254504	41	51.05	53	56
254745	254752	8	158.25	183	185
256166	256176	11	503.45	554	564
259767	259838	72	610.07	616	682
260403	260554	152	123.24	71	332
260633	260792	160	110.85	127	172
261918	262097	180	11.69	9	24
262317	262325	9	14.78	17	17
264217	264253	37	4.76	6	6
267237	267299	63	20.52	19	46
268361	268370	10	7.80	10	11
268923	269067	145	23.27	20	76
270433	270696	264	13.52	9	28
271933	271989	57	12.21	11	31
272560	272561	2	9.50	19	19
274144	274508	365	17.98	10	51
276652	277001	350	15.09	16	38
278058	278068	11	114.55	128.5	139
278231	278431	201	83.86	2	1517
278702	278704	3	288.67	433	434
279437	279538	102	13.34	12	27
280826	280886	61	20.43	21	24
282477	282764	288	43.89	37	90
283164	283326	163	20.26	18	51
284950	285374	425	3.97	4	8
285501	285651	151	0.00	0	0
286987	287032	46	2.72	3	3
289232	289351	120	3.36	3	8
291020	291256	237	2.26	1	11
291932	291954	23	2.87	3	3
293995	294218	224	9.30	7	26
294822	294836	15	66.73	71.5	74
296211	296366	156	1.05	1	2
298673	298751	79	4.76	3	20
299748	299888	141	6.14	1	36
300183	300208	26	328.08	340	431
301275	301316	42	21.05	23	29
302299	302412	114	158.62	155	327
303754	303770	17	645.29	696	768
304739	305120	382	54.49	26	285
307119	307272	154	7.48	6	32
309893	309993	101	0.33	0	5
311182	311276	95	7.49	5.5	18
314718	314842	125	6.66	3	22
316334	316343	10	101.80	112	120
317658	317771	114	154.67	6	843
318096	318295	200	147.32	128	442
319553	319653	101	28.58	5	97
320644	320727	84	41.45	44	48
322833	322850	18	169.33	176	206
323559	323720	162	20.10	10	75
323814	323973	160	170.20	195	280
325680	325744	65	346.80	319	622
325819	325829	11	404.36	436.5	519
325903	326192	290	2183.24	2416	6065
329077	329206	130	1036.15	1013	2102
329322	329349	28	1196.54	1310	1564
329424	329710	287	29.44	4	398
331590	331604	15	2.80	3	3
333635	333686	52	49.19	44	80
334812	334818	7	93.43	108	166
334892	334929	38	1099.37	1182	1674
335012	335049	38	1232.89	1142	2395
335122	335137	16	1517.38	1642	1794
335211	335325	115	1708.88	1087.5	3527
336508	336718	211	403.39	349	1683
337112	337129	18	957.33	1017	1034
337676	337808	133	2236.77	1750.5	4135
338235	338241	7	3654.14	4241	4334
338941	339212	272	6315.85	7079	7996
339699	339767	69	6853.46	7226.5	7959
340131	340136	6	6087.33	7307	7317
340190	340271	82	592.52	348	3158
344397	344503	107	755.46	889.5	1089
348707	348819	113	253.87	216.5	533
349312	349458	147	413.56	339	950
350266	350510	245	161.39	90	400
351588	351595	8	22.62	25	29
352322	352410	89	73.19	76	85
354513	354683	171	48.19	3	450
356214	356358	145	56.69	15	432
357298	357397	100	7.78	7	18
358832	359020	189	6.82	5	26
361032	361156	125	50.69	39.5	136
361700	361860	161	31.14	20.5	262
361934	361970	37	595.03	475.5	971
362044	362202	159	574.02	553	886
362276	362317	42	401.21	348	682
362392	362428	37	986.51	970.5	1719
362502	362690	189	219.66	146	394
362765	362809	45	177.40	88	409
362884	362928	45	238.04	147	546
363003	363574	572	69.26	11	1673
364682	364786	105	5.08	6	7
367063	367071	9	97.56	108.5	117
369975	370148	174	1020.97	1051	1678
370410	370444	35	831.94	854	1148
371732	371779	48	529.15	550	663
372965	372969	5	555.40	698.5	739
373948	373992	45	27.62	26.5	47
374197	374239	43	16.60	12	33
374456	374469	14	47.86	52	52
375451	375589	139	279.59	270	829
376367	376567	201	135.47	24	455
378033	378044	12	182.83	199	203
378318	378504	187	207.13	118	1350
378877	378994	118	5785.58	5457	7975
379463	379540	78	576.90	501	892
381635	381759	125	2555.11	2343	7966
382942	383064	123	544.33	250	2266
383173	383246	74	14.57	4	156
383433	383504	72	30.85	32	37
383979	384192	214	320.94	29	2124
384559	384568	10	4541.80	4980	5230
384869	384886	18	2826.61	2978	3108
385112	385147	36	2720.75	2913	3031
385595	385658	64	292.84	274	615
386466	386593	128	27.73	22	86
389097	389181	85	28.84	33	41
389599	389885	287	154.07	130	634
391536	391570	35	107.20	96	181
391676	391740	65	3.75	5	5
392917	393035	119	106.13	109	237
393495	393506	12	1053.08	1191	1220
393972	394328	357	54.98	21.5	239
395310	395325	16	7.50	8	8
395446	395773	328	15.69	20	34
396788	396875	88	1.43	1	4
398718	398719	2	57.00	114	114
401205	401343	139	12.34	10	22
401437	401596	160	288.35	264	488
401714	401743	30	4384.43	4597	5159
403285	403349	65	197.43	159	405
403424	403434	11	443.64	484	517
403509	403798	290	2117.55	2308	6079
406683	406812	130	950.98	995	1895
406928	406955	28	1019.89	1111	1355
407030	407505	476	28.22	8	510
408838	409036	199	14.46	11	43
412715	412789	75	15.79	15	30
414227	414255	29	101.14	103.5	113
414431	414608	178	3.63	4	17
415725	415805	81	13.53	17	23
417597	417654	58	10.34	12	14
420475	420632	158	33.73	5	153
421506	421677	172	7.76	6	42
422320	422613	294	20.15	7	217
423145	423261	117	37.66	27	176
425281	425295	15	53.73	62.5	64
427690	427706	17	91.53	97	102
429384	429390	7	43.71	49.5	59
433099	433109	11	66.36	73	73
434331	434335	5	30.40	38	38
434786	434832	47	77.00	78	90
435421	435448	28	497.50	516	551
435983	436021	39	208.31	222.5	371
437067	437068	2	7.00	14	14
441985	442154	170	18.93	10	239
443196	443254	59	128.47	123	175
445178	445205	28	64.36	71	76
446673	446687	15	95.87	97	124
450561	450571	11	121.55	133	137
451397	451398	2	118.50	237	237
452842	452939	98	19.59	16	39
454161	454889	729	89.64	2	509
455310	455458	149	7.30	5	39
456254	456324	71	4.51	4	6
456706	456726	21	7.67	8	9
456835	456858	24	45.17	48	53
457294	457417	124	86.95	66	275
459980	460152	173	36.51	32	71
461137	461444	308	68.94	31	264
461976	462116	141	36.79	23	148
463176	463651	476	9.17	8	43
465056	465206	151	25.98	12	93
466251	466448	198	1024.95	1096	2587
466758	466780	23	3551.87	3705	3879
467039	467248	210	156.48	50	843
468434	468449	16	140.75	146	164
469790	469804	15	32.20	33.5	39
470300	470450	151	23.04	24	36
471258	471270	13	107.00	112.5	129
471649	471722	74	23.09	21	56
474827	474881	55	16.84	17	22
477243	477391	149	47.26	44	93
478244	478257	14	22.00	24	26
478369	478400	32	592.84	752	818
478474	478490	17	640.94	692	747
478564	478594	31	533.74	654.5	665
478668	478685	18	303.06	326	391
478759	478802	44	138.61	135	200
478876	479293	418	4.48	4	11
480917	481174	258	107.75	6	1205
481248	481287	40	393.95	454	644
481361	481373	13	569.62	622.5	655
481447	481497	51	379.14	383	510
481571	481682	112	52.23	60	66
482871	482911	41	36.59	38	45
483182	483197	16	75.50	80	90
484257	484498	242	28.80	27	58
485216	485298	83	18.04	11.5	37
486247	486469	223	5.96	5	16
488239	488310	72	150.61	157	175
488740	488787	48	26.94	29	59
489076	489077	2	28.00	56	56
489633	489688	56	76.21	79	91
490505	490559	55	59.62	58.5	78
491268	491295	28	34.54	36	36
492331	492347	17	50.76	55	55
493452	493565	114	17.48	15	27
494367	494453	87	4.28	4	5
495756	495795	40	3.12	3	6
496216	496298	83	9.72	10	16
497852	497867	16	42.38	45	52
498597	498736	140	34.58	37	49
499430	499559	130	2.47	2	5
500046	500169	124	34.29	23	95
501325	501604	280	148.09	3	564
503687	503760	74	8.38	8	18
504655	504801	147	11.86	11	23
506758	506779	22	7.45	8	8
507935	508070	136	390.56	388	450
509247	509404	158	573.30	437	1613
510479	510668	190	105.88	143	302
510762	510776	15	78.07	83	88
511638	511703	66	59.44	58	145
512337	512503	167	13.63	11	70
513398	513479	82	37.05	34	52
514194	514528	335	65.61	8	267
514658	514731	74	348.49	333	611
516142	516559	418	446.21	123	1618
517340	517404	65	87.95	84.5	131
519235	519297	63	13.25	12	23
520375	520633	259	4.41	2.5	13
522392	523155	764	13.36	6	72
525115	525117	3	12.00	18	18
526787	527044	258	18.02	18	46
527918	528304	387	7.74	8	16
528947	529010	64	0.58	0	3
529683	529738	56	5.16	5	7
530336	530401	66	11.52	12	12
530600	530683	84	1.75	1	4
531122	531204	83	0.66	0	2
532033	532070	38	4.87	5	5
532409	532898	490	4.87	2	17
533807	534197	391	9.97	7	34
534720	535417	698	7.16	5	22
536696	536875	180	64.97	83	107
537101	537150	50	159.06	164	166
537517	537549	33	41.42	41.5	55
538282	538422	141	17.79	18	21
538597	538602	6	6.67	8	8
539044	539096	53	1.81	2	4
540002	540215	214	0.04	0	1
540333	541318	986	0.10	0	1
542906	544361	1456	0.07	0	1
547052	547157	106	0.00	0	0
548388	548779	392	0.39	0	2
550019	550186	168	48.43	54	76
550260	550406	147	20.68	21	51
552282	552382	101	164.55	153.5	313
554209	554234	26	124.73	131	173
554676	554707	32	480.25	481	572
554921	555163	243	465.47	6	1519
556180	556335	156	36.54	34	137
557146	557196	51	54.12	46	95
557821	557975	155	38.83	26	109
559666	559776	111	12.63	10	28
561233	561264	32	43.47	43	51
563721	563722	2	38.00	76	76
564656	564731	76	245.57	248	265
565737	565831	95	3.55	4	7
568418	568426	9	36.78	41	42
568526	568687	162	7.43	8	16
569573	569958	386	34.11	40	84
570958	571036	79	19.85	21	26
571886	571898	13	19.54	23	24
573887	574055	169	62.67	13	245
575758	575892	135	17.34	9	52
576349	576523	175	6.53	4	108
579104	579137	34	55.65	57	72
579255	579309	55	157.87	162.5	175
580495	580588	94	569.78	354	1764
580784	580967	184	114.23	76	503
581058	581093	36	1890.67	2550	2771
581168	581192	25	238.92	246.5	278
581283	581351	69	692.12	141.5	1883
581426	581483	58	79.09	82	97
581558	581632	75	104.27	122.5	134
581707	581765	59	66.39	66	90
581840	581913	74	103.54	136	191
581988	582263	276	35.36	16	228
582615	582645	31	75.03	79	83
584437	584448	12	154.75	170	173
585577	585638	62	27.85	29	34
587105	587113	9	29.33	32.5	36
590061	590083	23	72.30	74	90
591656	591706	51	231.69	229.5	343
592223	592294	72	60.54	58	126
593573	593657	85	49.69	50	60
594459	594664	206	2.34	2	8
596048	596285	238	786.80	45	4631
596532	596561	30	2413.77	2442	2831
597114	597143	30	3379.20	3476	4266
597885	597928	44	3494.73	3483	4127
598280	598402	123	261.25	160	832
599459	599637	179	21.70	10	143
601006	601136	131	143.92	105	261
601572	601727	156	259.04	173	837
602968	603054	87	2346.22	2246	3330
603481	603498	18	2939.89	3062	3494
603889	603900	12	950.58	1024	1118
604024	604218	195	120.28	5	778
604810	604811	2	167.50	335	335
606809	606910	102	105.31	99	150
607544	607545	2	150.50	301	301
608020	608089	70	57.13	46	102
608657	608661	5	29.80	37	38
609250	609255	6	108.17	129	133
612350	612565	216	32.95	17	180
613174	613390	217	134.34	3	506
614003	614079	77	24.61	26	33
614746	614895	150	12.09	7	73
616540	616649	110	5.53	6	14
616749	616925	177	14.47	5	41
617841	617848	8	15.50	18	20
618617	618682	66	13.14	15	22
619562	619574	13	170.54	184.5	193
620367	620371	5	178.00	220.5	230
622243	622335	93	76.09	75	147
623248	623298	51	26.84	22.5	82
623743	623869	127	78.48	47	411
624727	624765	39	0.23	0	1
626201	626301	101	4.85	5	8
631092	631330	239	10.54	6	48
633623	633889	267	76.33	28	376
636485	636641	157	7.50	6	28
637020	637172	153	7.90	2	31
637536	637553	18	8.78	11	11
638786	638884	99	2.02	3	3
639941	640026	86	47.51	44	68
641650	641651	2	10.50	21	21
642681	642813	133	7.09	5	13
644224	644348	125	8.63	9	11
646752	646872	121	3.58	4	6
651386	651444	59	5.90	6	6
652438	652482	45	15.82	17	18
653464	653468	5	5.60	7	7
654492	654496	5	0.80	1	1
655481	655652	172	6.67	7	13
657321	657895	575	16.17	3	125
661765	661830	66	5.50	6	10
662851	662925	75	41.28	44.5	58
664009	664047	39	7.72	7	13
664201	664264	64	28.36	25	45
665561	665846	286	17.18	9	80
666186	666285	100	30.67	28	52
670514	670597	84	13.08	14	30
671897	672029	133	8.99	2	103
673215	673284	70	37.36	23	85
674746	674827	82	2965.38	2332	6983
675878	676404	527	1163.00	8	7996
676879	676957	79	95.99	83	233
677252	677373	122	29.57	27	119
678001	678103	103	220.82	236.5	286
680057	680125	69	186.86	229.5	366
680960	680987	28	108.11	100	185
682326	682584	259	384.08	17	1580
682918	682927	10	967.00	1068	1103
683009	683064	56	522.23	435	1428
683139	683199	61	933.93	275.5	2463
683330	683350	21	56.57	58	68
683804	683824	21	154.71	159	176
685310	685336	27	1460.74	1538	1592
688031	688122	92	666.72	713	1358
688531	688532	2	75.00	150	150
689469	689548	80	159.05	186	227
689880	690244	365	262.24	24	1904
692372	692489	118	316.86	375	689
693399	693487	89	13.15	10	42
693905	693953	49	12.06	13	14
695289	695343	55	7.47	8	16
697245	697354	110	9.63	8	15
699407	699641	235	111.34	87.5	396
700654	700766	113	65.90	62	104
703664	703869	206	17.55	8	74
705463	705586	124	19.03	19	43
706856	706945	90	23.32	26	31
707666	707976	311	10.90	7	44
709288	709593	306	54.54	10	210
710556	710582	27	345.63	359.5	371
712119	712394	276	21.54	18	148
713727	714243	517	27.24	5	111
714556	714595	40	48.38	48	65
715652	715846	195	46.59	41	123
716510	716898	389	2.10	1	8
717659	717663	5	213.80	267	270
719908	719919	12	5.83	6	7
720712	720742	31	63.90	65	73
721556	721567	12	161.17	176	184
722417	722511	95	15.41	14	32
723658	724054	397	9.59	11	30
724943	725143	201	110.36	118	210
725468	725538	71	543.39	595	876
725797	726041	245	1035.07	1308	2623
727617	727687	71	25.56	24	51
728654	728686	33	484.82	500	522
731534	731551	18	150.61	160	160
732065	732229	165	68.67	50.5	159
732662	732698	37	91.27	87.5	130
733659	733691	33	10.00	9	16
733785	733797	13	67.00	71	86
735280	735534	255	11.68	3	182
735874	735891	18	55.06	59	62
737689	737714	26	18.73	19	22
738636	738655	20	27.35	29	31
739766	739873	108	7.91	3	31
740864	740892	29	38.34	38	49
741604	741615	12	12.83	14	15
743290	743533	244	28.15	6	296
744605	744619	15	441.67	481.5	521
745745	745813	69	41.13	40	58
746243	746355	113	41.41	17.5	178
748021	748207	187	26.76	13	238
748301	748384	84	5.96	5	14
750329	750340	12	13.58	15	15
750695	750774	80	32.34	32	40
754683	754827	145	20.68	20	42
756001	756015	15	31.80	37	43
756136	756242	107	502.07	40	2413
756567	756847	281	87.05	4	1487
757730	757850	121	89.35	71	212
758823	758827	5	103.80	130	130
759548	759674	127	8.24	5	30
762246	762496	251	23.36	3	194
762587	762601	15	394.93	416.5	444
764308	764378	71	331.49	314	573
764452	764741	290	1248.85	1246	2722
767625	767754	130	831.30	787	1742
767870	767947	78	466.56	388	1127
768022	768217	196	55.82	6	515
768539	768550	12	162.33	172	198
769271	769307	37	15.54	17	20
769560	769564	5	45.60	57	57
770963	771115	153	26.68	10	124
772028	772266	239	6.13	5	40
772954	772977	24	26.58	28	38
775251	775320	70	4.59	5	10
778907	779107	201	21.05	22	38
781301	781312	12	31.17	34	34
782957	782961	5	30.00	38	39
783781	783816	36	48.72	52	67
784525	784587	63	48.06	49	53
785362	785416	55	39.04	24	137
785516	785566	51	12.43	11	21
786329	786665	337	234.37	4	2027
787287	787492	206	612.18	100	3121
788396	788632	237	8.66	11	18
788750	788948	199	10.75	14	27
790617	790623	7	7.43	9	9
790723	790748	26	76.08	75	88
792060	792214	155	62.92	44	143
792722	792787	66	2.47	2	29
792890	792953	64	18.67	18	45
794228	794240	13	207.62	227	229
795378	795484	107	276.00	246.5	455
795815	795838	24	760.79	770	883
797690	797706	17	86.65	90	96
798652	798821	170	17.29	1	117
799686	799803	118	6.55	6	12
800536	800607	72	34.53	32	48
801172	801200	29	360.24	401	515
802413	802451	39	578.51	587	677
802833	802895	63	348.70	344.5	399
803217	803267	51	285.61	282.5	402
803781	803806	26	466.69	486	493
806007	806057	51	187.57	187	217
806250	806426	177	78.93	93	152
807759	807963	205	170.12	114	359
808390	808565	176	16.80	12	76
809685	809901	217	6.42	7	33
811081	811087	7	77.00	90	91
812216	812243	28	235.64	242	313
813510	813548	39	462.38	469.5	590
814161	814175	15	244.00	259.5	314
815334	815528	195	12.76	9	117
817011	817033	23	71.70	70	122
817949	818255	307	23.86	12	129
819808	820011	204	19.75	8	84
821479	821587	109	117.45	119	130
823139	823376	238	14.36	3	79
825099	825291	193	8.04	4	58
825883	826196	314	19.05	7	120
827076	827178	103	2.52	3	4
828808	828820	13	2.77	3	3
830006	830175	170	4.52	2	19
830962	830975	14	0.93	1	1
832290	832469	180	4.12	6	9
835549	835667	119	0.78	1	4
837221	837232	12	2.75	3	4
838260	838376	117	1.98	2	5
840357	840438	82	20.78	13	76
841987	842267	281	10.19	8	42
842364	842366	3	6.67	10	10
843630	843732	103	2.73	2	13
844663	844789	127	24.49	25	38
845117	845284	168	7.35	7	19
845555	845590	36	18.83	19	22
846272	846287	16	10.94	12	12
847983	848055	73	0.99	1	1
849355	849372	18	0.94	1	1
851187	851189	3	0.67	1	1
852901	853164	264	0.58	0	2
854233	854286	54	1.52	1	3
858445	858793	349	7.35	7	30
859190	859266	77	5.44	5	8
860038	860218	181	11.37	11.5	26
860540	860583	44	9.14	9	15
860677	860788	112	2.53	2	7
862403	862472	70	13.07	14	17
863278	863288	11	10.18	11	12
865056	865249	194	28.04	28	54
865763	866098	336	4.06	4	7
866801	866872	72	5.03	6	9
869810	869812	3	6.67	10	10
870389	870818	430	9.96	10	18
872651	872763	113	2.91	3	9
872944	873241	298	2.04	1	8
874223	874250	28	6.75	7	7
874929	875272	344	2.94	2	6
876896	876973	78	0.09	0	1
880013	880127	115	1.45	2	4
881265	881389	125	3.68	1	20
885661	885772	112	15.56	13	49
886265	886542	278	16.56	7	98
888403	888845	443	7.31	4	36
889904	890448	545	443.08	12	8000
891121	891202	82	637.00	503	1619
892493	892494	2	278.50	557	557
892945	892949	5	88.20	110	112
895689	895706	18	71.94	77	83
898661	898672	12	418.25	478	503
899687	899895	209	32.65	30	77
900724	900725	2	19.50	39	39
901485	901493	9	12.67	15.5	16
903372	903379	8	65.00	77	83
904148	904165	18	125.83	144	171
904637	904647	11	9.09	10	10
905554	905558	5	6.40	8	8
906204	906378	175	9.48	1	103
910939	911516	578	6.35	3	25
912205	912855	651	10.28	10	23
914122	914290	169	39.72	3	855
914655	914725	71	234.46	245	283
915209	915388	180	17.63	21	24
916135	916214	80	25.27	21	55
916623	916732	110	10.36	8	25
918395	918526	132	8.20	4	35
919409	919556	148	320.78	52	945
920157	920422	266	120.82	57	435
922328	922530	203	191.64	34.5	527
923674	923725	52	3.44	3	5
924167	924223	57	3.02	4	7
926982	927020	39	2.59	3	3
928939	929009	71	7.90	9	17
929589	929636	48	36.23	32	63
929766	929946	181	98.43	56	267
931537	931538	2	4.50	9	9
935740	935916	177	42.83	39	68
936352	936464	113	51.35	28	181
936654	936661	8	208.75	240	248
936863	936967	105	49.60	26	369
937610	937644	35	10.89	10	21
937834	937853	20	32.65	36	42
939567	939794	228	133.06	135	288
940488	940505	18	15.28	16	18
940602	940624	23	0.17	0	2
941002	941186	185	7.99	6	36
942789	942856	68	6.96	7	11
943600	944214	615	4052.11	5615.5	8076
944326	944366	41	167.85	149	273
945247	945252	6	11.67	14	14
946288	946378	91	4.58	2	13
946688	946690	3	13.33	20	20
947423	947522	100	14.74	8	36
949401	949422	22	209.95	218	226
950305	950348	44	206.41	208	237
950589	950905	317	11.74	4	84
951668	951681	14	61.14	68	70
952636	952845	210	35.21	22	78
954391	954683	293	14.91	19	28
954920	955013	94	1.45	1	7
955932	955955	24	39.25	41	42
956340	956371	32	25.00	29	33
957221	957261	41	41.05	34.5	67
958633	958839	207	35.39	7	123
960412	960515	104	38.89	17	110
962775	962791	17	20.65	22	24
963653	963685	33	2.61	1	5
964280	964283	4	14.25	19	19
965058	965192	135	7.39	3	31
966018	966038	21	52.14	54	58
967738	967975	238	35.66	1	201
968534	968600	67	42.54	43.5	58
969549	969787	239	47.96	6	439
971222	971303	82	82.61	80	115
972990	973170	181	66.69	6	560
973253	973339	87	115.33	66.5	347
973422	973508	87	157.22	99	448
973591	973678	88	246.69	98	818
973761	973766	6	128.83	154	157
973860	974048	189	3.27	3	8
975105	975106	2	8.00	16	16
978215	978271	57	5.46	5	7
978380	978643	264	0.80	1	2
979142	979456	315	3.35	3	7
980573	980594	22	3.18	3	4
986153	986165	13	5.69	7	7
986595	986596	2	2.00	4	4
990919	991116	198	1.58	1	3
991930	992137	208	1.87	1	5
993362	993627	266	7.98	4	27
996499	996655	157	1.90	0	7
997970	998147	178	4.39	4	6
998750	999241	492	0.73	0	3
1000637	1000709	73	4.99	5	6
1001904	1001909	6	1.67	2	2
1002435	1002461	27	2.89	3	3
1005790	1005942	153	25.34	26	35
1006537	1006822	286	62.95	41	482
1008128	1008293	166	122.77	61	423
1008645	1008815	171	14.13	13	36
1010431	1010611	181	2.51	1.5	17
1010888	1010911	24	24.88	27	48
1012211	1012304	94	89.40	83	147
1013094	1013095	2	65.00	130	130
1016128	1016136	9	31.56	34	38
1016605	1016609	5	93.80	121	123
1016925	1016995	71	17.07	14	35
1018022	1018029	8	66.12	75	78
1018669	1018686	18	10.83	11	13
1018789	1018820	32	108.88	125	127
1021503	1021526	24	134.38	140	145
1021995	1022052	58	64.67	65	100
1023568	1023610	43	78.21	71.5	114
1024484	1024555	72	425.07	379	753
1026118	1026187	70	32.93	33	64
1027610	1027835	226	14.14	3	83
1029027	1029141	115	172.47	46.5	466
1029649	1029759	111	585.11	556	778
1031479	1031614	136	461.81	581	923
1031870	1031956	87	820.26	863.5	948
1032164	1032169	6	89.83	107	109
1033136	1033260	125	18.21	7	99
1034011	1034242	232	97.12	116	176
1035116	1035250	135	34.30	36	83
1037258	1037890	633	68.05	2	501
1038938	1039016	79	43.47	50.5	83
1039830	1039892	63	7.32	8.5	12
1040310	1040355	46	22.43	24	26
1041731	1042163	433	24.27	4	136
1043082	1043255	174	5.59	6	9
1043370	1043446	77	2.35	3	3
1044272	1044316	45	48.02	49.5	61
1045356	1045624	269	3.50	2	13
1046192	1046274	83	56.92	41.5	109
1046566	1046608	43	129.49	129	164
1047128	1047139	12	62.75	69	70
1048022	1048251	230	24.14	7	203
1050157	1050493	337	69.72	21.5	243
1051136	1051252	117	196.66	160	490
1052225	1052326	102	10.47	9	31
1053869	1054132	264	3.90	3	36
1054280	1054315	36	7.03	5	16
1054811	1054960	150	43.15	27	115
1056623	1056820	198	19.72	3	278
1058405	1058501	97	3.87	5	6
1059714	1059718	5	139.00	174	175
1060853	1061323	471	14.79	6	83
1062893	1063023	131	17.81	2	95
1063123	1063142	20	161.40	172	205
1064811	1064977	167	33.93	5	204
1069841	1069964	124	9.93	6	51
1070757	1070932	176	22.97	9	115
1071857	1071903	47	192.13	163.5	292
1073167	1073169	3	45.00	67.5	68
1073764	1073828	65	26.82	25	46
1074318	1074352	35	74.43	77	83
1075865	1075994	130	19.49	20	59
1077318	1077420	103	96.99	117.5	127
1078150	1078164	15	2.47	3	3
1078306	1078368	63	20.17	24	27
1079251	1079301	51	23.47	19	37
1079740	1079900	161	13.25	11	34
1080997	1081025	29	22.34	23	27
1081716	1081719	4	15.75	21	21
1082347	1082360	14	34.29	38	40
1083405	1083406	2	5.00	10	10
1086325	1086326	2	14.50	29	29
1086966	1087127	162	708.30	5	5394
1087201	1087789	589	5.87	3	31
1089955	1089963	9	8.44	9.5	11
1090057	1090249	193	22.98	16	68
1091615	1091620	6	41.83	50	51
1092839	1093018	180	14.27	6	85
1094134	1094195	62	39.05	44	51
1094706	1094715	10	17.10	19	19
1095438	1095441	4	60.00	79	82
1095892	1095908	17	18.53	20	22
1096881	1096937	57	1.05	0	3
1097028	1097087	60	14.23	17	17
1099945	1100392	448	54.00	34	760
1101167	1101241	75	118.31	78	333
1102133	1102360	228	9.79	10	35
1105644	1105804	161	37.22	31	137
1106462	1106561	100	13.03	11	32
1108671	1108744	74	44.96	47	104
1109348	1109435	88	16.97	3	96
1109901	1109929	29	3.97	4	5
1111226	1111530	305	6.51	4	38
1112815	1113076	262	79.90	2	589
1114365	1114747	383	466.43	39	1738
1118326	1118453	128	12.37	7	84
1119000	1119080	81	21.78	15	69
1119978	1120188	211	9.54	10	18
1121293	1121464	172	37.42	36	113
1121594	1121595	2	18.00	36	36
1121992	1122125	134	54.47	32	194
1122669	1122689	21	124.62	132.5	139
1124766	1124805	40	77.83	101	106
1125166	1125182	17	73.53	77.5	81
1125783	1125894	112	16.27	12	51
1126144	1126280	137	4.48	4	15
1126716	1126811	96	14.82	14	38
1127553	1127704	152	42.76	54	85
1128773	1128899	127	3.98	4	10
1129965	1130010	46	25.96	2	105
1130545	1130555	11	28.91	32	34
1131414	1131566	153	27.74	19	126
1131996	1132051	56	19.54	19	25
1132352	1132404	53	22.08	17	42
1133146	1133234	89	47.79	48	60
1135314	1135445	132	27.22	7	181
1135541	1135857	317	253.68	0.5	5276
1136197	1136295	99	30.60	29	54
1137295	1137310	16	41.19	44	45
1137806	1137846	41	19.27	19	24
1139080	1139200	121	4.64	4.5	6
1139342	1139645	304	0.50	0	2
1142910	1143001	92	0.35	0	1
1143830	1144115	286	3.50	2	17
1144656	1144670	15	8.60	10	10
1145993	1146073	81	27.79	25	49
1146212	1146258	47	26.36	24.5	35
1147246	1147493	248	8.06	2	61
1148996	1149032	37	46.22	47.5	55
1149977	1149989	13	8.62	9	10
1151307	1151320	14	12.86	13	17
1152623	1152624	2	4.50	9	9
1154233	1154251	19	14.89	16	16
1155593	1155623	31	51.94	54	57
1157226	1157231	6	1.67	2	2
1158042	1158068	27	3.07	3	5
1158210	1158667	458	194.00	165	673
1160297	1160447	151	50.56	51	73
1161366	1161381	16	42.94	45	53
1162282	1162308	27	25.89	29.5	31
1164270	1164421	152	6.59	1	29
1165367	1165466	100	120.83	47	398
1167609	1167746	138	272.71	283	385
1168941	1169289	349	244.06	116.5	647
1169746	1169870	125	28.30	29	34
1170279	1170718	440	10.07	8	42
1171682	1171759	78	16.12	7	43
1173532	1173700	169	31.44	28	70
1175168	1175202	35	13.43	14	15
1176172	1176330	159	3.61	4	5
1176958	1177055	98	31.36	30	47
1177650	1177676	27	183.26	183.5	216
1179024	1179025	2	5.00	10	10
1179119	1179129	11	212.91	235.5	242
1180435	1180543	109	37.74	36	85
1181828	1181956	129	0.25	0	1
1185637	1185720	84	41.87	48	103
1185928	1186156	229	12.70	4	66
1187018	1187229	212	4.06	3	21
1188378	1188390	13	24.46	26.5	28
1189669	1189670	2	8.00	16	16
1191709	1191713	5	14.80	20	21
1193274	1193366	93	35.17	11	111
1194735	1194794	60	100.23	103	117
1195410	1195434	25	71.40	76	102
1196551	1196814	264	14.32	13	37
1198117	1198166	50	28.70	26	70
1198578	1198969	392	48.20	3	382
1199150	1199267	118	15.28	14	24
1200867	1201088	222	20.46	3	194
1201220	1201259	40	35.77	28	57
1202172	1202178	7	49.14	56.5	63
1203472	1203477	6	11.33	14	14
1204516	1204569	54	21.11	19	26
1205641	1205642	2	11.50	23	23
1206252	1206296	45	19.33	18	27
1208416	1208618	203	24.72	22	46
1209489	1209651	163	748.44	860	1230
1211875	1211975	101	76.48	71.5	142
1212204	1212669	466	116.99	16	420
1212988	1213028	41	499.61	524.5	557
1215297	1215367	71	55.00	62.5	95
1217042	1217245	204	4.27	2	19
1217522	1217796	275	5.31	5	10
1219063	1219155	93	38.69	20	91
1220008	1220317	310	31.83	11	118
1221962	1222073	112	44.21	47	53
1222677	1222771	95	17.94	10	37
1223675	1223697	23	109.96	117	132
1224631	1224974	344	10.28	6	50
1225581	1225678	98	56.53	48	115
1226225	1226417	193	103.45	62	414
1228864	1229088	225	2.92	3	18
1230352	1230430	79	45.91	34	102
1231568	1231650	83	10.22	11	16
1232638	1232639	2	8.00	16	16
1234146	1234156	11	10.91	13.5	15
1234892	1235013	122	8.57	9	22
1235983	1236096	114	8.94	11	16
1236835	1236962	128	5.55	4	18
1237830	1238123	294	44.60	28	214
1239897	1239995	99	4.81	3	14
1240572	1240675	104	25.89	19	56
1242050	1242247	198	4.33	4	16
1243052	1243053	2	35.00	70	70
1244242	1244284	43	20.09	18.5	28
1245692	1245699	8	54.00	63	63
1248896	1248907	12	1.83	2	2
1249167	1249233	67	8.99	9	13
1250104	1250108	5	59.20	74	74
1250727	1250861	135	79.61	79	103
1251825	1251994	170	23.88	23	48
1255494	1255615	122	10.49	6	46
1256570	1257046	477	6.44	2	48
1258929	1259188	260	5.80	3	25
1260518	1260620	103	18.39	20	23
1261724	1261729	6	20.17	22	29
1263494	1263811	318	11.83	7	29
1264232	1264435	204	51.42	51	67
1265651	1265707	57	9.79	9.5	14
1266104	1266152	49	0.63	0	3
1266258	1266397	140	2.59	2	12
1266593	1266730	138	3.43	3	8
1267781	1267847	67	7.48	5.5	17
1268517	1268618	102	74.77	78	232
1269306	1269432	127	10.54	10	20
1270126	1270298	173	25.44	20.5	77
1273362	1273413	52	5.92	4	11
1273879	1274130	252	12.32	12	17
1275340	1275416	77	30.01	15	79
1276140	1276290	151	24.10	3	321
1277824	1277837	14	1.50	2	2
1279533	1279553	21	4.52	5	5
1281760	1281865	106	6.00	5	11
1282574	1282692	119	4.76	4	17
1283638	1283778	141	27.58	21.5	120
1284097	1284103	7	848.29	990	992
1284701	1284861	161	14.01	20	21
1285654	1285749	96	20.99	25	28
1290197	1290574	378	53.76	8	534
1291217	1291218	2	50.50	101	101
1293049	1293098	50	14.04	12	32
1293654	1293913	260	23.72	10	167
1293985	1293989	5	215.00	270	278
1294063	1294129	67	87.34	75	173
1294214	1294226	13	226.77	254.5	274
1294300	1294548	249	34.53	3	416
1296147	1296291	145	8.91	8	15
1296406	1296439	34	55.59	58	70
1297421	1297449	29	84.90	90	93
1299835	1300119	285	31.11	19	119
1300252	1300275	24	481.33	506	561
1301478	1301551	74	46.80	40	78
1301795	1301948	154	6.19	5	33
1303877	1304026	150	6.72	5	31
1304900	1304978	79	2.23	2	5
1305946	1306117	172	11.35	7	107
1307170	1307188	19	9.68	10	12
1308611	1308758	148	45.15	56	68
1310172	1310477	306	5.94	5	12
1310922	1311450	529	42.31	16	195
1312558	1312559	2	5.50	11	11
1313343	1313353	11	21.36	24	25
1313891	1313899	9	12.44	14	14
1314500	1314659	160	7.81	6	14
1314765	1314817	53	38.64	34	127
1317662	1318048	387	19.54	21	38
1318622	1318802	181	35.30	5	115
1319196	1319245	50	7.82	8	11
1320854	1321086	233	8.62	3	67
1321597	1321864	268	7.38	1	69
1322762	1322776	15	54.47	58	64
1322873	1322927	55	10.89	10.5	18
1324173	1324347	175	7.05	8	11
1324774	1324876	103	30.57	22	73
1325153	1325154	2	110.50	221	221
1326322	1326383	62	95.95	103	117
1328667	1329117	451	34.15	15	246
1329853	1330206	354	339.59	5	1392
1332889	1333103	215	266.89	3	993
1334100	1334128	29	20.28	21	25
1335026	1335278	253	3.64	3	10
1336491	1336675	185	7.80	4	64
1336850	1337022	173	11.66	9	32
1337671	1337808	138	21.44	11	57
1339114	1339322	209	25.98	22	61
1340706	1340717	12	14.17	15	18
1342786	1343034	249	4.50	3	13
1344607	1344754	148	24.16	25	48
1345301	1345366	66	26.52	24	63
1346731	1346836	106	1.86	2	3
1347260	1347536	277	2.12	1	7
1348740	1348843	104	13.26	11	30
1349375	1349386	12	2.75	3	3
1350668	1350776	109	2.21	1	10
1352761	1352764	4	14.25	19	19
1353242	1353600	359	14.07	7	65
1355221	1355387	167	12.72	7	36
1356681	1356925	245	2.49	2	5
1357229	1357309	81	1.12	1	2
1358648	1358696	49	10.10	11	11
1360334	1360358	25	23.08	25	28
1361115	1361217	103	18.59	18	39
1362238	1362385	148	22.61	29	38
1364549	1364569	21	23.90	27	30
1366205	1366599	395	19.62	10	52
1368493	1368633	141	5.11	3	14
1371252	1371468	217	6.57	6	39
1372774	1372936	163	1.88	2	3
1374570	1374772	203	5.48	3	15
1375019	1375080	62	11.34	11	20
1375927	1375994	68	15.07	13	38
1377438	1377541	104	40.24	40	120
1379171	1379570	400	29.88	10	97
1379937	1380027	91	44.73	42	74
1381387	1381481	95	44.53	34	127
1382733	1383033	301	10.35	6	102
1383646	1383844	199	5.70	5	13
1385219	1385396	178	228.07	72	668
1386912	1387062	151	28.13	21	101
1387246	1387472	227	29.18	27	48
1389859	1389974	116	10.72	10	26
1391514	1391515	2	19.00	38	38
1392089	1392185	97	31.39	31	43
1392657	1392726	70	5.09	5	11
1393603	1393725	123	10.41	3	48
1395010	1395060	51	6.43	7	8
1396690	1397025	336	5.95	0	27
1398487	1398498	12	49.33	55	56
1400291	1400320	30	9.63	9	14
1401239	1401338	100	159.43	167	317
1402110	1402324	215	61.02	9	1782
1403645	1403672	28	31.75	33	34
1404375	1404752	378	12.91	5	40
1407822	1407904	83	17.45	10	39
1408579	1408945	367	3.83	3	7
1410052	1410121	70	20.64	12	50
1411766	1411772	7	8.71	10.5	11
1412784	1413195	412	1.94	1	5
1413832	1414154	323	2.25	2	4
1414980	1414989	10	0.20	0	2
1415116	1415132	17	0.94	1	1
1416660	1416671	12	3.00	4	4
1417221	1417420	200	45.98	45	102
1418390	1419021	632	6.68	1	27
1420634	1420811	178	12.19	11	36
1421943	1422040	98	2.91	3	5
1424645	1424655	11	14.00	16	16
1427738	1427913	176	5.45	4	19
1428388	1428470	83	34.67	36	43
1429866	1429933	68	43.60	42	90
1431038	1431463	426	1.52	1	15
1433700	1433708	9	17.56	20.5	21
1440608	1440715	108	18.87	11	68
1441187	1441402	216	15.19	6	70
1441595	1441609	15	13.80	14	19
1441700	1441839	140	14.55	16	23
1444768	1444811	44	4.52	4	10
1446066	1446241	176	15.24	4	40
1446524	1446591	68	12.62	12	17
1447004	1447034	31	106.00	118	132
1447704	1447950	247	85.70	13	373
1448704	1448728	25	3.72	3.5	9
1449824	1449828	5	3.20	4	4
1451032	1451159	128	6.78	4	22
1452186	1452642	457	9.12	5	43
1453579	1453646	68	21.84	19	45
1454466	1454743	278	2.98	3	17
1455479	1455493	15	11.27	12	13
1458162	1458334	173	6.49	7	13
1458581	1458739	159	30.99	17	117
1461082	1461134	53	3.58	3	5
1461813	1462188	376	10.42	10	30
1463365	1463478	114	10.73	11	28
1466323	1466366	44	8.55	12	12
1468260	1468261	2	9.00	18	18
1468988	1469401	414	10.78	10	25
1470965	1471031	67	117.03	112	173
1471560	1471563	4	7.50	10	10
1471744	1471847	104	5.68	4	14
1472310	1472358	49	43.67	45	48
1472707	1472743	37	16.19	0	57
1476947	1476979	33	211.64	218.5	232
1477460	1477494	35	18.34	19	20
1477603	1477678	76	3.62	4	5
1479029	1479064	36	0.97	1	1
1480170	1480407	238	5.54	6	12
1481513	1481601	89	3.26	4	4
1483006	1483163	158	88.63	90	109
1484676	1484759	84	1.29	0	3
1484805	1484823	19	12.32	13	13
1485136	1485192	57	3.63	4	4
1486426	1486435	10	5.40	6	6
1490553	1490565	13	4.92	5	6
1492283	1492305	23	2.70	2	4
1493866	1493880	15	3.93	4	5
1495804	1495939	136	1.82	2	6
1496060	1496301	242	0.77	0	2
1498087	1498167	81	8.36	9	12
1499482	1499665	184	6.92	8	24
1500857	1500917	61	13.03	7	26
1501518	1501626	109	5.53	0	33
1504280	1504291	12	59.92	66	67
1505895	1505901	7	5.29	6	7
1507636	1507859	224	9.65	3	34
1509432	1509631	200	7.21	6	16
1510148	1510277	130	2.01	1	15
1514606	1514610	5	2.40	3	3
1517274	1517420	147	0.00	0	0
1518156	1518245	90	11.86	13	20
1518882	1518956	75	3.40	2	10
1520331	1520425	95	46.49	34	95
1520523	1520554	32	460.44	499	529
1520654	1521010	357	59.50	44	156
1521743	1521891	149	14.31	17	20
1522927	1523040	114	16.11	9	53
1524139	1524174	36	45.61	33	101
1524943	1524944	2	28.50	57	57
1526917	1527204	288	77.30	64	202
1528841	1528844	4	26.00	34	36
1529502	1529580	79	5.70	6	13
1530511	1530638	128	16.16	5	83
1531584	1531715	132	17.27	7	124
1532466	1532557	92	62.25	64	97
1533391	1533396	6	52.17	63	64
1535767	1535773	7	16.86	19.5	22
1536248	1536328	81	55.73	31.5	157
1537307	1537316	10	195.40	212	238
1537479	1537492	14	456.14	497	514
1538111	1538126	16	143.19	153	158
1539558	1539788	231	274.71	51.5	805
1540167	1540237	71	13.97	13	27
1543168	1543230	63	4.84	4	9
1545394	1545398	5	5.60	7	7
1548917	1549276	360	13.11	1	65
1549634	1549661	28	167.93	182	193
1563782	1564151	370	5.54	5	11
1564374	1564469	96	2.78	3	5
1565899	1566026	128	3.66	3	15
1566363	1566966	604	99.66	41	603
1568112	1568212	101	16.44	2	269
1570980	1570992	13	119.00	128.5	130
1571239	1571376	138	60.78	56	83
1572815	1572942	128	1.84	1	16
1573279	1573770	492	31.27	32	60
1574513	1574592	80	6.92	6	10
1575283	1575414	132	6.18	5	11
1575697	1575703	7	8.57	10	12
1577270	1577433	164	1.65	1	3
1577998	1579038	1041	165.46	5	1789
1579364	1579443	80	8.05	8	9
1580134	1580265	132	5.26	5	14
1580548	1580554	7	16.00	19	19
1582121	1582284	164	2.34	3	3
1582849	1583159	311	7.57	6	18
1584380	1585290	911	155.75	4	1449
1585648	1585760	113	30.42	30	55
1586091	1586097	7	45.00	53	53
1588358	1588424	67	93.16	94	176
1588941	1589025	85	77.58	45	249
1589197	1589365	169	388.34	38.5	1291
1591058	1591065	8	192.00	222	224
1593203	1593213	11	24.64	29	31
1595338	1595598	261	3.69	0	94
1595728	1595799	72	8.49	11	15
1596340	1596496	157	15.65	17	38
1597505	1597580	76	42.09	39	84
1602420	1602610	191	9.22	10	20
1602845	1602880	36	147.31	152	223
1605485	1605685	201	7.50	6	36
1606400	1606510	111	5.53	2	16
1608506	1608525	20	274.85	290	313
1609150	1609252	103	100.31	106	131
1611606	1611641	36	26.53	27	33
1612899	1612910	12	16.83	17	20
1615548	1615580	33	1.55	0	4
1617090	1617154	65	11.14	12	13
1617246	1617273	28	26.93	27	30
1618168	1618208	41	22.63	26	54
1620024	1620175	152	3.63	3	6
1621361	1621374	14	59.29	63	69
1621855	1621991	137	22.91	12	65
1622769	1622868	100	1.97	1	4
1624349	1624351	3	6.00	9	9
1624958	1624971	14	6.50	7	7
1627824	1627837	14	10.00	11	11
1628033	1628112	80	36.54	36	55
1628767	1628794	28	3.36	3	4
1630454	1630654	201	3.87	1	36
1631721	1631767	47	1.17	0	6
1632779	1632887	109	9.68	10	13
1634478	1634691	214	13.26	3	41
1638167	1638460	294	6.90	3	32
1639286	1639294	9	18.11	20	21
1639991	1640001	11	6.91	8	8
1643104	1643195	92	8.42	8	23
1643972	1643984	13	3.69	4	4
1644144	1644189	46	26.76	23	56
1644463	1644671	209	173.75	93	419
1645578	1645742	165	25.52	17	139
1647369	1647372	4	7.50	10	10
1649393	1649483	91	39.88	37	64
1649982	1649993	12	34.25	37	38
1650423	1650857	435	49.31	14	174
1651722	1652327	606	55.95	15	309
1653711	1653916	206	4.09	3	14
1654898	1654906	9	0.89	1	1
1655753	1656061	309	18.14	8	53
1657855	1657856	2	21.00	42	42
1658798	1658806	9	31.11	34	40
1660178	1660179	2	11.00	22	22
1660936	1661256	321	3.37	3	10
1662559	1662636	78	0.22	0	1
1663516	1663527	12	2.75	3	3
1665539	1665565	27	7.07	8	9
1666325	1666354	30	98.93	86	134
1667066	1667143	78	17.26	19	32
1667985	1668121	137	40.36	36	84
1669154	1669191	38	31.84	31	42
1670626	1670918	293	25.98	4	227
1671018	1671040	23	74.83	78	86
1673213	1673279	67	9.84	10	12
1674207	1674272	66	1.38	0	10
1675443	1675594	152	2.28	2	5
1676722	1676744	23	6.04	8	8
1678002	1678003	2	5.00	10	10
1679216	1679221	6	1.17	1	3
1680497	1680498	2	7.00	14	14
1681265	1681273	9	1.89	1	4
1683598	1684122	525	5.69	2	26
1684501	1684518	18	4.44	5	5
1685902	1686048	147	2.98	2	5
1686430	1686476	47	39.81	41	47
1686933	1686964	32	43.09	45	52
1687280	1687437	158	73.29	68	129
1688257	1688260	4	161.50	215	220
1690149	1690214	66	15.35	16	22
1691124	1691205	82	0.00	0	0
1695267	1695313	47	5.28	6	7
1695827	1695868	42	1.90	2	2
1696433	1696498	66	2.08	2	3
1698200	1698375	176	1.51	1	3
1698895	1699072	178	5.28	8	13
1699952	1700059	108	4.69	5	8
1700843	1700983	141	2.64	3	3
1703440	1703679	240	3.62	1	16
1704532	1704616	85	1.98	2	5
1705904	1705923	20	2.90	3	4
1706974	1706984	11	5.64	6	7
1708200	1708210	11	26.09	29	29
1709327	1709718	392	3.23	3	20
1711150	1711300	151	8.09	5	15
1712123	1712294	172	11.13	9	46
1712369	1712392	24	69.62	69	96
1712467	1712740	274	3.42	2	10
1713800	1713804	5	9.60	12	12
1714492	1714608	117	4.18	4	8
1715410	1715543	134	16.07	15	24
1716528	1716548	21	177.19	186	199
1717323	1717390	68	36.32	32	63
1718075	1718076	2	7.50	15	15
1719691	1720422	732	55.43	11	305
1721851	1721864	14	8.29	9	10
1722837	1722842	6	4.17	5	5
1725149	1725154	6	10.83	13	13
1725602	1725651	50	2.82	3	11
1726609	1726819	211	1.34	1	3
1727531	1727536	6	15.00	18	18
1727759	1727959	201	12.92	12	18
1729555	1729724	170	6.68	4	14
1729956	1729988	33	24.61	27	27
1730877	1730963	87	2.48	2	5
1732179	1732237	59	5.37	4	9
1732784	1732895	112	18.21	16	49
1741365	1741763	399	132.13	147	310
1743099	1743102	4	86.00	116	117
1743739	1743876	138	66.38	69	125
1745038	1745275	238	71.52	58	186
1746518	1746533	16	137.50	148	163
1749416	1750015	600	45.62	35	173
1751162	1751442	281	18.75	18	83
1752559	1752561	3	12.33	18.5	19
1755677	1755792	116	15.95	17	23
1757167	1757296	130	5.82	6	9
1758731	1758799	69	5.10	6	8
1760662	1760982	321	33.60	38.5	72
1763594	1763860	267	9.24	2	30
1764266	1764279	14	55.00	59	61
1766300	1766459	160	285.29	23	1035
1766736	1766887	152	635.94	586	1476
1767659	1767752	94	0.45	0	2
1768152	1768344	193	2.40	2	5
1770133	1770466	334	3.04	3	7
1771709	1771808	100	11.61	13	21
1772436	1772605	170	5.55	2	45
1772807	1772849	43	1.95	2	2
1774820	1774843	24	32.62	31	43
1776488	1776817	330	8.68	1	167
1779272	1779307	36	5.22	5	7
1780967	1780980	14	5.50	6	6
1782733	1782739	7	10.43	12	14
1786178	1786521	344	6.66	3	27
1786630	1786701	72	138.31	161	350
1786869	1786970	102	60.81	31	455
1788324	1788408	85	6.49	4.5	16
1789270	1789283	14	7.64	8	9
1789422	1789607	186	2.89	2	8
1790859	1791029	171	2.73	3	7
1791975	1791986	12	9.00	9	11
1794005	1794165	161	4.21	4	8
1794385	1794392	8	10.50	12	12
1794657	1794805	149	13.54	16	42
1795247	1795456	210	32.51	5	129
1796603	1796618	16	2.00	2	3
1799558	1799618	61	11.80	9	20
1800324	1800424	101	6.02	5	20
1801769	1802326	558	27.71	32	57
1803779	1803861	83	18.34	10	85
1805050	1805138	89	14.96	4	34
1805718	1805806	89	12.21	13	18
1811008	1811181	174	10.55	10	24
1811795	1811810	16	29.69	30	38
1812477	1812688	212	6.96	0	39
1813703	1813818	116	28.80	30	35
1815439	1815440	2	3.50	7	7
1817275	1817276	2	12.00	24	24
1819055	1819057	3	10.33	15.5	16
1819826	1819864	39	33.13	35	39
1821292	1821440	149	8.77	7	38
1822686	1822751	66	7.77	5	18
1823310	1823363	54	14.81	15	22
1824486	1824543	58	22.52	16	78
1824640	1824694	55	1.67	2	2
1827155	1827180	26	4.81	5	5
1828363	1828411	49	0.84	1	2
1828628	1829273	646	1.65	1	8
1830114	1830320	207	2.98	2	8
1830699	1830804	106	48.40	58	78
1832273	1832407	135	51.56	32	188
1832675	1832905	231	3.75	4	10
1833449	1833588	140	14.51	17	24
1834027	1834103	77	23.52	21	51
1834798	1835074	277	46.60	42	105
1837358	1837613	256	6.07	6	10
1837707	1837755	49	2.41	2	3
1838671	1838679	9	13.33	15	15
1838881	1838996	116	53.65	18	160
1839681	1839906	226	2.37	3	5
1842673	1842808	136	17.70	9	43
1845263	1845544	282	6.24	2	28
1847912	1847961	50	5.90	3	22
1848574	1848653	80	1.79	1	10
1849095	1849178	84	18.17	16	31
1855689	1855702	14	137.71	141	169
1856483	1856574	92	10.46	11	25
1857421	1857522	102	10.77	12	15
1858225	1858451	227	3.26	1	26
1859112	1859520	409	40.95	33	120
1860529	1860689	161	100.27	86	255
1860774	1860889	116	300.11	307	342
1861475	1861831	357	12.22	6	67
1862519	1862554	36	11.53	12	12
1862864	1862870	7	8.86	10	11
1863687	1863876	190	14.38	6	45
1865329	1865332	4	378.50	505	505
1866548	1866681	134	202.08	201	243
1866814	1866931	118	48.40	28	104
1867040	1867218	179	8.20	2	42
1869847	1870185	339	20.12	5	169
1870432	1870524	93	19.51	17.5	35
1871803	1871808	6	34.17	41	43
1872801	1872806	6	4.17	5	5
1873506	1873591	86	51.71	53	114
1873808	1874113	306	22.59	13	186
1875011	1875027	17	315.06	348	380
1875322	1875516	195	7.69	5.5	202
1877797	1877854	58	41.64	50	60
1878527	1878683	157	1.75	2	4
1879923	1879969	47	48.66	48	56
1881696	1881715	20	15.95	17	17
1882493	1882571	79	11.94	13	18
1884520	1884532	13	4.92	7	8
1885652	1885669	18	17.50	19	20
1886546	1887311	766	43.62	39	121
1887435	1887600	166	15.36	16	22
1891118	1891335	218	50.39	49	75
1892428	1892429	2	9.50	19	19
1895478	1895691	214	13.88	2	320
1895777	1896091	315	119.86	8.5	2705
1897325	1897401	77	17.95	17	22
1897876	1898008	133	19.02	15.5	37
1900829	1900850	22	19.41	21	23
1905743	1905789	47	7.45	8	8
1908856	1908885	30	90.93	89	116
1912280	1912282	3	21.33	32	32
1916007	1916149	143	4.50	4	9
1921855	1921884	30	10.63	11	11
1922743	1922809	67	23.54	26	31
1923878	1923894	17	39.29	41	46
1925047	1925230	184	13.26	10	29
1926065	1926195	131	32.08	18	141
1927090	1927129	40	43.10	44	64
1928411	1928420	10	145.40	164	173
1928940	1928992	53	22.81	22	44
1929956	1929988	33	256.03	264	393
1931744	1931749	6	22.33	28	29
1932884	1933230	347	14.07	12	36
1935652	1935800	149	3.74	4	6
1936005	1936120	116	2.28	2	4
1936729	1936826	98	4.43	4	7
1938730	1938738	9	19.78	22.5	23
1939777	1939913	137	2.55	3	4
1940271	1940321	51	3.16	3	5
1940697	1940753	57	1.96	2	2
1941330	1941350	21	7.76	8	11
1942030	1942841	812	50.74	28	219
1943301	1943305	5	4.80	6	6
1946142	1946150	9	1.78	2	2
1947120	1947460	341	2.55	2	7
1948020	1948111	92	13.96	15	46
1948571	1948799	229	7.87	3	36
1949112	1949164	53	2.91	3	3
1949609	1949717	109	4.63	4	9
1950702	1950738	37	1.38	1	2
1951377	1951670	294	2.69	2	6
1952514	1952630	117	0.03	0	1
1952859	1953460	602	32.73	9	153
1954127	1954252	126	4.07	3	15
1954731	1954788	58	1.38	2	2
1956876	1956888	13	3.69	4	4
1957102	1957200	99	6.85	8	14
1958962	1959131	170	5.68	6	14
1959231	1959244	14	13.79	15	16
1960763	1961097	335	0.94	0	17
1961536	1961549	14	107.21	114	135
1962951	1963027	77	61.70	73	83
1964891	1965109	219	3.68	2	24
1965407	1965417	11	75.45	84	84
1967026	1967399	374	78.44	4	1113
1969299	1969416	118	44.08	31	70
1970581	1970702	122	11.20	12	15
1971153	1971343	191	2.37	1	10
1973699	1973908	210	2.45	2	13
1974479	1974554	76	14.33	16	26
1975614	1975789	176	9.28	6	30
1976552	1976569	18	278.56	294	305
1977086	1977119	34	1104.41	1113	1317
1978470	1978486	17	54.88	51.5	72
1979555	1979574	20	45.45	50	56
1980013	1980017	5	32.80	41	41
1981156	1981266	111	5.43	4	23
1981682	1981696	15	387.00	419.5	430
1982831	1982850	20	576.85	576	732
1984474	1984895	422	25.37	4	172
1985898	1985955	58	92.60	98	100
1986568	1986666	99	14.60	18	18
1987186	1987275	90	24.39	20	53
1988653	1988800	148	46.36	5	507
1989293	1989335	43	177.79	180.5	440
1990062	1990170	109	11.51	12	16
1991383	1991446	64	8.92	10	15
1991900	1991933	34	18.03	15	41
1992606	1992726	121	52.48	20	320
1993831	1994234	404	35.11	1	890
1996344	1996383	40	41.52	43	50
1997709	1997711	3	21.33	32	32
1997922	1997947	26	15.69	18	23
2000066	2000265	200	8.20	6	37
2001070	2001130	61	25.08	24.5	68
2001806	2001810	5	1.60	2	2
2002591	2002698	108	5.51	5	9
2003479	2003659	181	24.94	25	51
2004428	2005134	707	148.74	3	1089
2006686	2006866	181	19.17	4	251
2009228	2009365	138	44.51	4	241
2010392	2010411	20	10.55	12	13
2012290	2012624	335	4.86	4	36
2013363	2013430	68	10.82	10	35
2014091	2014201	111	39.25	3	500
2014712	2014954	243	12.25	1	102
2016887	2017033	147	11.58	10	28
2018303	2018317	15	10.60	11	14
2019866	2019952	87	299.29	20	1143
2020709	2020710	2	28.50	57	57
2021879	2021880	2	15.00	30	30
2023627	2023659	33	3.30	2	7
2026440	2026450	11	11.82	13	13
2027799	2027801	3	26.00	39	39
2029699	2029864	166	5.12	3	83
2030438	2030442	5	21.40	26	29
2033908	2034049	142	114.42	128	177
2034848	2035184	337	8.28	8	21
2037258	2037544	287	4.98	4.5	12
2038079	2038193	115	14.48	11	28
2039496	2039583	88	12.32	11	26
2039722	2039840	119	7.59	5	17
2040378	2040559	182	23.61	20	56
2041418	2041447	30	307.43	313	353
2042036	2042090	55	199.91	210.5	258
2042478	2042479	2	55.00	110	110
2043896	2043910	15	65.47	72	73
2044259	2044493	235	6.29	5	25
2046510	2046681	172	6.13	6	21
2047831	2048067	237	14.00	13.5	30
2048905	2049551	647	60.96	14	235
2051142	2051223	82	12.05	14	20
2051743	2051819	77	11.48	11	24
2054700	2054879	180	45.91	42	89
2055372	2055530	159	129.62	123.5	270
2056653	2056696	44	48.48	48	93
2057891	2057954	64	26.39	30	31
2058927	2059014	88	33.31	14	99
2059162	2059193	32	14.88	14	17
2059980	2060043	64	44.36	46	51
2060818	2060877	60	14.33	15	18
2061571	2061645	75	65.33	57	198
2062813	2062826	14	123.86	134	138
2063106	2063246	141	92.86	11	388
2063523	2063812	290	469.02	30	6499
2065481	2065591	111	4598.69	5255	6593
2066279	2066451	173	6.64	1	32
2066761	2066897	137	39.41	4	141
2068755	2068909	155	271.38	113.5	704
2069180	2069365	186	1279.88	235	5606
2071724	2071848	125	201.23	24	1024
2073127	2073208	82	556.04	528	789
2073809	2073940	132	367.28	298	548
2075240	2075348	109	427.10	376.5	595
2077532	2077536	5	0.80	1	1
2078875	2078992	118	4.23	4	9
2080352	2080357	6	1.50	2	3
2081054	2081086	33	3.39	4	7
2082083	2082172	90	4.17	2	19
2082266	2082316	51	2.67	4	4
2083841	2084013	173	3.75	4	6
2084182	2084345	164	2.95	4	5
2086745	2086825	81	0.99	1	1
2087582	2087586	5	0.80	1	1
2088517	2088526	10	3.00	3	4
2089196	2089287	92	2.52	2	5
2089735	2090030	296	10.27	5	75
2090649	2090697	49	11.57	12	16
2091358	2091672	315	7.84	7	22
2092966	2093319	354	23.49	11	190
2093394	2093522	129	4.62	4	8
2094523	2094740	218	6.11	6	22
2097146	2097182	37	12.92	14	16
2098110	2098270	161	0.24	0	4
2100256	2100347	92	4.38	1	13
2102793	2102817	25	239.60	249.5	276
2103922	2104178	257	4.93	4	47
2106717	2106982	266	2.52	2	6
2108198	2108247	50	1.58	2	2
2108347	2108530	184	3.02	3	7
2109476	2109641	166	15.67	7	48
2110611	2110637	27	136.30	144.5	150
2110944	2110976	33	49.61	54.5	55
2111100	2111115	16	15.38	17	17
2111776	2111780	5	88.80	111	111
2112609	2112615	7	65.14	74	82
2112877	2113167	291	7.62	5	28
2113657	2113725	69	3.71	4	5
2115077	2115272	196	26.04	8	114
2115861	2115866	6	48.33	58	58
2117745	2117922	178	13.49	13	23
2119975	2120029	55	16.33	14.5	32
2120573	2120586	14	19.71	20	27
2121824	2121854	31	4.39	4	6
2124257	2124346	90	83.04	68	171
2125235	2125237	3	883.33	1325	1326
2129033	2129249	217	8.99	7	42
2130462	2130499	38	14.74	12	24
2131199	2131257	59	20.10	15	47
2133799	2133809	11	28.64	31	36
2135655	2135869	215	15.85	6	80
2137013	2137100	88	12.70	12	24
2138799	2138925	127	104.40	61.5	215
2140654	2140715	62	25.08	26	36
2143755	2143930	176	21.07	10	142
2144762	2144837	76	13.78	11	25
2146836	2147067	232	5.59	1	28
2148916	2149034	119	7.95	4	31
2150046	2150145	100	40.29	50	63
2150431	2150536	106	26.55	28	44
2151359	2151521	163	23.20	26	36
2151963	2151970	8	22.38	26	26
2152115	2152264	150	254.33	117	2316
2153258	2153407	150	506.37	110	1603
2154296	2154732	437	37.87	30	129
2155735	2155873	139	5.42	5	9
2156708	2156730	23	4.78	5	5
2157706	2157847	142	35.80	13	101
2158202	2158277	76	16.24	5	45
2159220	2159326	107	61.38	60	94
2160542	2160988	447	11.15	5	51
2162432	2162475	44	26.59	27	31
2163643	2163651	9	534.78	603.5	629
2163775	2163876	102	6.92	8	9
2164465	2164850	386	9.31	5	28
2166432	2166646	215	127.89	50	838
2168147	2168520	374	151.55	2	2365
2172725	2172774	50	20.98	26	37
2174017	2174107	91	294.97	221.5	727
2174438	2174579	142	387.68	219	1125
2175324	2175341	18	1103.11	1172	1219
2176278	2176334	57	76.32	73.5	102
2177283	2177290	8	175.38	205	213
2178314	2178325	12	1336.83	1475	1490
2178494	2178530	37	3939.70	4087.5	4523
2179053	2179202	150	135.65	175	213
2179782	2179884	103	10.76	11	14
2180983	2181443	461	182.74	162	494
2184600	2184949	350	7.37	3	67
2186513	2186632	120	2.84	2	9
2187506	2187617	112	1164.20	1247	2730
2190300	2190522	223	35.24	6	285
2190628	2190928	301	2.61	2	6
2191565	2191656	92	30.04	30	76
2192767	2193193	427	78.36	28	713
2194637	2194663	27	75.04	85	100
2195876	2196040	165	8.75	3	38
2197040	2197126	87	35.43	30	97
2197340	2197376	37	221.86	234	253
2199177	2199242	66	29.30	23	51
2199317	2199483	167	100.51	25	834
2199572	2199636	65	119.83	51	461
2200555	2200577	23	4.78	5	6
2202519	2202605	87	323.98	445	687
2202936	2203189	254	725.44	1	5532
2203772	2203855	84	213.10	232	534
2204390	2204760	371	4.88	3	18
2205439	2205453	15	27.73	30	30
2206216	2206270	55	32.56	32.5	46
2208513	2208515	3	38.67	58	58
2211151	2211152	2	66.50	133	133
2211903	2211995	93	18.06	14	55
2213282	2213657	376	8.49	4	79
2214659	2214669	11	165.27	181	186
2216453	2216464	12	82.00	89	100
2217596	2217624	29	71.14	72	93
2219980	2219991	12	491.25	534	546
2220709	2220766	58	233.36	236	268
2221157	2221180	24	254.71	265	287
2224294	2224330	37	38.86	33	82
2226422	2226755	334	29.81	28	63
2227336	2227372	37	30.27	31	36
2230783	2230918	136	2.94	3	6
2232716	2232808	93	5.58	4	23
2233250	2233513	264	14.84	12	49
2236242	2236607	366	8.06	3	131
2236707	2236867	161	22.89	27	56
2236973	2237015	43	8.26	8	10
2240379	2240562	184	5.42	2	25
2241454	2241530	77	17.58	16	26
2243092	2243200	109	59.31	16	198
2244071	2244072	2	146.50	293	293
2245237	2245406	170	439.06	519	653
2246619	2246649	31	274.03	293	341
2249458	2249548	91	212.68	208	244
2250257	2250273	17	302.94	322	329
2252038	2252040	3	115.33	173	175
2252769	2253160	392	232.61	56	878
2254454	2254507	54	47.33	47	122
2255276	2255330	55	12.93	13	15
2256102	2256153	52	24.90	23	44
2257798	2257908	111	54.35	40	194
2258440	2258534	95	18.94	8	101
2259306	2259403	98	39.97	41	78
2259623	2259673	51	278.12	283	319
2260199	2260274	76	37.13	28	83
2260962	2260969	8	32.50	38	40
2261508	2261525	18	0.44	0	2
2262402	2262407	6	12.50	15	15
2262907	2263274	368	357.60	170	1100
2263725	2263808	84	195.98	219	535
2265967	2266154	188	1125.22	1578	2143
2267363	2267482	120	36.06	16	468
2269505	2269585	81	16.23	12	37
2270111	2270320	210	15.32	13	31
2270582	2270622	41	30.98	31	52
2271151	2271343	193	1.84	1	4
2271458	2271516	59	36.27	35	45
2272138	2272221	84	110.26	86	287
2273305	2273404	100	149.09	8	543
2274479	2274535	57	266.68	279	300
2275094	2275103	10	22.90	25	27
2276232	2276243	12	47.33	52	52
2277024	2277034	11	24.55	27	27
2277302	2277316	15	21.53	23	24
2278581	2278586	6	65.50	78	80
2279001	2279067	67	297.03	302	320
2280115	2280124	10	76.80	90	99
2280626	2280662	37	106.35	108	115
2282685	2282850	166	24.54	6	75
2284626	2284631	6	48.83	59	59
2285442	2285524	83	28.46	24	58
2288304	2288321	18	173.44	180	202
2288649	2288708	60	70.23	54	140
2291198	2291311	114	16.27	10	80
2292776	2293009	234	115.29	73	253
2293418	2293430	13	177.62	195.5	200
2295736	2295759	24	304.33	308	410
2296219	2296294	76	137.45	118	265
2297423	2297660	238	127.34	9	538
2298792	2299083	292	742.10	7	3951
2300218	2300343	126	23.44	15	105
2301250	2301317	68	127.15	70	462
2301780	2301925	146	55.01	56	108
2302634	2302838	205	17.25	12	372
2305366	2305381	16	65.81	69	80
2306399	2306458	60	100.55	99	155
2307335	2307500	166	20.01	15	197
2307603	2307614	12	5.33	6	6
2308155	2308171	17	90.18	98.5	104
2308637	2308740	104	17.62	11	49
2310610	2310802	193	13.47	7	45
2312094	2312279	186	80.54	79	177
2313732	2313756	25	79.24	83	85
2314662	2314666	5	31.00	39	39
2315102	2315310	209	20.47	22	38
2316457	2316512	56	17.52	4	81
2317931	2318003	73	23.55	11.5	68
2318484	2318503	20	82.90	95	106
2318612	2318620	9	79.11	89	89
2320280	2320823	544	57.42	32	258
2321673	2321694	22	148.00	154	163
2322505	2322522	18	64.22	66	78
2322904	2322905	2	79.00	158	158
2323764	2323769	6	63.83	77	77
2324856	2324887	32	61.91	61	76
2326145	2326287	143	8.61	2	51
2327790	2327822	33	174.36	174	205
2328765	2328935	171	17.11	13	49
2330626	2330905	280	18.79	7	150
2330980	2331010	31	380.39	381.5	449
2331094	2331120	27	181.04	165.5	331
2331203	2331232	30	225.97	171	609
2331305	2331384	80	252.46	255	347
2331459	2331484	26	449.19	419	632
2331568	2331587	20	107.05	90	229
2331660	2331703	44	177.77	178	236
2331786	2331814	29	273.28	216.5	613
2331887	2331930	44	165.18	161	218
2332013	2332040	28	320.57	273	574
2332115	2332139	25	449.44	422.5	666
2332223	2332242	20	121.10	104	273
2332315	2332360	46	105.76	108	147
2332443	2332483	41	354.83	338	824
2332556	2332599	44	82.80	81	111
2332682	2332844	163	85.47	6	881
2334099	2334655	557	696.02	341.5	2803
2335793	2335943	151	523.11	437.5	1010
2336121	2336202	82	24.63	20	46
2337394	2337408	15	13.73	14.5	20
2339281	2339462	182	27.96	3	200
2340399	2340411	13	62.00	66.5	71
2341495	2341587	93	43.83	43	74
2342371	2342387	17	77.06	80	95
2343174	2343195	22	240.55	243	291
2343943	2344127	185	11.92	2	175
2345430	2345460	31	280.58	291.5	311
2346166	2346185	20	244.60	258	321
2346600	2346606	7	406.71	483	514
2347000	2347221	222	35.65	11	273
2348047	2348059	13	122.54	131.5	138
2348984	2349042	59	213.02	196	314
2349808	2349940	133	124.18	127	374
2350262	2350361	100	155.98	155	199
2350791	2350902	112	42.54	32	104
2351338	2351347	10	106.70	118	140
2352014	2352143	130	183.04	138	618
2353275	2353406	132	7.25	6	14
2360657	2360904	248	3.49	3	22
2361718	2362023	306	17.95	5	62
2364085	2364506	422	7.02	6	19
2365203	2365292	90	267.53	173	814
2366256	2366553	298	849.17	13	3437
2368081	2368151	71	0.76	1	1
2371346	2371484	139	30.80	19	90
2374134	2374168	35	7.37	7	9
2374280	2374363	84	0.00	0	0
2374478	2374552	75	0.23	0	1
2375447	2375623	177	30.36	7	575
2375698	2375929	232	23.89	6	649
2376068	2376251	184	576.78	10	2282
2376828	2376859	32	60.78	63	85
2377880	2377979	100	4.74	5	7
2379516	2379748	233	16.64	10	80
2380373	2380541	169	8.83	6	49
2381580	2381584	5	147.60	184.5	185
2382221	2382241	21	14.29	13	23
2382347	2382363	17	123.29	134	139
2383207	2383271	65	209.34	206	260
2383845	2384164	320	49.62	8	346
2386607	2386755	149	18.88	19	26
2388013	2388023	11	56.91	63	68
2388765	2388823	59	17.98	15	32
2389292	2389364	73	21.38	22	28
2390100	2390139	40	54.02	52	65
2390896	2390969	74	16.66	15	41
2392566	2392584	19	27.95	30	31
2393428	2393497	70	21.19	17	40
2393840	2393995	156	13.07	15	41
2394518	2394896	379	23.61	24	57
2395218	2395255	38	45.63	48	67
2396648	2396717	70	51.67	52	70
2397675	2397731	57	175.12	179	194
2401224	2401249	26	38.65	40	42
2401868	2401894	27	36.67	38.5	42
2403032	2403194	163	28.25	25	50
2403981	2403984	4	75.50	101	101
2404444	2404521	78	78.44	75	97
2405575	2405586	12	1004.08	1089	1209
2406094	2406110	17	272.29	287.5	315
2408520	2408570	51	128.61	127	154
2411132	2411182	51	32.49	35	47
2412023	2412042	20	47.70	51	58
2412811	2412886	76	64.24	50	194
2413442	2413497	56	699.52	711	755
2414227	2414416	190	322.56	14	1768
2415257	2415390	134	1475.86	1368	4298
2416117	2416137	21	6635.33	6922	7999
2416225	2416459	235	173.38	16	2767
2417300	2417391	92	10.01	5	39
2420035	2420111	77	18.04	19	28
2420208	2420282	75	74.89	73	93
2420694	2420736	43	17.56	17	27
2422245	2422307	63	40.70	33	112
2422776	2422777	2	342.00	684	684
2423297	2423512	216	28.04	18	72
2424620	2424662	43	200.72	212	220
2425314	2425320	7	60.57	72	72
2426422	2426449	28	38.93	41	44
2426918	2426998	81	11.83	12	25
2428250	2428260	11	99.09	105	128
2429449	2429514	66	13.05	9	36
2429902	2430037	136	43.65	49	54
2431283	2431381	99	20.60	18.5	70
2431844	2431883	40	333.68	384	391
2433174	2433922	749	78.95	8	446
2435525	2435760	236	26.86	13	125
2438152	2438222	71	6.31	7.5	10
2439576	2439636	61	30.54	29	38
2441250	2441315	66	4.32	3	9
2442084	2442331	248	18.86	20	30
2443412	2443522	111	2.84	1	10
2443754	2443772	19	37.32	39	43
2444874	2444922	49	136.33	133.5	243
2446147	2446182	36	451.00	477	585
2446777	2446786	10	1484.00	1614	1817
2447417	2447418	2	421.50	843	843
2450818	2451256	439	288.31	107	1047
2451575	2451621	47	20.19	22	40
2454028	2454098	71	41.48	41.5	90
2455485	2455574	90	14.87	16	29
2456834	2456926	93	68.45	33	279
2457506	2457576	71	9.92	10	19
2457685	2457745	61	4.11	4	8
2458723	2458774	52	0.94	0	10
2461463	2461534	72	3.26	3	7
2461967	2461973	7	20.43	23	29
2462793	2462886	94	15.18	16	23
2464466	2464516	51	12.53	13	13
2464610	2464703	94	4.45	4	8
2466210	2466300	91	59.38	63	79
2466484	2466515	32	9.84	10	11
2472257	2472415	159	22.79	23	29
2472515	2472523	9	14.22	16	16
2475968	2476208	241	8.21	5	49
2477175	2477287	113	15.94	11	79
2478265	2478317	53	62.94	34	207
2478624	2478626	3	24.33	36.5	40
2478723	2478919	197	35.48	38	48
2480062	2480145	84	21.26	29	43
2481458	2481492	35	7.40	8	9
2482582	2482788	207	196.37	194	272
2484238	2484429	192	44.17	46	69
2486323	2486483	161	22.39	24	166
2487489	2487502	14	17.43	19	23
2490634	2490958	325	3.90	4	16
2492099	2492236	138	15.89	15	54
2493389	2493590	202	3.10	3	7
2495280	2495395	116	132.35	37	558
2497481	2497753	273	82.81	51	791
2499131	2499260	130	78.58	79	122
2501598	2501804	207	49.35	45.5	85
2502789	2502824	36	21.17	3	133
2503509	2503590	82	17.51	11	79
2504314	2504398	85	212.36	163	378
2505617	2505636	20	169.95	175	206
2507062	2507070	9	45.22	50.5	56
2507848	2507951	104	229.25	242	271
2508138	2508451	314	41.17	35	131
2509706	2509894	189	25.53	15.5	255
2510832	2510860	29	118.72	128	154
2511632	2511797	166	51.78	38	163
2513226	2513866	641	33.18	6	199
2514098	2514243	146	61.04	31	234
2514883	2514884	2	16.50	33	33
2515563	2515933	371	23.73	17	62
2516792	2517139	348	200.44	5	1979
2517515	2517596	82	90.65	96	198
2519828	2519850	23	126.09	129	156
2522326	2522340	15	6.80	7	9
2522457	2522857	401	28.72	4	387
2523823	2523851	29	65.55	63.5	94
2524233	2524549	317	332.87	301	1003
2525264	2525324	61	30.93	32	71
2527680	2527788	109	7.52	8	15
2529526	2529595	70	6.14	6	16
2530544	2530567	24	314.04	332	353
2530685	2531064	380	44.55	12	131
2535655	2535657	3	14.33	21.5	23
2537125	2537160	36	12.06	13	14
2537269	2537654	386	169.59	129	514
2542116	2542133	18	23.94	25	31
2543547	2543735	189	31.28	17	135
2544168	2544257	90	27.11	22	128
2544951	2544965	15	68.07	73	76
2545917	2545919	3	15.33	23	23
2547451	2547604	154	4.81	6	7
2549178	2549442	265	84.92	73	175
2549511	2549641	131	287.74	31	1378
2550611	2550613	3	20.00	30	30
2552234	2552248	15	4.20	4.5	5
2552864	2553476	613	2.55	3	5
2553957	2554048	92	15.00	15	24
2557277	2557295	19	22.79	24	28
2558433	2558917	485	11.40	6	58
2559725	2559841	117	124.90	53	425
2563099	2563454	356	63.87	8	451
2563926	2564031	106	108.34	19	371
2564947	2565046	100	689.81	759	1420
2566241	2566273	33	525.67	548.5	720
2568309	2568492	184	105.72	108	170
2572209	2572227	19	4.00	4	6
2579572	2579583	12	36.67	41	41
2580532	2580715	184	381.86	22	5541
2582717	2582986	270	1212.03	903	3122
2584892	2584894	3	1708.67	2563	2570
2587553	2587604	52	1322.19	1333	1606
2588373	2588858	486	11.58	3	164
2590761	2590807	47	5.53	4	12
2592560	2592605	46	35.87	36	46
2593356	2593374	19	57.16	62.5	70
2594281	2594342	62	11.89	7	28
2594937	2595216	280	46.53	53	142
2595760	2596057	298	32.80	36	74
2596946	2597150	205	7.83	7	12
2597652	2597653	2	12.50	25	25
2599340	2599384	45	3.11	3	5
2600609	2600668	60	1.22	1	2
2602147	2602180	34	34.06	36	40
2602919	2603062	144	75.43	72	114
2603258	2603308	51	151.55	191.5	261
2605592	2605597	6	57.67	70	74
2607476	2607806	331	68.84	65	162
2608392	2608395	4	84.00	112	112
2609212	2609238	27	105.04	107	134
2609683	2609691	9	192.00	216	223
2610316	2610549	234	9.38	8	60
2611864	2611971	108	64.39	71	116
2613399	2613464	66	35.65	27	90
2616309	2616434	126	36.44	29	92
2617734	2618175	442	43.45	42	263
2619691	2619892	202	35.80	31	137
2620577	2620682	106	135.68	139	158
2621982	2622150	169	33.24	38	59
2622757	2622850	94	26.80	22	62
2623619	2623620	2	13.00	26	26
2625208	2625302	95	18.62	18.5	21
2626512	2626615	104	362.62	337	750
2627915	2627995	81	827.02	657	2286
2629631	2629718	88	508.32	531	761
2629857	2629907	51	34.22	33	46
2630742	2630822	81	40.26	42	44
2633037	2633102	66	103.08	99	142
2634423	2634596	174	35.86	45	62
2639061	2639072	12	6.42	7	7
2640408	2640612	205	30.39	16	90
2640991	2640996	6	213.50	256	258
2642448	2642519	72	29.31	19	66
2644165	2644198	34	81.32	91	98
2645093	2645186	94	34.35	31	65
2646978	2647092	115	59.78	74.5	106
2649158	2649173	16	432.12	443	512
2649744	2650076	333	154.34	48	738
2651856	2651882	27	78.78	81	104
2652535	2652689	155	13.14	4	157
2653659	2654267	609	45.41	7	272
2654499	2654601	103	37.77	32	120
2655829	2655842	14	35.14	36	44
2657049	2657071	23	465.65	507	519
2657543	2657550	8	72.50	82	85
2657644	2657887	244	273.19	2	1671
2658194	2658208	15	875.73	898	1183
2658390	2658395	6	616.00	666	1027
2658978	2659089	112	24.74	24	38
2659744	2659999	256	117.07	22	319
2661227	2661460	234	27.35	30	61
2661953	2661956	4	148.25	198	200
2663676	2664162	487	23.90	3	173
2665966	2666144	179	16.06	2.5	150
2667108	2667127	20	66.20	72	76
2667227	2667409	183	1.11	1	2
2669029	2669157	129	11.31	10	16
2669791	2670175	385	129.44	12	471
2671724	2671837	114	61.46	55	127
2672927	2672986	60	24.50	26	28
2674388	2674405	18	37.44	40	48
2675006	2675108	103	2.94	3	4
2675898	2675956	59	3615.73	2064	8018
2676078	2676116	39	249.05	252	298
2676190	2676240	51	4943.27	8000.5	8014
2676356	2676485	130	2795.10	3373	4409
2679370	2679659	290	1694.93	1268	6404
2679733	2679743	11	751.18	873.5	896
2679818	2679882	65	380.69	214.5	1065
2681423	2681452	30	3624.13	3706	4087
2681570	2681584	15	413.87	452	463
2681675	2681919	245	56.65	53	242
2683171	2683337	167	18.77	5	158
2683420	2683603	184	30.48	3	456
2684084	2684191	108	5.18	6	9
2685260	2685265	6	30.83	37	38
2686364	2686559	196	128.89	63	329
2688069	2688154	86	31.60	23	94
2688602	2688697	96	59.42	52	110
2691557	2691636	80	43.56	41	99
2692612	2692653	42	14.90	15	20
2693389	2693487	99	24.77	22	49
2696395	2696818	424	49.43	17	176
2698193	2698344	152	0.82	0	3
2699347	2699446	100	3.19	3	7
2700526	2700539	14	87.57	93	105
2701005	2701111	107	80.56	74	186
2701499	2701581	83	93.54	86	272
2702365	2702388	24	74.08	75	98
2703646	2703655	10	123.70	137	140
2704868	2704870	3	68.00	102	103
2705360	2705364	5	34.00	42	45
2706139	2706145	7	27.14	33	34
2706947	2707076	130	17.10	7	75
2707266	2707505	240	38.06	36	80
2708502	2708553	52	33.17	35	39
2709532	2709533	2	40.00	80	80
2711124	2711128	5	93.00	116.5	117
2711852	2711909	58	296.78	297	335
2713371	2713397	27	438.44	443	515
2713683	2713687	5	118.00	147.5	151
2714132	2714146	15	133.60	143	145
2715005	2715015	11	13.64	15	17
2715292	2715454	163	4.98	4	10
2716814	2716887	74	26.22	22	51
2718229	2718329	101	11.08	2	141
2718909	2719013	105	107.75	127.5	233
2721332	2721343	12	19.92	22	23
2722596	2722597	2	7.00	14	14
2723231	2723239	9	65.22	74	75
2724845	2724900	56	192.43	200	234
2725909	2726080	172	190.45	75	895
2726609	2726670	62	167.53	61	801
2727016	2727028	13	110.54	123	126
2732536	2732683	148	50.69	50	74
2733320	2733403	84	20.10	22	29
2733953	2734172	220	18.18	3	67
2734476	2734526	51	18.24	19	22
2735253	2735336	84	14.40	12	29
2737307	2737361	55	41.22	40	58
2737881	2738193	313	24.97	15	58
2739090	2739164	75	2.01	1	7
2739810	2739822	13	24.62	26.5	28
2741251	2741270	20	9.15	8	13
2742216	2742281	66	6.59	5	12
2743179	2743381	203	1.89	3	3
2745425	2745546	122	23.96	13	68
2746114	2746118	5	8.80	11	11
2747499	2747726	228	10.41	4	83
2748174	2748178	5	38.20	48	48
2749508	2749720	213	8.90	5	129
2750348	2750485	138	69.26	17	251
2750966	2751111	146	377.40	88	1381
2751496	2751524	29	4885.21	5228	5533
2752515	2752541	27	7096.00	7978	7998
2753160	2753189	30	4218.90	4094	5657
2753577	2753598	22	3038.73	2901	5039
2754031	2754104	74	4683.76	4740	5545
2754216	2754256	41	6034.49	5865.5	7781
2755589	2755611	23	7612.78	7985.5	7999
2756044	2756051	8	5286.38	5888	6562
2756226	2756234	9	2590.78	2924	3022
2756736	2756752	17	2893.59	3025	3371
2757104	2757115	12	4761.50	5156	5561
2757647	2757663	17	5609.53	5626.5	7627
2758054	2758085	32	5610.84	5746	6119
2758389	2758408	20	1060.90	1115	1179
2758946	2758972	27	3115.41	3177	3991
2759288	2759302	15	6914.27	7295.5	7934
2759672	2759836	165	1932.34	1689	5414
2760089	2760090	2	3997.50	7995	7995
2760280	2760281	2	3983.00	7966	7966
2760690	2760703	14	7254.14	7795	7978
2761403	2761424	22	3830.18	4016	4296
2761755	2761767	13	6862.77	7348	7944
2762044	2762066	23	5730.65	5661.5	7379
2762889	2762907	19	5629.47	5854.5	6404
2763807	2763825	19	3552.68	3754	4139
2764453	2764469	17	3597.59	3668	4182
2764779	2765251	473	1773.42	977.5	5265
2765993	2766002	10	239.10	265	272
2768466	2768611	146	33.17	14	161
2770478	2770506	29	19.76	21	22
2771140	2771349	210	49.96	36	203
2772646	2772775	130	68.20	22	638
2773754	2773918	165	52.21	27	153
2774522	2774615	94	194.56	141	439
2774814	2774825	12	174.08	190	206
2777197	2777244	48	21.92	1	91
2779237	2779239	3	108.00	162	163
2780709	2780719	11	34.91	38	39
2780819	2780838	20	15.20	16	18
2781046	2781144	99	43.52	22	100
2782012	2782256	245	286.79	21.5	1440
2782887	2782967	81	104.28	126	230
2783757	2783901	145	6.70	7	15
2785357	2785368	12	34.75	37	52
2786425	2786527	103	97.86	97	130
2787737	2788136	400	57.18	3	358
2788716	2788971	256	13.54	7	90
2790382	2790457	76	8.17	7	18
2793065	2793336	272	8.33	10	14
2794108	2794266	159	12.81	4	71
2795362	2795410	49	17.00	16	21
2796089	2796110	22	43.05	40	64
2796819	2796911	93	13.33	14	18
2797743	2797814	72	69.64	71	80
2799288	2799344	57	140.61	148.5	155
2800443	2800457	15	148.60	160.5	171
2800980	2801168	189	147.40	123	411
2802903	2802909	7	5.14	6	6
2805589	2805703	115	32.38	26	53
2808209	2808284	76	12.87	13	20
2809176	2809305	130	9.22	8	78
2810047	2810120	74	4.86	4	8
2811677	2811800	124	16.83	11	39
2812062	2812314	253	14.06	10	42
2813689	2813923	235	10.71	6	28
2815136	2815213	78	6.74	6	8
2816000	2816011	12	16.50	18	18
2817050	2817168	119	61.29	66	77
2818303	2818478	176	14.28	13	29
2821140	2821500	361	92.55	80	389
2822115	2822155	41	47.66	46.5	58
2824082	2824216	135	43.53	47.5	77
2824736	2824904	169	265.66	293	378
2825337	2825468	132	19.45	19	56
2826516	2826751	236	1138.49	22	2953
2828558	2828559	2	895.50	1791	1791
2829316	2829320	5	229.80	287	289
2830075	2830190	116	45.34	38	94
2830755	2830789	35	90.46	87.5	142
2831810	2831848	39	52.28	57.5	82
2832422	2832446	25	32.32	34	38
2832549	2832619	71	309.86	220	759
2834252	2834307	56	515.16	529	599
2834596	2834957	362	78.07	3	544
2835573	2835713	141	7.01	5	26
2836071	2836199	129	24.12	25	32
2836638	2836659	22	39.91	42	44
2837008	2837229	222	7.20	7	17
2838025	2838144	120	47.52	9	149
2839525	2839612	88	9.17	6	17
2840126	2840202	77	121.22	78.5	365
2841118	2841223	106	5.77	3	26
2842553	2842620	68	103.93	105	117
2843176	2843314	139	6.35	3	28
2843864	2844037	174	16.23	13	48
2845043	2845350	308	143.37	27	430
2847553	2847809	257	527.32	11	2414
2848026	2848125	100	181.31	123	465
2848267	2848335	69	21.51	17	79
2849611	2849723	113	24.04	20	71
2850039	2850308	270	11.95	8	68
2851473	2851487	15	14.93	16	18
2853897	2854158	262	6.47	6	17
2855071	2855135	65	142.60	99.5	456
2855376	2855426	51	179.10	186.5	330
2855529	2855698	170	4.00	4	8
2856704	2856782	79	190.86	199.5	461
2857776	2858007	232	180.29	37	648
2858914	2859113	200	8.38	8	23
2859615	2859804	190	14.34	15	18
2860489	2860490	2	12.00	24	24
2861883	2861966	84	17.33	13	30
2862633	2862687	55	17.04	16	24
2863162	2863197	36	31.89	32	42
2863681	2863774	94	15.57	14	27
2864711	2864957	247	344.01	5	1342
2866407	2866488	82	78.82	48	176
2867842	2868276	435	4.23	4	25
2871834	2871995	162	4.91	3	16
2873796	2873970	175	9.32	5	51
2874598	2874698	101	17.36	18	19
2876442	2876822	381	14.30	9	136
2877087	2877282	196	39.32	31	64
2878801	2878900	100	69.66	65	107
2879570	2879758	189	23.08	4	55
2880562	2880671	110	118.33	112	153
2880942	2880975	34	411.65	416	528
2883091	2883211	121	8.18	6	16
2885288	2885598	311	41.14	44.5	74
2887039	2887065	27	2.30	2	4
2888380	2888450	71	19.06	19	24
2889171	2889310	140	89.46	103	144
2889794	2890040	247	20.77	2	56
2892360	2892453	94	17.59	11	56
2892949	2893085	137	8.93	5	55
2894641	2894730	90	41.92	42	70
2895316	2895390	75	67.68	69	148
2896853	2896906	54	20.83	19	36
2897663	2897666	4	38.25	51	51
2898165	2898173	9	56.00	62	69
2901931	2901966	36	104.28	106	117
2902405	2902447	43	173.56	184	201
2903666	2903667	2	42.00	84	84
2907197	2907244	48	91.96	94	110
2908160	2908385	226	13.17	6	45
2908767	2908787	21	300.38	324	361
2909676	2909816	141	20.09	6	58
2909964	2910014	51	370.94	403	436
2911641	2911829	189	61.48	67	182
2913714	2913757	44	9.61	9	19
2914688	2914756	69	60.88	61	70
2915189	2915208	20	350.90	368	499
2916100	2916128	29	11.79	11	16
2916681	2916765	85	20.06	11.5	63
2918593	2918614	22	274.55	258	370
2918936	2919082	147	222.52	237	276
2920490	2920669	180	25.97	7	104
2921258	2921392	135	18.03	17	25
2922455	2922460	6	7.67	9	10
2923865	2923907	43	22.44	23	27
2926455	2926548	94	8.21	1	101
2927551	2927795	245	132.97	8	2150
2927870	2927897	28	7709.61	7997	8000
2928013	2928142	130	721.82	288	4273
2931029	2931318	290	3550.28	3819	6954
2931392	2931399	8	3183.50	3693	3899
2931473	2931505	33	263.61	256	359
2931578	2931599	22	211.45	229	282
2931673	2931743	71	433.54	460	625
2933284	2933645	362	5033.03	6317	8028
2933761	2933890	130	2821.51	3420	4800
2936776	2937120	345	3919.51	3235.5	7996
2937194	2937226	33	195.94	191	279
2937299	2937320	22	235.23	248	317
2937394	2937464	71	473.48	476	713
2939006	2939034	29	3577.62	3774	3882
2939152	2939166	15	613.07	652	758
2939305	2939333	29	121.76	110	289
2939977	2940001	25	12.80	11	19
2941457	2941478	22	19.27	21	22
2942109	2942321	213	65.63	6	237
2944491	2944518	28	8.32	9	10
2945680	2945748	69	10.43	10	20
2946655	2946785	131	9.08	3	53
2948013	2948076	64	88.64	93	144
2949436	2949684	249	56.70	24	326
2950105	2950125	21	4028.90	4226	4360
2951527	2951563	37	2901.08	2988	3196
2952428	2952474	47	6826.34	6970.5	7396
2954561	2954577	17	2145.29	2207	2501
2955046	2955121	76	463.24	468	543
2955377	2955422	46	534.35	527	795
2956233	2956243	11	371.00	409	457
2956631	2956822	192	331.62	389	799
2957702	2957730	29	161.17	163.5	201
2958502	2958518	17	303.53	321.5	333
2959149	2959150	2	62.00	124	124
2961044	2961149	106	20.75	8	95
