#start	end	length	mean	median	max
1	317	317	1.73	1	5
354	2217	1864	20.65	17	80
2263	6284	4022	143.06	39	2613
6322	7423	1102	7.00	5	112
7599	7810	212	52.83	46	98
8457	8536	80	25.35	26	47
8742	8875	134	43.66	45	62
9228	9262	35	33.54	28	57
9600	9607	8	80.00	91	95
9966	9999	34	65.50	67	78
11066	13538	2473	74.22	66	260
13584	14519	936	2.00	1	8
14556	15235	680	235.62	207	785
15281	16798	1518	12.05	10	42
16850	21205	4356	37.07	32	126
21249	21964	716	38.07	20	130
22009	24743	2735	24.50	21	125
24780	29711	4932	40.99	27	380
29763	31900	2138	9.20	1	157
32358	32575	218	47.90	38	96
32624	34259	1636	17.55	7	86
34293	35932	1640	27.13	19	125
35964	36486	523	41.50	43	76
36532	36990	459	201.43	250	484
37664	38506	843	10.70	8	31
38550	43285	4736	12.14	10	56
43329	45067	1739	42.69	24	310
45201	46305	1105	3.00	2	14
46907	48267	1361	28.11	22	156
48312	50142	1831	36.61	37	88
50666	50715	50	22.00	23	31
51602	51697	96	5.16	3	12
51942	52015	74	18.97	18	36
52257	52512	256	13.29	9	30
52760	53815	1056	368.18	17	3473
55356	55420	65	110.48	105.5	187
55491	55565	75	221.08	203.5	457
55599	55795	197	3999.69	2899.5	7999
55945	58048	2104	7154.39	7892	8004
58154	58799	646	4980.30	5670	7998
58913	58940	28	707.29	745	764
59012	59046	35	790.94	788	1402
59118	59130	13	60.23	64	69
59164	59379	216	6.37	2	36
59714	59788	75	2.67	2	5
59885	63324	3440	17.41	16	49
63716	63738	23	11.43	12	12
63974	64228	255	11.24	8	26
64959	65229	271	6.01	6	9
65651	65748	98	7.01	6	22
66059	66255	197	13.29	10	28
66306	69349	3044	6.75	5	35
70359	72168	1810	18.99	13	119
72497	72525	29	5.21	5	7
72995	73068	74	4.41	4	6
73769	75200	1432	15.19	13	57
75245	77815	2571	48.72	17	390
77854	80625	2772	7.50	6	27
81530	82516	987	31.60	31	76
82803	83406	604	23.83	20	65
83762	85542	1781	41.81	29	190
86174	86282	109	5.74	5	9
86329	91834	5506	11.73	7	108
92232	93409	1178	14.99	10	57
93453	95160	1708	9.02	6	34
95468	95506	39	1.36	1	2
95548	100840	5293	4.45	3	25
101808	101868	61	22.56	23	28
101916	102553	638	39.49	4	316
102617	102641	25	3.72	4	4
102677	105931	3255	8.82	8	25
105969	106067	99	0.46	0	1
106188	106594	407	3.94	4	8
106628	108096	1469	136.32	38	550
108145	108943	799	37.03	32	102
109437	109519	83	139.77	173.5	187
109914	110290	377	37.59	27	100
110799	111208	410	13.18	12	23
111411	111497	87	17.98	17.5	25
111543	116058	4516	12.38	8	117
116648	116730	83	11.47	11	25
118541	118612	72	4.61	5	7
118656	119097	442	47.33	32	149
119162	120508	1347	23.14	20	85
121296	122055	760	11.99	10	30
122300	122370	71	8.97	10	10
122876	123861	986	7.16	6	21
124418	124431	14	6.43	7	8
124790	125028	239	8.31	7	15
125210	125568	359	11.03	10	30
126245	130792	4548	14.71	8	100
131352	134341	2990	19.94	12	195
134384	135852	1469	21.17	8.5	130
135896	137229	1334	26.20	14	95
137456	137502	47	54.38	55	70
138113	138303	191	81.61	66	150
138779	139459	681	18.08	15	52
139815	140880	1066	248.44	211	880
140927	142827	1901	14.36	8	94
142964	143478	515	20.44	16	50
143816	143819	4	2.25	3	3
143863	145122	1260	34.83	31	94
145324	145498	175	5.67	7.5	11
145812	146527	716	8.04	7	20
147195	147217	23	2.09	2	3
147268	149307	2040	3.82	3	15
149924	151051	1128	403.17	93	4392
152592	152662	71	177.08	116.5	671
152733	152807	75	117.85	78.5	278
152841	153037	197	3404.16	2242	7998
153187	155290	2104	7306.02	7926	7999
155396	156042	647	4855.60	5338.5	7997
156156	156205	50	550.64	641	879
156291	156292	2	90.00	180	180
156341	157545	1205	3.95	3	19
158051	158070	20	39.75	43	47
158459	158526	68	19.99	20	30
158903	158967	65	62.89	74	101
159016	159362	347	47.99	52.5	107
159406	164416	5011	22.17	18	119
165201	165220	20	14.95	16	19
166251	166412	162	11.62	9	33
166467	167186	720	110.46	109	334
167258	167298	41	205.29	223	265
167369	167435	67	246.57	207	410
167507	167582	76	212.38	220	297
167653	167719	67	235.52	250.5	323
167838	168699	862	13.90	4	68
169172	169230	59	13.44	14	17
169337	169590	254	24.37	19	51
170084	170133	50	9.86	11	14
170216	170536	321	55.78	64.5	92
171618	173083	1466	20.87	10	95
173238	173377	140	10.81	11	17
173955	174005	51	4.92	5	6
174045	175118	1074	12.75	10	35
175168	178686	3519	16.74	4	271
178724	179388	665	70.10	70	122
179963	181767	1805	57.29	44	202
182183	182763	581	39.88	34	86
183101	183547	447	14.25	14	37
183891	192699	8809	13.91	2	169
194063	196512	2450	10.06	8	45
196822	198778	1957	245.67	3	7999
198829	201928	3100	2.35	2	24
202392	202606	215	22.24	21	40
202830	203071	242	8.22	8	19
203373	203440	68	6.79	5	16
203637	204478	842	3.70	3	18
204520	208658	4139	7.77	6	33
208693	208800	108	7.33	9	11
209318	210487	1170	4.68	4	14
211419	211564	146	0.58	1	3
212394	215930	3537	4.20	4	19
215976	217617	1642	33.04	15	296
218006	218061	56	60.50	57	89
218258	218306	49	21.18	19	46
218340	219330	991	25.12	23	64
219377	223606	4230	20.90	12	248
223869	224095	227	40.25	42	63
224301	224530	230	24.79	21	46
225144	225568	425	3.09	2	20
225930	226237	308	712.30	343	2757
226416	226666	251	2827.22	3779	5270
226711	227370	660	13.84	9	55
227705	227751	47	12.15	12	17
228017	228090	74	18.65	15	35
228170	229909	1740	10.73	10	35
229953	232084	2132	9.87	9	51
232647	232726	80	16.21	16	27
233637	246537	12901	15.98	10	167
247385	247470	86	173.24	182	215
247919	249340	1422	75.63	73	180
250080	252397	2318	133.14	99	505
252858	253932	1075	80.07	51.5	251
254249	254836	588	47.52	43	132
255075	255112	38	75.61	65	134
255954	256084	131	42.70	36	87
256155	256224	70	133.70	138	187
257273	262795	5523	69.04	57	378
262944	263020	77	11.83	12	16
263487	263547	61	2.20	2	9
264215	267421	3207	12.55	11	43
268185	268913	729	8.45	5	28
268977	269154	178	41.71	48	75
269720	269820	101	1.66	2	3
270209	270249	41	3.32	4	4
270377	273570	3194	5.87	5	25
274142	275778	1637	15.44	14	50
276383	276881	499	9.97	9	21
276925	278434	1510	18.54	9	680
278700	278713	14	102.79	114	118
278752	278848	97	19.01	24	29
279426	279476	51	8.67	6	20
279520	283467	3948	31.16	24	121
283691	285675	1985	2.62	2	15
286910	287140	231	0.45	0	1
287469	287488	20	1.90	2	2
288732	288808	77	2.32	3	3
289206	289282	77	0.00	0	0
289322	294157	4836	5.38	2	38
294192	297079	2888	3.83	2	37
298659	298687	29	1.45	1	3
298731	299835	1105	5.65	4	17
299868	302294	2427	162.40	120	747
302338	305014	2677	119.69	116	427
305054	309390	4337	37.23	6	185
309431	310041	611	1.15	1	4
310994	311212	219	7.15	4	19
311258	318112	6855	37.19	10	961
318150	318310	161	82.32	93	168
318435	318442	8	86.62	107	115
318669	318772	104	84.76	79	263
319386	319569	184	106.99	87	181
319604	320757	1154	4.66	4	15
322028	322170	143	14.14	8	40
322421	323577	1157	13.92	11	53
323625	323761	137	1.55	2	2
323787	324139	353	1142.75	246.5	4925
325680	325744	65	190.42	187	557
325816	325829	14	412.07	434	563
325900	325974	75	376.29	204.5	1100
326008	326154	147	1692.27	2006	3593
326189	326204	16	5929.69	5857	7996
326354	328457	2104	7363.45	7888	7998
328563	329208	646	4432.95	5234	8015
329322	329349	28	704.61	740	803
329421	329423	3	267.00	400.5	403
329469	329657	189	3.61	2	9
329695	332698	3004	17.68	13	102
332850	332962	113	7.96	9	12
333294	333487	194	18.05	10	69
333624	333644	21	16.90	17.5	22
333686	334818	1133	8.90	7	268
334889	334929	41	1084.39	1178.5	1684
335009	335049	41	1231.37	1124	2406
335119	335137	19	1297.84	1639.5	1797
335208	335355	148	794.43	710	1448
335927	336000	74	1802.51	1787	2223
336206	336219	14	3070.79	3333	3399
336500	336520	21	251.14	249	389
336566	336943	378	155.00	124	312
337098	337150	53	392.38	316.5	601
337446	337522	77	290.62	318.5	387
337611	338325	715	1805.16	1597.5	5573
338900	338950	51	1388.06	1385.5	1626
338997	340136	1140	1509.75	1487	3587
340203	344548	4346	356.22	315	1410
345528	345535	8	239.88	275	285
345960	345970	11	183.55	201	205
346434	346525	92	443.00	463	577
346782	346801	20	327.35	341	383
348462	348720	259	271.83	251	511
348764	349782	1019	59.66	27	345
349865	349890	26	2.50	2	5
350213	351587	1375	53.71	25.5	400
351634	351709	76	15.88	8	38
351840	351856	17	6.76	7	8
352287	354629	2343	10.18	9	32
354675	358928	4254	44.12	11	430
358968	361183	2216	27.21	25	70
361665	361860	196	22.56	12	279
361931	361970	40	486.18	319	971
362041	362202	162	570.62	550	886
362273	362317	45	402.36	345.5	683
362389	362428	40	952.85	914	1720
362499	362690	192	219.21	146	394
362762	362809	48	172.35	81	409
362881	362928	48	229.35	146	548
363000	364930	1931	32.04	12	1673
365289	365439	151	18.24	17	42
365741	365850	110	16.84	18	25
366506	366573	68	37.94	38	46
366698	366771	74	24.82	25	32
366893	366930	38	13.58	12	22
367055	367128	74	46.28	48	79
367505	367707	203	10.85	10	30
368057	368481	425	14.65	12	29
368897	370522	1626	124.26	86	649
370779	371041	263	54.40	57	82
371568	371782	215	194.77	167.5	369
371949	372043	95	104.47	105	125
372561	373035	475	184.80	213	348
373667	374025	359	82.70	42	313
374189	375682	1494	49.30	8	604
376053	376075	23	79.22	77.5	107
376335	376402	68	152.24	155	188
376448	376657	210	23.90	8	74
377001	377071	71	14.80	12	28
377259	377304	46	48.30	41	76
377678	378513	836	41.56	15	804
378872	378997	126	2031.02	1927	2904
379440	379469	30	633.67	656	691
379510	379567	58	244.98	214	406
380403	380527	125	161.56	177	223
380727	380992	266	342.92	335	662
381348	381355	8	542.00	620	642
381612	381789	178	1403.48	1204	3425
382361	382434	74	2878.31	2776	3999
382640	382653	14	3563.57	3875	4006
382934	382966	33	730.24	741.5	943
383012	384198	1187	75.35	17	1457
384464	384577	114	1643.83	1132	3700
384846	384934	89	1200.72	1202	1491
385089	385150	62	1066.65	1069	1306
385290	385336	47	756.77	781	878
385593	385607	15	165.07	178	224
385653	386662	1010	11.94	6	92
386967	387202	236	56.14	58	76
387972	391561	3590	27.45	22	90
391602	392028	427	0.76	1	2
392681	392944	264	2.55	3	6
392990	395350	2361	48.12	21	332
395393	395478	86	1.31	1	3
395666	395794	129	12.50	12	21
396435	398971	2537	2.37	2	9
399147	399253	107	1.91	2	3
399720	399793	74	2.70	3	3
399984	400018	35	6.49	7	7
400410	401743	1334	282.39	2	4155
403285	403349	65	152.23	146	454
403421	403434	14	407.71	429	559
403506	403580	75	74.91	11	304
403614	403760	147	1664.78	1828.5	2723
403795	403810	16	5138.00	4867	7944
403960	406063	2104	7323.58	7881	7999
406169	406814	646	4770.87	5438	7999
406928	406955	28	664.89	700	751
407027	407029	3	340.67	511	512
407075	407449	375	3.14	3	7
407496	409087	1592	7.35	5	27
410016	410107	92	4.90	5	8
410742	411013	272	9.36	9	15
411240	411283	44	2.25	2	4
411564	412207	644	12.76	8	36
412617	412732	116	5.53	6	8
412778	414255	1478	13.31	11	45
414431	415751	1321	20.25	16	60
415798	417593	1796	4.33	4	14
417657	420564	2908	7.57	6	27
420617	422631	2015	32.79	4	152
422927	423152	226	198.78	218	280
423197	423957	761	21.75	17	74
424412	424497	86	16.59	17	25
425177	427506	2330	15.09	14	37
427655	429519	1865	23.64	21	87
429893	431502	1610	19.35	16	78
431819	431952	134	33.22	13	66
432734	434886	2153	15.52	13	51
434942	435460	519	55.92	34	221
435528	436039	512	163.58	140	472
436095	437077	983	25.29	14.5	133
437130	443620	6491	26.35	12	221
444066	444631	566	19.93	20	38
445173	450583	5411	12.23	7	90
451104	451500	397	19.91	16	45
452393	452890	498	16.73	14	37
452937	455322	2386	24.63	8	139
455360	456266	907	10.87	8	40
456301	456799	499	8.19	6	30
456832	460077	3246	13.75	10	66
460111	463190	3080	76.94	68	240
463239	463666	428	5.04	4	16
464922	465098	177	7.31	8	10
465152	466786	1635	640.59	22	4095
467025	467062	38	342.37	367	463
467098	467272	175	69.77	24	382
467733	467746	14	47.93	53	53
468114	468446	333	269.57	246.5	495
468483	469357	875	19.61	19	45
469761	469810	50	5.86	5	11
470280	470412	133	12.74	13.5	21
470458	471682	1225	11.96	9	45
471717	477529	5813	25.43	21.5	93
477921	478045	125	5.82	5	12
478230	478273	44	7.36	8	9
478312	478358	47	2.87	2	6
478474	478493	20	674.55	724	763
478564	478597	34	567.21	652	665
478668	478688	21	335.86	361.5	451
478759	478805	47	134.38	135	190
478876	481132	2257	3.01	2	9
481248	481290	43	355.09	262.5	644
481361	481376	16	607.06	643	720
481447	481500	54	370.13	356	490
481571	482846	1276	8.39	6	23
482893	484639	1747	24.04	7	227
485208	485231	24	19.79	19	31
485268	485394	127	20.54	23	33
486245	486434	190	2.65	2	9
486468	491331	4864	14.23	11	74
492101	500081	7981	7.20	5	39
500117	501703	1587	50.94	52	130
502692	502753	62	20.68	21	25
503265	503314	50	75.92	79	89
503658	503725	68	8.47	8	20
503769	504942	1174	2.00	2	6
505268	505992	725	0.84	1	4
506747	506920	174	1.07	0	7
507387	507403	17	18.12	19	22
507870	509257	1388	121.34	96	473
509294	509449	156	105.94	84	214
510468	510497	30	53.87	54	74
510544	511652	1109	71.90	66	178
511698	512524	827	13.42	14	27
512691	512791	101	4.27	4	7
513273	514221	949	77.77	59	246
514268	514652	385	68.83	20	267
514699	516598	1900	206.82	174	647
516753	516802	50	17.64	15	34
517269	517410	142	27.55	28	36
517532	517584	53	27.58	27	35
517946	518274	329	66.91	64	100
518657	518793	137	24.03	24	30
519179	519238	60	24.35	26	30
519286	522811	3526	4.56	2	72
522854	528403	5550	18.08	13	109
528942	529843	902	0.94	1	3
530328	530404	77	2.40	2	3
530565	530625	61	3.03	3	4
530670	530695	26	0.65	1	1
531114	531127	14	0.64	0	3
531186	535621	4436	4.14	2	36
535860	536287	428	10.67	9	25
536565	536811	247	26.30	6	104
536849	541381	4533	4.06	1	37
541671	542284	614	0.12	0	1
542889	542936	48	0.00	0	0
542992	545188	2197	0.14	0	1
545487	545596	110	0.00	0	0
545832	546001	170	0.00	0	0
546204	546493	290	0.52	1	1
547050	548673	1624	0.00	0	0
548731	549816	1086	6.22	0	29
549871	550189	319	23.18	19	55
550260	550349	90	8.26	6	18
550394	554172	3779	102.00	69.5	620
554217	555235	1019	1139.61	931	4096
556082	556200	119	21.21	22	33
556234	556401	168	43.34	19	101
557132	558376	1245	28.12	10	185
558741	558882	142	14.11	15	21
559640	559718	79	7.08	7	10
559768	559815	48	27.08	34	37
560048	560764	717	10.81	10	24
561228	561276	49	10.78	9	25
562271	562354	84	15.57	15	23
562899	563866	968	18.29	16	51
563991	564358	368	212.32	13	1009
564639	565759	1121	56.55	33	272
565795	570069	4275	8.15	6	42
570809	571282	474	3.41	2	12
571860	572884	1025	1.90	2	5
573249	573625	377	4.35	5	12
573795	573910	116	3.75	5	6
573955	574716	762	42.02	14	180
575669	575807	139	29.98	33	51
575842	575982	141	6.11	6	10
576335	576544	210	11.75	1	110
578187	578479	293	82.45	68	276
578607	578881	275	178.86	143.5	339
579081	579106	26	17.92	18	21
579166	579324	159	31.54	39	64
580001	580591	591	53.78	37	460
580749	580784	36	214.25	239	391
580831	580967	137	17.23	18	54
581055	581093	39	129.05	130	144
581165	581192	28	241.96	247	286
581280	581351	72	135.89	118	225
581423	581483	61	79.72	82	99
581555	581632	78	104.87	123	135
581704	581765	62	66.84	66	90
581837	581913	77	105.19	136.5	192
582032	582690	659	54.47	61.5	142
583406	583527	122	39.41	35	80
584138	584238	101	51.22	55	65
584426	584502	77	111.44	143	174
585572	585650	79	25.72	28	34
585684	586783	1100	19.34	17	57
587091	587305	215	8.49	9	14
587652	587773	122	11.19	12	19
588294	588736	443	12.40	12	24
589071	589174	104	8.66	7	14
589683	590101	419	14.12	10	38
591219	591715	497	26.64	24	72
592185	592240	56	40.46	42	56
592288	594679	2392	16.62	13	73
594909	594934	26	31.65	32	40
595551	595651	101	98.93	89	228
595944	596139	196	59.35	25	131
596204	597937	1734	1513.35	1293	4237
598266	598296	31	274.61	261	372
598344	599586	1243	40.55	32	161
599629	603099	3471	107.09	24	2313
603476	603528	53	2071.62	1576	3361
603887	603927	41	249.20	255	329
603973	604227	255	93.18	1	448
604337	604542	206	108.15	113	175
604742	606157	1416	159.11	142	384
606804	606850	47	91.60	92.5	107
606886	606940	55	63.73	73	82
607170	607237	68	66.00	69	92
607491	607575	85	240.27	281.5	356
608018	608029	12	32.75	37	42
608076	611527	3452	30.20	26	118
612123	612516	394	10.71	10	23
612559	613492	934	84.43	52	506
613851	614018	168	22.08	14	83
614074	614925	852	15.28	14	52
615128	615219	92	5.99	7	11
616001	616215	215	14.77	11	35
616493	616564	72	11.39	11	15
616598	617872	1275	10.25	11	23
618579	618626	48	5.77	6	7
618670	623248	4579	25.79	21	97
623291	625261	1971	88.01	4	657
625635	626358	724	5.45	5	13
626795	627015	221	6.25	5	15
627278	627462	185	4.99	6	9
627644	628320	677	5.30	5	11
628715	631441	2727	12.39	8	88
632013	632374	362	10.66	9	27
632583	633901	1319	15.76	8	176
634356	634396	41	194.56	185	276
635034	635308	275	86.94	61	181
635982	635992	11	158.64	174.5	192
636342	636508	167	122.20	147	245
636543	637047	505	19.05	19	45
637096	638143	1048	6.20	5	23
638763	638803	41	2.17	2	3
638849	639034	186	143.40	119	335
639858	640230	373	36.44	38	105
640787	641067	281	11.03	9	21
641609	642720	1112	14.57	14	37
642757	658178	15422	3.00	2	25
658221	662860	4640	7.41	6	32
662905	664208	1304	7.63	8	17
664238	666489	2252	49.82	36	237
667286	667414	129	12.80	15	29
670458	670535	78	3.85	5	5
670588	673234	2647	40.97	19	168
673278	674767	1490	12.73	12	34
674813	676410	1598	2079.29	2446	4926
676625	676653	29	117.55	115	149
676874	676906	33	24.36	27	37
676950	677466	517	105.01	92	247
677993	678127	135	49.80	55	98
678393	678676	284	111.25	97	219
679074	679261	188	58.93	60	92
679887	680075	189	130.88	125	177
680108	680188	81	12.05	14	19
680802	682593	1792	98.91	41	1580
682805	682927	123	499.70	592.5	827
683006	683064	59	525.66	427.5	1440
683136	683199	64	935.67	275	2464
683330	683392	63	90.37	80	146
683790	683836	47	88.06	82.5	133
684195	684223	29	265.07	277	305
684414	684514	101	105.39	74.5	222
684711	685339	629	253.99	195	777
685485	685519	35	172.03	171	208
685635	686302	668	343.66	310	902
686451	686536	86	232.87	230	309
687012	687097	86	368.65	451	500
687276	687379	104	227.90	228	286
687699	687790	92	255.99	261	341
687990	688155	166	159.04	156	367
688463	689548	1086	62.77	60	159
689667	689899	233	1547.24	1066	3731
689941	690295	355	25.56	6	106
690678	690688	11	59.55	67	72
690876	690970	95	87.13	92	116
691206	691219	14	90.86	106	116
691614	691627	14	101.36	111	117
691827	691918	92	194.66	206	229
692082	692104	23	153.52	163	179
692316	692422	107	220.57	220	269
692469	693409	941	18.33	19	38
693452	693586	135	3.47	2	11
693780	695298	1519	7.67	6	23
695344	700161	4818	15.90	10	116
700520	701221	702	16.04	12	46
701556	703911	2356	6.72	5	71
704708	704817	110	64.83	69	88
705014	705463	450	41.34	29	116
705503	705506	4	3.75	5	5
705554	708000	2447	19.02	17	80
709253	709306	54	5.91	4	11
709344	712127	2784	107.43	88	332
712173	713753	1581	24.07	22	76
713793	717163	3371	15.08	8	246
717588	717723	136	94.80	81	163
718121	718176	56	4.39	4	6
718547	718611	65	28.89	27	39
718835	718923	89	17.08	22	25
719780	719946	167	7.15	7	16
720701	720775	75	19.21	20	23
721515	721573	59	56.47	56	74
722415	722449	35	0.97	1	4
722496	724075	1580	3.20	2	12
724248	724345	98	7.22	7	10
724917	725215	299	31.64	26	102
725382	725482	101	83.83	91.5	114
725524	727720	2197	227.35	7	2224
728187	728236	50	74.28	80	92
728604	728770	167	74.31	47	147
730677	730759	83	103.20	67	205
731241	731416	176	98.94	101	118
731496	731605	110	46.65	51	57
732042	732101	60	46.78	50	54
732154	732247	94	13.76	8	40
732651	733726	1076	37.40	27	115
733774	735618	1845	101.74	87	325
735866	735945	80	8.81	9	12
737051	737091	41	3.24	3	5
737390	737664	275	7.06	7	12
737712	739903	2192	11.00	7	43
740730	743659	2930	8.19	7	36
744552	744646	95	18.31	16.5	28
744882	745030	149	10.29	9	22
745650	745705	56	4.38	4	7
745762	746297	536	19.73	15	59
746330	747460	1131	59.48	60	126
747543	749857	2315	18.54	6	121
750180	750412	233	7.79	7	16
750666	756009	5344	7.32	5	40
756136	756195	60	6.22	5	14
756227	756910	684	297.03	282	866
756959	758878	1920	34.49	26	123
759540	762260	2721	27.37	23	93
762313	762767	455	626.71	350	3939
764308	764378	71	170.31	166	478
764449	764523	75	110.93	59.5	322
764557	764753	197	1350.25	1301	5292
764903	767005	2103	7278.80	7907.5	8008
767111	767756	646	4802.57	5532	7998
767870	767947	78	341.87	388	554
768019	768032	14	430.50	471	519
768066	768220	155	5.15	4	25
768534	768574	41	31.93	33	36
769026	769265	240	13.45	14	34
769311	772281	2971	52.10	32	328
772613	772719	107	11.92	13	21
772940	772989	50	12.04	11	18
773252	773274	23	1.13	1	2
773435	773592	158	3.57	3	8
773789	773931	143	3.35	4	5
774257	775255	999	6.10	5	17
775301	780454	5154	10.61	8	46
781281	782257	977	4.90	4	18
782916	783018	103	12.79	13	17
783554	783885	332	28.47	31	50
784142	784200	59	12.25	11	19
784445	786541	2097	15.18	10	114
786589	787513	925	1446.64	1219	3412
787695	787780	86	11.44	13	15
788388	788423	36	2.50	3	4
788471	795541	7071	30.31	24	211
795789	795844	56	189.25	215	234
796146	796183	38	9.50	9	16
796260	797146	887	49.22	47	122
797628	797811	184	96.12	100	146
797888	798045	158	53.08	54	89
798581	798665	85	27.25	33	51
798713	798760	48	0.98	1	1
798799	799821	1023	249.06	228	921
800267	800655	389	35.68	23	430
800900	803872	2973	346.25	325	1171
805602	806337	736	91.29	82	277
806382	807753	1372	50.91	50	123
807800	807975	176	48.36	38	101
808376	809689	1314	60.27	51	220
809737	810084	348	34.53	24	100
810287	810858	572	43.64	33	152
811079	811132	54	50.43	54	58
812157	815351	3195	89.03	67	368
815399	817006	1608	57.99	53	159
817052	820041	2990	13.02	9	93
821435	821623	189	92.59	95	130
822159	822205	47	60.81	61	72
822459	822862	404	44.47	43	128
823134	823170	37	23.92	32	35
823217	825123	1907	2.24	2	9
825163	825297	135	2.55	0.5	14
825839	825905	67	25.49	28	30
825942	830208	4267	1.54	1	17
830951	833545	2595	1.47	1	9
834474	834609	136	3.21	3	5
835532	836848	1317	2.39	2	9
837141	837259	119	1.66	2	6
837432	837538	107	14.23	12	23
838125	838247	123	3.37	2	7
838310	840370	2061	1.17	1	6
840421	843759	3339	20.14	9	222
843929	844005	77	11.18	11	15
844619	844795	177	5.82	6	12
845103	853287	8185	1.74	1	13
853508	853620	113	0.67	1	1
854177	854292	116	1.53	1	3
854549	855591	1043	1.15	1	3
856982	857604	623	0.66	0	4
858413	858471	59	1.75	2	3
858508	858796	289	3.78	2	34
859002	859009	8	21.88	25	25
859170	859611	442	14.95	12	40
860012	860077	66	11.18	12	15
860124	861409	1286	13.19	14	35
861864	862407	544	18.92	19	43
862453	866700	4248	7.11	4	46
866745	872957	6213	7.84	6	34
873006	873259	254	0.94	1	9
873579	873637	59	3.58	4	4
874083	877174	3092	28.86	12	145
877362	877705	344	25.61	22	62
878610	878797	188	17.48	19	28
879198	879547	350	9.98	9	19
879927	881923	1997	5.60	3	21
882090	885333	3244	12.31	8	64
885458	885826	369	26.37	13.5	126
886254	886313	60	59.98	56	127
886367	886493	127	6.62	6	11
886534	890616	4083	424.73	55	8000
891113	892722	1610	879.95	762	2239
892937	896430	3494	428.48	290	3889
897281	897679	399	184.62	166	368
898044	898276	233	94.20	97	170
898629	898735	107	515.33	482	827
899682	899684	3	52.33	78.5	79
899730	900510	781	54.07	32	231
900695	903460	2766	58.17	40	192
904140	904228	89	93.93	81.5	175
904602	905139	538	13.26	14	31
905423	907554	2132	77.89	71	239
908072	909636	1565	70.42	46	277
910541	911223	683	64.82	38	266
911266	914245	2980	5.57	4	34
914277	914290	14	83.71	76	227
914655	915397	743	47.37	37	182
915798	915849	52	53.35	53	63
916097	916153	57	20.61	22	27
916205	920170	3966	37.60	14	538
920218	920434	217	82.28	99	206
922224	922545	322	207.88	240	648
922730	922977	248	33.32	32	46
923156	923331	176	40.77	41	55
923564	923690	127	18.40	23	32
923733	927438	3706	4.87	1	111
928931	928964	34	5.85	6	7
928998	932619	3622	21.59	15	112
933014	933144	131	71.46	77	109
933614	934338	725	60.68	56	129
934742	934971	230	73.33	73	145
935735	935754	20	16.55	17	18
935801	935949	149	37.58	34	65
936302	936377	76	9.95	11	17
936424	937797	1374	9.32	8	25
937842	940627	2786	57.36	47	261
940860	940881	22	8.50	9	9
940997	941016	20	6.45	7	7
941070	942798	1729	32.37	26	102
942845	943886	1042	252.14	8	8025
944222	944379	158	321.89	283	577
944431	946399	1969	17.44	12	103
946683	946723	41	19.15	20	21
947199	947438	240	4.87	6	10
947483	951196	3714	34.83	27	160
951495	951720	226	29.63	27	53
951851	952266	416	27.64	26	64
952559	952784	226	34.76	21	78
952830	953175	346	83.37	94	162
953411	953466	56	36.73	37	44
954047	954138	92	90.91	91	121
954386	954438	53	21.34	22	27
954481	954709	229	10.84	9	28
954920	957155	2236	8.94	7	31
957194	962608	5415	18.38	8	143
962654	963748	1095	12.60	10	46
964269	965119	851	9.64	10	20
965166	967246	2081	13.02	10	60
967329	968038	710	13.03	5	87
968502	969829	1328	11.42	9	33
969927	970135	209	3.35	3	6
971010	971234	225	2.63	3	4
971277	973126	1850	3.22	3	14
973253	973342	90	134.64	66	577
973422	973511	90	181.23	99	697
973591	973681	91	278.64	94	1024
973761	975118	1358	8.37	4	154
978138	978264	127	4.72	5	6
978315	978667	353	0.92	1	3
979086	979528	443	3.02	3	7
980565	982177	1613	2.32	2	7
982275	982443	169	1.53	0	4
982958	982977	20	0.95	1	1
983426	986896	3471	2.34	1	16
987441	988479	1039	4.97	4	19
988967	990351	1385	3.59	3	10
990854	991950	1097	4.33	3	17
991993	996519	4527	15.89	11	109
996567	998470	1904	1.23	1	4
998508	999427	920	0.48	0	4
999957	1000066	110	2.02	3	3
1000632	1005411	4780	3.20	2	18
1005810	1006903	1094	81.31	21	740
1008033	1008191	159	173.91	185.5	313
1008238	1010543	2306	22.44	16	86
1010573	1010955	383	47.61	38	128
1010988	1018660	7673	28.16	17	173
1018731	1022007	3277	60.59	45	238
1022053	1023508	1456	10.22	7	36
1023587	1029072	5486	48.94	33	363
1029118	1031557	2440	165.37	140	743
1031608	1032107	500	174.51	169	436
1032150	1034701	2552	39.01	21	274
1035084	1035192	109	24.42	27	36
1035237	1035262	26	15.19	17	26
1036203	1036213	11	10.18	10	13
1036449	1036471	23	24.09	25	28
1036551	1036780	230	30.52	29	48
1036968	1037041	74	24.01	25	31
1037247	1037448	202	11.63	10	27
1037484	1037926	443	50.28	2	212
1038807	1038957	151	245.58	254.5	425
1039002	1039848	847	15.66	15	36
1039889	1040283	395	6.87	6	16
1040323	1042055	1733	5.93	5	22
1042103	1043185	1083	7.61	7	19
1043232	1045648	2417	4.98	3	39
1046136	1048344	2209	40.86	32	131
1048808	1048938	131	58.89	60.5	79
1050143	1050178	36	8.89	7	18
1050208	1050499	292	71.79	4	207
1051047	1051165	119	243.42	245.5	377
1051209	1051285	77	7.56	10	12
1052214	1052255	42	3.12	3	5
1052303	1054321	2019	4.37	3	19
1054572	1054859	288	9.19	5	24
1054910	1056778	1869	57.65	57	158
1056821	1058423	1603	6.75	6	23
1058472	1061356	2885	32.88	21	203
1062381	1062640	260	59.00	56	132
1062741	1062909	169	158.39	168.5	229
1062955	1064818	1864	56.93	47	177
1064870	1069858	4989	25.94	16	251
1069900	1071226	1327	48.12	32.5	154
1071657	1072065	409	90.97	86	221
1072526	1072767	242	14.14	14	26
1072919	1073535	617	28.40	22	75
1073723	1074355	633	78.48	76	188
1074987	1075168	182	20.05	24	29
1075527	1075885	359	42.64	38	90
1075930	1078935	3006	15.25	11	78
1079216	1079847	632	13.91	10	51
1079882	1087082	7201	14.12	10	118
1087120	1087130	11	4883.18	5394.5	5401
1087201	1089186	1986	7.97	5	36
1089425	1089447	23	15.96	16	19
1089575	1089696	122	18.58	19	26
1089800	1089957	158	13.31	13	22
1090057	1090246	190	9.33	3	57
1090572	1090648	77	33.57	34	40
1091142	1091464	323	17.50	17	32
1091580	1091695	116	43.43	51	64
1091946	1093018	1073	10.05	9	33
1093156	1093203	48	14.83	13	29
1093688	1093704	17	5.12	5	7
1094081	1094763	683	12.40	10	36
1095167	1095456	290	16.51	14	33
1095800	1097877	2078	12.17	4	109
1098044	1098342	299	3.40	3	11
1099001	1099014	14	10.07	11	11
1099721	1099953	233	7.21	7	17
1099989	1100467	479	15.09	8	55
1101132	1101183	52	15.79	17	31
1101230	1102289	1060	1.35	1	4
1102337	1104038	1702	68.28	54	277
1104076	1105849	1774	28.34	14	252
1106415	1106496	82	7.50	7	10
1106545	1108687	2143	29.59	24	98
1108731	1109873	1143	11.60	11	29
1109916	1111467	1552	8.29	8	27
1111508	1112988	1481	138.19	93	627
1113038	1114719	1682	84.10	12	1595
1114753	1114933	181	7.59	3	35
1115751	1115779	29	26.97	28	37
1116192	1116258	67	22.99	24	28
1116971	1117149	179	20.44	20	31
1117685	1117692	8	10.38	12	12
1117970	1118061	92	30.60	30	46
1118282	1118359	78	34.63	21	71
1118392	1119026	635	20.15	21	40
1119057	1120269	1213	17.00	17	47
1120586	1121745	1160	13.44	9	66
1121951	1122008	58	2.14	3	3
1122041	1124871	2831	33.95	28	147
1125143	1125791	649	44.25	38	128
1125836	1126741	906	16.29	12	77
1126790	1127719	930	31.79	29	71
1128198	1128211	14	21.14	22	25
1128645	1128798	154	20.66	26	36
1128848	1130097	1250	6.75	6	20
1130237	1130295	59	13.39	13	18
1130516	1135445	4930	19.63	9	193
1135541	1135872	332	46.20	2	1832
1136048	1136304	257	6.94	7	10
1136750	1136766	17	6.41	6.5	9
1137233	1137415	183	15.62	15.5	22
1137756	1137814	59	10.14	10	13
1137846	1137906	61	1.00	1	2
1138751	1139666	916	2.53	2	12
1139706	1142923	3218	3.40	3	12
1142969	1145448	2480	5.74	4	25
1145491	1147879	2389	36.63	23	302
1148190	1148281	92	33.17	37	42
1148826	1149421	596	21.58	20	60
1149522	1151884	2363	9.52	8	31
1152111	1152265	155	7.81	8.5	11
1152597	1152645	49	9.33	9	12
1152974	1153488	515	4.12	4	9
1154180	1154290	111	6.76	6	12
1154607	1155091	485	13.65	12.5	28
1155243	1158916	3674	32.30	2	552
1160055	1160376	322	93.07	86	217
1160426	1161447	1022	16.36	13	56
1161611	1161735	125	33.50	39	48
1162274	1162467	194	28.61	27	51
1162952	1163007	56	40.64	39	53
1163198	1164288	1091	25.12	22	68
1164331	1164589	259	2.83	1	8
1164861	1164985	125	0.30	0	1
1165218	1165391	174	1.44	1	4
1165437	1169316	3880	101.88	93	264
1169735	1170805	1071	9.60	7	45
1171680	1171819	140	10.18	7	29
1172592	1172877	286	29.01	33	49
1173269	1173635	367	38.58	36	83
1173682	1174705	1024	5.04	4	17
1175157	1176396	1240	10.35	9	29
1176833	1176903	71	15.06	15	21
1176956	1179132	2177	28.06	21	130
1179455	1179651	197	99.75	101	156
1180190	1180475	286	41.32	45	69
1180520	1182106	1587	1.61	2	4
1182555	1182616	62	3.98	4	8
1182885	1184197	1313	2.75	2	11
1184721	1184955	235	63.44	66.5	133
1185581	1185642	62	34.79	39	45
1185691	1186327	637	161.87	140	734
1187004	1187027	24	21.12	22	39
1187059	1187244	186	2.54	3	4
1187594	1188408	815	3.14	3	8
1189289	1190883	1595	6.95	5	30
1191686	1197018	5333	45.10	30	246
1198022	1198110	89	6.76	5	11
1198154	1198969	816	234.03	168	679
1199150	1200885	1736	18.93	14	63
1200919	1201088	170	10.06	2	71
1201229	1202223	995	9.52	7	35
1203452	1203603	152	6.09	6	14
1204493	1204587	95	1.31	1	2
1204961	1205163	203	3.65	4	6
1205588	1207030	1443	8.54	7	32
1207731	1207896	166	10.81	12	15
1208114	1208151	38	8.55	9	11
1208414	1208435	22	2.36	2	4
1208481	1209672	1192	30.60	7	270
1211870	1211886	17	32.88	35	43
1211932	1212710	779	89.70	62	286
1212977	1215304	2328	41.07	35	117
1215348	1217191	1844	14.35	11	71
1217238	1217841	604	48.08	10	147
1218932	1219100	169	16.01	15	28
1219146	1225604	6459	22.96	14	161
1225659	1229094	3436	27.34	15	152
1230323	1230499	177	15.52	7.5	52
1231530	1231584	55	3.00	3	7
1231629	1239900	8272	17.11	10	89
1239945	1240611	667	11.01	9	26
1240660	1248976	8317	16.94	5	169
1249083	1249242	160	4.14	4	8
1249910	1251851	1942	66.56	46	231
1251898	1255539	3642	11.38	9	62
1255577	1257115	1539	33.71	29	137
1257672	1260010	2339	7.97	7	27
1260465	1260553	89	3.64	4	5
1260596	1261683	1088	9.63	7	38
1261729	1266343	4615	26.88	20	115
1266385	1273357	6973	25.52	14	255
1273403	1273548	146	4.24	5	8
1273844	1274229	386	6.18	6	17
1274918	1275348	431	7.52	6	14
1275398	1283733	8336	14.29	2	291
1283772	1284999	1228	208.66	199	620
1285127	1285857	731	7.71	5	33
1286762	1287102	341	1.27	1	3
1287785	1290586	2802	13.27	4	473
1290921	1291015	95	49.14	42	70
1291182	1291272	91	78.89	77	109
1291496	1291839	344	6.19	6	16
1291931	1292373	443	8.41	3	32
1292843	1292898	56	5.86	5	18
1293044	1293645	602	16.51	13	40
1293688	1293913	226	22.11	7	167
1293982	1293989	8	232.50	266	282
1294060	1294129	70	86.03	70	174
1294211	1294226	16	225.81	246	277
1294342	1294587	246	17.33	3	57
1294937	1295169	233	19.17	18	29
1295639	1296490	852	15.36	10	82
1296702	1296715	14	89.50	97	106
1297416	1297584	169	57.17	52	86
1297883	1298085	203	67.52	71	112
1298603	1298658	56	86.84	88	108
1298861	1299552	692	68.68	64	145
1299830	1299857	28	32.46	35	39
1299903	1300284	382	91.84	28	451
1300547	1300569	23	169.61	203.5	234
1300618	1300621	4	2.25	3	3
1300663	1302629	1967	21.95	17	111
1302676	1305017	2342	16.83	8	77
1305069	1308709	3641	7.13	5	27
1308756	1311525	2770	10.07	3	195
1312550	1313368	819	8.39	8	45
1313880	1313908	29	8.66	9	11
1314348	1314976	629	42.81	9	246
1315806	1315874	69	38.65	30	87
1315916	1316001	86	5.16	5	7
1316903	1317019	117	4.21	4	6
1317399	1317970	572	9.97	7	28
1318011	1318722	712	20.22	16	71
1318756	1321818	3063	31.03	7	259
1321855	1330302	8448	41.75	29	518
1331720	1331817	98	100.00	101	126
1331954	1331967	14	196.36	211	219
1332110	1332138	29	31.97	34	39
1332266	1332282	17	69.59	69.5	93
1332494	1332507	14	163.64	181	197
1332644	1332657	14	235.07	258	266
1332794	1332941	148	285.10	291	357
1332987	1336880	3894	9.27	3	163
1336918	1337133	216	22.86	34	53
1337591	1337726	136	10.80	11	17
1337758	1337973	216	25.98	30	55
1339046	1341906	2861	12.25	9	57
1342781	1343730	950	11.04	9	43
1343828	1343910	83	10.53	10	17
1344416	1344844	429	23.25	13	71
1345290	1345414	125	57.62	31	127
1345950	1348933	2984	6.25	4	44
1349325	1349416	92	2.98	3	4
1350654	1350726	73	0.03	0	1
1350768	1352145	1378	6.09	4	21
1352480	1352571	92	7.22	7	12
1352738	1353717	980	9.61	7	39
1355180	1355289	110	3.44	4	6
1355323	1356840	1518	1.34	1	6
1356872	1356934	63	1.02	0	7
1357209	1357414	206	2.10	2	5
1358370	1359034	665	1.16	1	4
1359570	1359589	20	1.90	2	2
1360245	1361229	985	6.42	4	25
1361360	1361400	41	9.83	10	15
1362173	1362333	161	12.18	12	20
1362381	1364498	2118	16.65	15	42
1364537	1367013	2477	41.73	41	126
1367228	1367445	218	32.50	33	59
1367645	1367901	257	39.65	35	65
1368491	1368506	16	8.44	9	9
1368553	1371475	2923	5.89	4	31
1371510	1374772	3263	16.13	4	100
1375019	1375137	119	11.39	12	18
1375880	1375938	59	3.80	4	5
1375984	1379968	3985	42.51	32	204
1380014	1381395	1382	97.26	82	374
1381444	1386943	5500	58.45	32	334
1386990	1389367	2378	15.54	13	89
1389483	1389486	4	12.00	16	16
1389839	1391569	1731	12.15	11	35
1392054	1392648	595	13.06	13	29
1392692	1397091	4400	21.74	21	105
1398461	1398555	95	29.13	31	48
1398794	1399488	695	14.93	14	35
1399805	1399834	30	24.73	25	30
1400187	1401270	1084	7.68	4	36
1401311	1409154	7844	10.56	8	53
1409966	1410406	441	17.93	9	62
1410780	1411165	386	17.35	16	32
1411548	1412811	1264	13.68	11	37
1412845	1413216	372	0.69	1	3
1413827	1414025	199	2.55	3	4
1414061	1415068	1008	1.18	1	4
1415114	1418893	3780	5.52	2	102
1418940	1419081	142	6.08	6	10
1419263	1419294	32	2.03	2	3
1419671	1419781	111	7.64	9	12
1420512	1422271	1760	8.84	6	60
1423665	1424035	371	1.91	2	4
1424427	1424676	250	7.44	6	18
1425821	1425865	45	0.93	1	1
1426092	1426123	32	0.97	1	1
1427439	1427572	134	5.29	5	11
1427697	1427748	52	1.29	1	2
1427794	1427934	141	9.37	8	38
1428356	1429871	1516	24.85	24	76
1429920	1431988	2069	15.28	10	71
1432323	1434730	2408	7.79	5	29
1434975	1435141	167	9.83	11	20
1435326	1438039	2714	3.48	2	27
1438377	1438432	56	11.43	12	13
1438626	1438768	143	2.36	2	4
1439103	1439176	74	2.39	2	5
1439508	1439596	89	6.18	6	8
1439928	1440100	173	8.61	8	13
1440351	1440646	296	4.06	4	8
1440711	1441977	1267	16.64	13	86
1442042	1443093	1052	5.85	5	17
1443161	1443225	65	11.60	12	16
1443284	1443888	605	7.75	6	19
1444073	1444266	194	6.68	7	9
1444724	1444741	18	8.28	10	12
1444790	1446253	1464	16.45	16	55
1446519	1446977	459	12.88	12	31
1447023	1447884	862	112.03	99	344
1447923	1448194	272	5.41	6	10
1448256	1452660	4405	7.38	3	47
1452989	1453092	104	9.62	6	33
1453259	1454848	1590	17.08	17	59
1455237	1455493	257	22.68	23	37
1455909	1457687	1779	12.43	10	53
1457745	1458859	1115	19.55	9	104
1459545	1460280	736	3.36	4	12
1460468	1460565	98	4.56	5	8
1461029	1461090	62	2.21	2	5
1461140	1462884	1745	9.08	7	33
1463336	1469647	6312	5.46	4	31
1470231	1470484	254	10.93	12	16
1470936	1471765	830	22.20	12	85
1471808	1473189	1382	8.59	7	35
1473638	1473891	254	19.65	16	35
1474151	1474338	188	8.23	8	15
1474619	1474743	125	19.50	22.5	28
1475039	1475076	38	19.53	20	23
1476833	1476994	162	74.24	74	147
1477455	1477472	18	10.33	11	11
1477517	1477622	106	7.36	9	13
1477661	1478065	405	9.21	9	22
1478454	1479037	584	6.35	6	22
1479069	1480419	1351	7.94	6	28
1480541	1481667	1127	2.08	2	8
1482983	1484759	1777	2.65	1	15
1484805	1484826	22	11.82	12	14
1485101	1485143	43	2.98	3	4
1485186	1496406	11221	3.00	2	20
1496705	1497039	335	4.78	3	12
1497239	1497519	281	9.74	9	22
1498082	1498278	197	13.05	12	27
1498586	1498641	56	9.98	9	25
1498946	1499022	77	9.44	9	14
1499471	1499740	270	5.34	2	18
1500246	1500451	206	7.00	5	15
1500675	1500863	189	8.35	8.5	13
1500908	1501857	950	16.14	14	78
1502426	1502526	101	0.70	1	2
1503050	1503253	204	1.46	1	4
1504200	1504363	164	2.21	2	4
1505541	1505822	282	3.59	4	5
1505872	1507816	1945	11.74	11	36
1507851	1509649	1799	31.61	28	96
1510095	1513828	3734	1.27	1	11
1514175	1515567	1393	7.25	6	25
1515911	1518898	2988	3.30	2	20
1518940	1520425	1486	12.49	10	68
1520523	1521836	1314	33.47	20	220
1521882	1522985	1104	67.97	50	243
1523038	1524108	1071	353.62	293	1102
1524158	1526404	2247	103.25	78	404
1526478	1528426	1949	63.50	14	538
1528818	1529514	697	25.57	21	62
1529564	1531668	2105	33.89	32	97
1531711	1536281	4571	30.21	16	206
1536330	1540363	4034	69.82	59	376
1540941	1540957	17	24.59	26	28
1541388	1542084	697	5.57	3	20
1542275	1542420	146	4.45	4	8
1542743	1542819	77	1.23	1	2
1543148	1550081	6934	12.64	4	193
1550124	1550449	326	18.74	18	32
1550499	1550509	11	17.27	19	19
1550562	1550569	8	14.88	16	20
1550622	1550629	8	10.75	12	14
1550700	1550707	8	13.38	15	16
1550760	1550767	8	37.25	43	43
1550820	1550911	92	28.70	30	56
1550964	1550971	8	7.12	8	9
1551021	1551889	869	20.43	20	39
1551942	1551949	8	16.62	19	19
1552002	1552009	8	23.50	27	28
1552062	1552069	8	39.12	45	45
1552116	1552300	185	13.60	15	33
1552344	1552360	17	22.94	24	26
1552395	1552414	20	18.75	20	25
1552455	1552483	29	7.66	7	10
1552536	1552540	5	14.00	17.5	18
1552590	1552597	8	18.25	22	23
1552644	1552660	17	17.12	18.5	20
1552704	1552711	8	13.75	17	17
1552764	1552768	5	25.80	32	33
1552812	1552825	14	35.21	39	40
1552875	1552882	8	9.25	11	11
1552932	1552939	8	21.25	24	27
1552989	1553053	65	14.68	13	23
1553097	1553110	14	11.57	13	13
1553157	1553170	14	17.50	19	21
1553217	1553224	8	13.25	15	16
1553265	1553338	74	17.92	19	21
1553379	1553398	20	11.00	12	12
1553445	1553467	23	7.39	8	9
1553502	1553512	11	9.36	10	11
1553565	1553572	8	8.62	10	10
1553622	1553626	5	6.40	8	8
1553679	1553689	11	17.09	17.5	22
1553733	1553740	8	21.12	24	25
1553787	1553797	11	13.73	15	16
1553847	1553863	17	16.76	17	19
1553904	1553911	8	10.38	12	13
1553961	1553974	14	4.07	3	7
1554021	1554025	5	4.80	6	6
1554078	1554082	5	7.40	9	10
1554132	1557838	3707	10.15	8	36
1558044	1559692	1649	10.83	10	37
1560156	1560514	359	10.50	10	21
1560984	1563831	2848	8.79	6	48
1563869	1564395	527	3.80	4	8
1564449	1566924	2476	36.01	14	444
1566968	1570877	3910	475.09	3	5384
1570911	1572957	2047	13.04	8	59
1573130	1577511	4382	8.71	3	142
1577645	1578726	1082	12.62	2	71
1578768	1578877	110	1325.23	1537	1789
1578915	1579056	142	1.49	1	17
1579102	1582362	3261	3.62	2	27
1582496	1583638	1143	17.73	14	63
1583787	1583863	77	8.61	7	14
1584330	1584847	518	2.21	1	23
1584889	1584998	110	1068.48	1200	1449
1585036	1585177	142	0.34	0	5
1585223	1586947	1725	42.14	33	139
1587573	1587910	338	16.08	16	31
1588221	1588950	730	112.86	91	400
1588995	1589303	309	592.94	638.5	1325
1589351	1591588	2238	33.13	31	86
1591689	1592440	752	17.82	18	34
1592520	1596431	3912	18.20	14	78
1596470	1597512	1043	44.20	40	127
1597548	1605589	8042	18.76	16	66
1605644	1606448	805	2.50	2	13
1606493	1615559	9067	36.22	8	650
1615602	1617154	1553	11.87	10	30
1617246	1620427	3182	17.38	12	104
1621314	1621377	64	29.31	30	34
1621850	1621890	41	12.37	16	18
1621937	1622817	881	10.47	9	43
1622851	1630582	7732	4.88	4	40
1630619	1632049	1431	4.65	5	11
1632744	1632814	71	2.49	3	3
1632862	1638550	5689	13.67	9	68
1639230	1639426	197	6.48	5	13
1639956	1640112	157	2.99	3	6
1640588	1640731	144	9.94	11	14
1641261	1641333	73	4.41	6	8
1641674	1641906	233	5.55	6.5	9
1642385	1642425	41	3.10	4	4
1642835	1642878	44	5.34	6	9
1643090	1644192	1103	7.48	5	56
1644416	1644612	197	156.53	40	419
1644659	1649945	5287	15.02	5	280
1649980	1651908	1929	60.43	40	296
1652060	1653712	1653	7.17	6	33
1653767	1653994	228	1.43	2	3
1654887	1661364	6478	13.80	12	53
1662356	1662564	209	0.57	0	2
1662616	1663023	408	0.93	1	3
1663499	1663794	296	1.14	1	3
1664351	1664548	198	0.61	1	1
1664901	1665586	686	0.56	1	1
1665750	1665793	44	3.02	4	4
1666266	1666381	116	21.67	22	32
1667052	1667077	26	6.77	7	9
1667123	1671250	4128	21.76	17	128
1672230	1672258	29	17.62	18	21
1673133	1673235	103	12.40	15	18
1673267	1675483	2217	1.98	1	10
1675524	1675735	212	0.25	0	1
1676583	1678027	1445	2.89	3	9
1678713	1678849	137	0.53	1	1
1679190	1679251	62	0.98	1	1
1679979	1680103	125	1.79	2	3
1680474	1680621	148	3.81	4	5
1681130	1681213	84	0.15	0	2
1681260	1684557	3298	2.54	2	26
1685528	1685727	200	1.75	1	5
1685885	1685949	65	2.48	3	4
1685991	1691544	5554	4.80	2	53
1692218	1695256	3039	1.00	1	12
1695321	1698459	3139	3.87	3	24
1698890	1698937	48	0.00	0	0
1698985	1700152	1168	2.66	2	10
1700808	1701010	203	1.43	2	2
1701507	1701565	59	1.17	1	2
1701966	1702153	188	1.32	1	3
1702587	1702704	118	0.45	0	1
1703411	1703474	64	0.94	0	3
1703506	1703709	204	0.37	0	1
1704398	1705417	1020	1.65	1	7
1705845	1711480	5636	5.39	3	29
1712052	1712234	183	5.25	4	12
1712277	1712297	21	39.29	44.5	51
1712369	1712395	27	74.85	71	98
1712467	1713277	811	7.74	7	22
1713735	1720306	6572	26.17	14	305
1720346	1720500	155	2.81	0.5	8
1721162	1721229	68	8.46	9	12
1721768	1724062	2295	4.67	4	15
1725105	1725675	571	8.32	9	18
1726565	1726921	357	1.20	1	7
1727331	1727581	251	5.51	5	10
1727617	1732249	4633	7.19	5	47
1732761	1732843	83	2.96	3	4
1732889	1743378	10490	24.87	21	102
1743662	1743749	88	67.40	98	123
1743795	1745069	1275	43.83	39	136
1745113	1749953	4841	47.71	41	173
1749988	1751378	1391	40.53	35	144
1751411	1757308	5898	16.50	10	271
1757988	1758361	374	3.44	3	5
1758696	1758703	8	2.00	2	3
1758745	1761817	3073	20.42	17	78
1762272	1762639	368	3.33	3	8
1762836	1764288	1453	6.52	5	30
1764614	1764714	101	3.32	4	5
1764926	1765957	1032	2.55	2	10
1766262	1766815	554	1101.31	988	3901
1766866	1768500	1635	4.50	4	14
1769057	1769091	35	0.34	0	1
1769282	1769475	194	2.86	2	5
1770125	1770646	522	4.57	4	13
1771704	1771715	12	6.00	7	7
1771767	1774778	3012	8.30	2	116
1774814	1776910	2097	8.50	5	31
1777449	1777621	173	2.46	1	6
1778490	1778659	170	2.90	2	7
1778874	1786701	7828	13.73	10	352
1786869	1788339	1471	49.18	39	417
1788389	1792939	4551	3.38	3	14
1793994	1794910	917	27.43	8	220
1795203	1795275	73	97.15	105	124
1795323	1795627	305	7.32	5	20
1796436	1796765	330	1.65	2	3
1796806	1798413	1608	1.93	2	6
1798772	1799017	246	1.97	2	3
1799271	1800362	1092	15.47	12	52
1800406	1802377	1972	11.09	6	57
1802502	1802728	227	9.45	9	15
1803144	1803307	164	4.55	5	9
1803663	1803882	220	12.29	5	59
1805021	1805063	43	6.56	7	8
1805109	1812703	7595	8.66	4	64
1813191	1813561	371	2.69	2	8
1813662	1814052	391	17.28	17	40
1815185	1816431	1247	4.62	4	18
1816586	1816725	140	0.78	0	2
1817270	1818400	1131	11.75	11	38
1818900	1819138	239	11.63	10	32
1819737	1820315	579	31.67	28	72
1820357	1822681	2325	6.44	2	44
1822732	1824616	1885	7.97	7	39
1824677	1829200	4524	2.05	1	12
1829239	1830807	1569	12.21	8	76
1831349	1831702	354	6.29	6	13
1832109	1832545	437	23.25	7	70
1832646	1832722	77	4.62	4	12
1832756	1832908	153	3.18	3	10
1833426	1833563	138	8.63	8	19
1833597	1833687	91	9.64	10	12
1833902	1834976	1075	19.63	17	54
1835018	1837767	2750	1.89	1	15
1837943	1838022	80	2.64	3	4
1838664	1840053	1390	19.61	5	198
1840409	1840509	101	0.20	0	2
1841027	1841922	896	2.23	2	6
1842446	1842720	275	2.36	2	5
1842763	1845616	2854	5.48	4	38
1846653	1846657	5	15.00	18.5	21
1847271	1847299	29	25.69	26	29
1847691	1847923	233	19.09	19	31
1847964	1849114	1151	2.42	2	6
1849161	1856838	7678	22.75	19	141
1857329	1857446	118	15.03	16	21
1857490	1859529	2040	11.77	3	95
1859663	1859700	38	38.00	39	41
1860509	1860689	181	30.70	22	105
1860774	1860919	146	98.49	106	137
1861200	1861234	35	53.86	58.5	63
1861470	1861537	68	41.88	46	67
1861573	1862026	454	2.88	3	10
1862376	1862557	182	4.50	5	7
1862787	1863767	981	17.41	14	87
1863801	1867148	3348	51.86	34	345
1867201	1870188	2988	36.82	31	134
1870467	1873609	3143	11.63	7	193
1873800	1873821	22	41.18	44	44
1873867	1874058	192	11.40	5	25
1874102	1875459	1358	171.12	145	586
1875518	1878683	3166	27.06	20	177
1878827	1880071	1245	4.81	4	14
1880205	1883685	3481	5.58	4	31
1884362	1884589	228	1.19	1	2
1885383	1887744	2362	15.08	12	67
1888232	1888398	167	6.53	7	12
1888871	1890622	1752	14.64	12	44
1891095	1891503	409	11.02	9	25
1892360	1895499	3140	11.61	10	39
1895543	1895691	149	21.56	2	409
1895774	1895778	5	2070.60	2650.5	2737
1895822	1896106	285	5.98	5.5	16
1896369	1896718	350	15.89	15	30
1897215	1897419	205	6.97	7	10
1897736	1922256	24521	10.53	7	75
1922468	1925173	2706	34.79	29	133
1925209	1930897	5689	82.60	52	510
1931427	1931899	473	45.65	42	116
1932831	1933557	727	22.80	20	63
1933955	1934349	395	17.97	11	56
1934936	1934946	11	29.00	32.5	33
1935551	1935669	119	5.47	6	8
1935717	1936237	521	1.00	0	5
1936593	1936632	40	2.23	2	3
1936724	1942369	5646	7.79	3	96
1942407	1948165	5759	4.74	2	68
1948293	1949215	923	27.01	3	157
1949598	1949774	177	0.75	1	2
1949815	1950705	891	1.11	1	5
1950745	1952514	1770	0.94	0	5
1952566	1953327	762	16.62	2	145
1953371	1953463	93	19.65	22	28
1953591	1954809	1219	5.37	4	24
1955282	1955391	110	0.51	1	1
1956041	1959325	3285	2.07	1	16
1960722	1960774	53	1.68	2	2
1960832	1961112	281	0.37	0	7
1961522	1965124	3603	16.29	11	116
1965387	1965459	73	16.26	15.5	20
1965674	1965804	131	4.51	4	9
1966172	1969413	3242	26.40	19	157
1970483	1973914	3432	5.76	5	20
1974435	1974493	59	12.24	12	16
1974539	1975750	1212	41.71	41	109
1975796	1981189	5394	138.36	84	1426
1981242	1984845	3604	79.37	66	313
1984889	1987224	2336	13.42	11	46
1987262	1988806	1545	64.42	51	215
1989279	1990185	907	13.73	12	102
1990739	1990785	47	3.49	4	4
1991132	1991848	717	6.62	6	20
1991898	1992668	771	54.72	41	212
1992714	1996422	3709	146.02	10	1042
1997135	2000280	3146	8.81	8	30
2001044	2001085	42	13.57	15	21
2001135	2005149	4015	12.31	7	78
2006684	2006698	15	2.13	2	4
2006741	2007013	273	107.48	54	255
2008788	2008837	50	212.96	218	267
2009169	2009237	69	76.00	61	118
2009282	2009485	204	4.55	2	13
2010390	2013378	2989	9.81	4	101
2013425	2013451	27	0.00	0	0
2014041	2014216	176	4.69	1	39
2014710	2014741	32	1.44	0	4
2014774	2015014	241	18.17	1	57
2016093	2016103	11	5.82	6	8
2016861	2017036	176	13.54	10	28
2018298	2018386	89	10.25	10.5	14
2019684	2019896	213	706.27	741.5	1499
2019940	2026513	6574	17.30	11	105
2026556	2027979	1424	11.69	10	54
2028092	2031885	3794	8.91	6	41
2032175	2032263	89	10.10	10	18
2032742	2032962	221	10.30	7	23
2033174	2033475	302	7.35	6	24
2033765	2034088	324	19.48	14	52
2034609	2037272	2664	8.01	7	34
2037306	2037577	272	4.11	3	9
2038047	2038138	92	8.74	8	13
2038191	2039781	1591	66.54	53.5	185
2039818	2046555	6738	45.73	26	319
2046606	2046684	79	1.04	1	2
2047817	2048005	189	11.11	11	24
2048052	2051165	3114	20.04	15	99
2051211	2051259	49	3.22	4	7
2051714	2051764	51	3.04	3	4
2051807	2054766	2960	19.95	17	94
2054806	2060076	5271	39.92	28	183
2060804	2060818	15	6.67	8	8
2060866	2061592	727	49.47	48	113
2061628	2063182	1555	21.02	19	77
2063225	2063758	534	264.64	130	1254
2063802	2066395	2594	1135.94	1163	4203
2066429	2066829	401	1.06	1	3
2066877	2068818	1942	75.61	63	307
2068857	2069301	445	771.55	510	2157
2069347	2071789	2443	61.92	53	204
2071841	2076040	4200	198.31	149	693
2076159	2076862	704	3.90	3	17
2077056	2077198	143	4.54	3	9
2077509	2077548	40	0.00	0	0
2077877	2077968	92	1.68	1	5
2078465	2078727	263	0.78	1	2
2078846	2078925	80	7.12	7	9
2078974	2082238	3265	8.19	5	50
2082274	2083956	1683	8.61	7	33
2084005	2085415	1411	4.60	2	41
2085888	2085961	74	1.31	1	2
2086662	2086993	332	1.35	1	4
2087295	2087715	421	1.22	1	3
2088509	2088604	96	2.59	3	4
2088996	2089335	340	3.66	1	13
2089691	2093270	3580	12.20	6	69
2093311	2093322	12	163.33	190	190
2093394	2094522	1129	31.68	27	94
2094575	2095606	1032	2.89	2	10
2096604	2098545	1942	1.78	1	9
2099318	2099496	179	0.28	0	1
2100131	2100282	152	0.00	0	0
2100330	2104107	3778	25.31	21	109
2104148	2106928	2781	1.75	2	8
2106966	2109566	2601	2.95	3	11
2109615	2111118	1504	27.52	23	84
2111420	2111454	35	25.71	25	46
2111765	2112657	893	27.84	26.5	51
2112863	2112865	3	8.00	12	12
2112919	2113371	453	16.69	6	51
2113628	2113673	46	8.54	10	19
2113721	2114132	412	24.38	17	71
2114166	2118927	4762	35.30	7	333
2119130	2119407	278	2.01	2	4
2119973	2120680	708	8.39	7	23
2121801	2130508	8708	13.03	9	128
2130559	2130631	73	4.51	5	6
2131167	2131443	277	10.32	12	21
2131685	2132286	602	4.13	4	9
2132555	2133733	1179	6.50	5	15
2133783	2137028	3246	16.52	14	62
2137067	2143945	6879	21.35	12	215
2144094	2144176	83	10.19	10	13
2144706	2144778	73	15.22	16	18
2144810	2147481	2672	10.32	8	47
2147951	2148129	179	11.84	10	24
2148689	2148941	253	7.91	6	17
2148983	2150099	1117	28.64	25	77
2150136	2150581	446	45.10	39	107
2151192	2152273	1082	16.17	10	197
2152713	2152729	17	350.65	374.5	383
2153199	2153280	82	151.57	158	211
2153325	2153488	164	9.92	9	17
2154282	2154828	547	26.94	11	129
2155730	2155756	27	0.63	1	2
2155794	2156110	317	13.54	13	33
2156502	2156904	403	6.74	7	17
2157527	2157724	198	5.45	3	13
2157774	2158215	442	61.50	58	138
2158260	2161006	2747	21.33	19	61
2162031	2162077	47	7.55	8	8
2162421	2162441	21	19.90	20	24
2162477	2163918	1442	95.78	30	775
2164463	2164522	60	5.10	5	8
2164563	2166591	2029	15.79	12	69
2166635	2168468	1834	204.96	190	649
2168512	2172705	4194	19.51	15	66
2172746	2179830	7085	301.15	84	5598
2179876	2184618	4743	38.56	26	234
2184652	2184970	319	3.10	3	10
2185191	2185264	74	7.11	7	9
2186067	2186200	134	9.80	12	16
2186484	2186707	224	2.56	1	11
2187048	2187175	128	4.23	5	8
2187498	2187542	45	3.18	2	6
2187574	2190952	3379	85.16	76	636
2191551	2191589	39	6.95	7	10
2191631	2193220	1590	43.86	34	184
2194551	2194663	113	70.85	82	108
2194696	2195950	1255	2.54	2	9
2195996	2197204	1209	41.84	36	101
2197332	2199242	1911	23.78	16	201
2199314	2199315	2	417.00	834	834
2199365	2199483	119	19.02	24	48
2199617	2202533	2917	3.74	2	23
2202581	2203198	618	170.41	93	1388
2203434	2203450	17	81.76	78	134
2203761	2203787	27	104.41	106	126
2203833	2203891	59	2.32	2	7
2204382	2204790	409	1.55	1	4
2205284	2206205	922	7.50	6	18
2206251	2213521	7271	24.59	20	106
2213555	2214074	520	44.14	43	94
2214117	2226689	12573	87.52	58	492
2226729	2227486	758	60.54	46	237
2227893	2227966	74	6.92	6	14
2228490	2229358	869	3.57	3	11
2229885	2231005	1121	8.33	6	56
2231244	2231287	44	44.18	50	59
2232324	2232367	44	46.80	52	57
2232714	2232716	3	3.33	5	5
2232765	2232853	89	12.94	12	24
2233125	2233327	203	6.36	7	13
2233370	2240501	7132	9.52	7	60
2240533	2242317	1785	6.77	6	17
2243075	2243132	58	1.26	1	2
2243180	2253304	10125	55.87	39	422
2254395	2254461	67	62.82	64	102
2254508	2256102	1595	7.95	7	37
2256152	2257821	1670	45.52	39	157
2257877	2259454	1578	44.90	25	214
2259603	2259691	89	246.29	252	306
2260152	2260208	57	31.98	32.5	66
2260255	2263754	3500	36.77	5	302
2263798	2266008	2211	26.05	23	85
2266048	2267839	1792	114.07	91	681
2268216	2268286	71	4.92	5.5	6
2269392	2269519	128	2.71	3	4
2269564	2271528	1965	12.31	8	88
2271758	2271789	32	30.91	31	36
2272013	2273477	1465	29.91	24	107
2273511	2274856	1346	32.93	25	106
2275077	2285482	10406	26.12	17	196
2285530	2291213	5684	27.14	20	132
2291258	2292892	1635	55.74	51	166
2292941	2297609	4669	158.55	89	786
2297653	2300279	2627	172.74	43	992
2300314	2301952	1639	39.51	27	168
2302266	2302317	52	23.44	24	26
2302348	2304475	2128	27.71	8	275
2304924	2305339	416	33.13	30	78
2305386	2306403	1018	35.25	30	97
2306443	2308189	1747	59.59	46	208
2308584	2308672	89	15.44	19	24
2308717	2310748	2032	36.21	32	88
2310791	2313774	2984	14.22	11	50
2314100	2314714	615	12.62	10	25
2315037	2315165	129	4.25	3	8
2315255	2316688	1434	20.15	18	71
2317791	2317961	171	15.68	17	28
2317998	2318546	549	6.26	5	15
2318584	2320760	2177	60.77	50	202
2320792	2326431	5640	40.13	34	179
2326907	2328810	1904	71.79	60	277
2328861	2329548	688	49.96	48	123
2329862	2330373	512	68.59	71	133
2330621	2330637	17	31.65	32	40
2330683	2330905	223	18.25	5	169
2330977	2331010	34	380.74	380	450
2331091	2331120	30	184.30	165	340
2331200	2331232	33	235.39	171.5	625
2331302	2331384	83	256.10	256	366
2331456	2331484	29	450.03	413.5	638
2331565	2331587	23	110.48	88.5	241
2331657	2331703	47	176.04	177.5	238
2331783	2331814	32	268.97	216	620
2331884	2331930	47	164.62	160.5	220
2332010	2332040	31	324.94	269.5	581
2332112	2332139	28	451.14	396	692
2332220	2332242	23	126.04	103	283
2332312	2332360	49	105.61	107	149
2332440	2332483	44	357.50	337	839
2332553	2332599	47	82.87	81	111
2332679	2332688	10	678.40	801	888
2332722	2332916	195	5.54	5	10
2332960	2334415	1456	332.22	268	1095
2334461	2349210	14750	90.27	47	1658
2349800	2350075	276	153.38	116	373
2350242	2350838	597	72.80	47	163
2350883	2361953	11071	15.02	2	343
2362006	2366493	4488	85.03	4	759
2366544	2371051	4508	34.48	13	175
2371257	2371418	162	52.31	56	108
2371464	2374651	3188	2.33	2	13
2375409	2375578	170	2.19	2	4
2375698	2375935	238	100.79	2	3571
2376060	2376104	45	1925.78	1877	2496
2376149	2376919	771	12.41	10	36
2377050	2377096	47	57.94	58.5	64
2377473	2379703	2231	7.36	4	44
2379757	2381596	1840	93.85	84	271
2382129	2382223	95	48.67	54	72
2382271	2384605	2335	29.08	21	137
2384865	2384878	14	14.50	16	17
2385051	2385247	197	5.45	6	7
2385687	2385709	23	7.57	7	10
2386551	2386635	85	33.85	28.5	61
2386679	2388832	2154	15.42	14	62
2389248	2390169	922	12.23	11	45
2390636	2392622	1987	19.42	16	64
2392663	2393435	773	4.51	4	11
2393483	2395826	2344	34.89	9	192
2395878	2403123	7246	28.79	15	232
2403178	2404476	1299	38.32	39	95
2404511	2412828	8318	58.22	36	525
2412877	2414355	1479	201.68	207	467
2414405	2416136	1732	1054.80	807	3405
2416227	2416495	269	92.14	5	1218
2417235	2417306	72	18.11	17	35
2417355	2417577	223	8.74	7	19
2417780	2417934	155	6.04	6	11
2418347	2418759	413	5.43	5	11
2419157	2419809	653	6.76	7	13
2419946	2422257	2312	20.13	15	93
2422293	2426943	4651	62.66	30	782
2426976	2429450	2475	20.04	16	67
2429494	2431326	1833	19.85	16	81
2431370	2433378	2009	78.61	68	260
2433418	2434282	865	42.72	30	168
2435502	2435522	21	24.38	24	32
2435569	2435778	210	15.67	13	37
2436182	2437242	1061	29.00	29	59
2438042	2438164	123	7.29	7	11
2438209	2441275	3067	9.34	6	51
2441310	2443470	2161	12.87	7	72
2443504	2444861	1358	33.15	34	71
2444903	2452341	7439	154.96	135	806
2452856	2453553	698	55.07	49	126
2454017	2455515	1499	8.36	8	22
2455561	2457925	2365	21.49	12	239
2458632	2458676	45	43.62	46	66
2458721	2458777	57	0.00	0	0
2459199	2459278	80	2.83	2	4
2459643	2459694	52	5.50	5	12
2460170	2460325	156	2.82	3	4
2461428	2461476	49	3.71	3.5	7
2461522	2462805	1284	35.21	31	88
2462844	2466100	3257	6.09	3	31
2466146	2477308	11163	6.57	4	80
2477484	2477557	74	0.89	1	1
2478168	2478619	452	87.32	103	213
2478668	2480078	1411	27.17	25	71
2480125	2481416	1292	10.71	7	50
2481478	2482866	1389	24.70	8	80
2483297	2483613	317	24.47	16	60
2484149	2484376	228	34.18	33	63
2484421	2484558	138	12.69	15	21
2485385	2487467	2083	13.38	8	105
2487499	2490961	3463	12.14	11	41
2491461	2491585	125	0.51	0	2
2492082	2492818	737	13.35	6	74
2493198	2494271	1074	3.76	4	9
2494312	2495332	1021	4.68	4	19
2495384	2501738	6355	206.41	18	2899
2501786	2503525	1740	21.33	21	86
2503571	2504349	779	127.32	93	439
2504393	2508372	3980	20.38	15	113
2508414	2511734	3321	53.55	33	304
2511783	2513923	2141	41.67	37	181
2514150	2517184	3035	48.05	13	1154
2517456	2517529	74	102.84	98	123
2517574	2522334	4761	42.92	31	187
2522457	2524567	2111	35.33	14	246
2524884	2525017	134	150.24	104	344
2525244	2525278	35	8.57	9	9
2525329	2531175	5847	7.56	5	59
2532290	2532522	233	13.65	13	28
2533382	2533563	182	9.76	9	18
2534672	2534907	236	14.39	15	24
2535464	2536095	632	15.30	15	35
2537006	2537197	192	10.76	11	17
2537232	2543571	6340	8.03	6	44
2543621	2546853	3233	11.29	7	77
2547080	2547117	38	6.34	6	8
2547329	2547616	288	3.57	3	7
2547789	2547874	86	6.56	7	12
2548431	2549442	1012	7.97	5	36
2549511	2549524	14	1277.36	1378	1378
2549599	2549604	6	21.17	25	26
2549654	2549779	126	31.38	33	51
2550396	2550796	401	15.40	13	31
2551893	2558869	6977	25.20	20	113
2558908	2560332	1425	38.40	25.5	131
2560377	2563971	3595	46.51	42	166
2564017	2580665	16649	70.19	20	1323
2580708	2580715	8	1833.75	2111	3202
2581115	2581216	102	3.10	1	34
2581260	2590757	9498	193.33	162	1225
2590810	2596180	5371	17.93	12	118
2596437	2596447	11	10.91	12	13
2596935	2596969	35	7.86	9	15
2597018	2597767	750	5.97	3	17
2598075	2598223	149	0.69	1	3
2599017	2599603	587	1.19	1	3
2599971	2600215	245	0.61	1	1
2600580	2600719	140	1.44	1	2
2601042	2601073	32	2.44	2	4
2601399	2601552	154	6.64	7	12
2602079	2602234	156	14.95	12	26
2602851	2603086	236	21.33	21	32
2603250	2603269	20	73.60	81	90
2603317	2610624	7308	23.29	20	144
2611169	2611242	74	46.70	33	123
2611805	2611884	80	58.98	68	79
2611928	2616356	4429	20.19	9	146
2616416	2618111	1696	38.43	33	143
2618157	2619919	1763	32.29	26	143
2620566	2622024	1459	48.61	48	99
2622069	2622252	184	48.36	47	109
2622395	2622767	373	44.75	38	99
2622813	2626528	3716	6.22	5	24
2626574	2627944	1371	442.45	404	1061
2627989	2630762	2774	84.26	69	463
2630820	2642476	11657	15.67	9	96
2642513	2645104	2592	55.37	52	163
2645150	2647009	1860	131.71	111	544
2647041	2654551	7511	44.10	24	352
2654586	2657905	3320	21.74	13	388
2658159	2658208	50	269.02	239	416
2658390	2659236	847	29.39	7	666
2659730	2659782	53	7.72	5	22
2659818	2660038	221	29.76	28	70
2660976	2661031	56	29.34	30	32
2661198	2661264	67	13.39	14.5	27
2661308	2664089	2782	29.16	21	146
2664132	2666075	1944	20.72	18	60
2666124	2670072	3949	15.53	3	367
2670117	2670214	98	44.00	49	69
2670927	2671282	356	39.41	34	83
2671668	2671858	191	40.81	28.5	121
2672904	2673004	101	20.02	25	34
2674362	2674408	47	43.23	42	64
2674779	2675015	237	20.93	26	37
2675047	2675909	863	2.31	2	5
2676072	2676119	48	255.58	265	302
2676190	2676193	4	62.75	84	85
2676239	2676240	2	4003.00	8006	8006
2676354	2676999	646	5680.94	7091	8003
2677105	2678634	1530	7335.38	7913	7999
2678786	2678817	32	7677.53	7949	7995
2678951	2679208	258	7848.66	7927	7998
2679358	2679373	16	6136.75	6469	7110
2679408	2679554	147	897.61	900.5	3541
2679588	2679662	75	306.83	271.5	625
2679733	2679746	14	751.79	829	1001
2679818	2679882	65	258.91	104.5	1042
2681423	2683291	1869	245.49	22	3733
2683338	2683340	3	128.67	193	197
2683420	2683636	217	21.66	1	452
2684052	2684096	45	0.98	1	1
2684146	2688064	3919	39.76	24	167
2688106	2688157	52	1.54	1	3
2688582	2688739	158	52.47	47	101
2690589	2690722	134	152.35	152	232
2691177	2691358	182	80.58	78	127
2691534	2691577	44	51.61	49	71
2691623	2693446	1824	18.03	10	98
2693483	2696845	3363	16.45	15	84
2697267	2697562	296	10.56	8	27
2698173	2698368	196	1.32	1	4
2698787	2698815	29	2.17	2	3
2699333	2699540	208	25.66	7	67
2699574	2699622	49	65.39	70	116
2700041	2700063	23	21.09	21.5	27
2700506	2701135	630	38.71	31	172
2701491	2701516	26	31.96	31	50
2701561	2702326	766	16.79	16	45
2702366	2708694	6329	47.54	35	206
2709077	2709171	95	3.88	3	9
2709332	2709366	35	15.83	17	20
2709521	2710114	594	52.80	48	137
2710635	2711257	623	46.93	41	89
2711625	2711770	146	41.68	42	82
2711835	2713707	1873	68.55	59	200
2714124	2714149	26	63.77	66	77
2714997	2715027	31	12.77	13	15
2715272	2715562	291	3.33	2	12
2715864	2715871	8	11.62	13	15
2716038	2716072	35	7.69	7	10
2716224	2716426	203	5.27	4	10
2716791	2716832	42	7.24	8	10
2716877	2718943	2067	43.72	37	165
2718989	2719266	278	6.72	6	13
2719361	2722399	3039	14.60	9	64
2722461	2724918	2458	14.78	10	88
2725895	2726134	240	75.01	84	184
2726601	2726619	19	63.63	68.5	75
2726662	2728866	2205	15.04	11	62
2728908	2732815	3908	9.55	9	27
2733273	2733329	57	3.32	3	5
2733370	2733472	103	10.19	14	16
2733948	2736073	2126	8.11	4	43
2736831	2736925	95	8.85	4	22
2737278	2739107	1830	16.68	14	53
2739151	2743555	4405	1.63	1	13
2744262	2744551	290	17.67	15	35
2745132	2745502	371	15.75	16	26
2745535	2745636	102	4.80	5	7
2745884	2748235	2352	11.60	8	54
2748588	2749735	1148	14.11	10	94
2750052	2750080	29	174.83	175.5	216
2750337	2750364	28	19.25	23	24
2750411	2750515	105	24.18	11	57
2750952	2751057	106	48.81	61	71
2751101	2753922	2822	1826.41	1605	6138
2754031	2759775	5745	1862.72	1518.5	7999
2759813	2765192	5380	1590.24	1340	7619
2765239	2768641	3403	28.53	22	157
2769375	2769397	23	1.61	2	2
2770239	2771295	1057	44.25	22	255
2771340	2773823	2484	124.69	71	879
2773874	2777445	3572	34.56	7	270
2777855	2777973	119	12.99	15	19
2778200	2778378	179	8.04	7	16
2778698	2779281	584	32.45	23	116
2779583	2780841	1259	7.21	7	15
2781035	2781165	131	10.61	8	22
2781785	2782907	1123	164.87	133	659
2782955	2789073	6119	27.62	19	156
2789336	2789481	146	39.93	37	91
2790014	2790400	387	49.47	54	90
2790444	2794200	3757	3.06	2	11
2794244	2805895	11652	28.98	15	378
2806419	2807035	617	22.67	19	59
2807874	2808226	353	21.89	21	51
2808274	2809332	1059	15.24	14	46
2809796	2809836	41	4.37	4	8
2810039	2811600	1562	7.45	5	36
2811652	2812088	437	12.68	11	36
2812133	2817384	5252	8.67	6	49
2818289	2818308	20	0.95	1	1
2818346	2821157	2812	10.97	10	47
2821205	2821521	317	132.25	112	443
2821739	2821770	32	80.06	85	89
2822033	2822054	22	40.41	43	46
2822100	2824202	2103	24.03	19	93
2824254	2826772	2519	54.55	14	481
2827941	2828110	170	338.01	284	587
2828493	2828586	94	477.41	483	657
2828894	2828997	104	118.07	124	154
2829218	2829723	506	197.44	202	356
2830067	2830078	12	57.25	62	67
2830127	2830136	10	24.40	30	30
2830182	2831122	941	132.13	114	362
2831628	2831804	177	15.70	16	31
2831850	2832564	715	162.81	125	449
2832610	2836093	3484	109.61	96	529
2836134	2836137	4	13.25	18	18
2836181	2837265	1085	9.63	9	123
2837993	2838052	60	28.28	26	43
2838086	2838246	161	1.88	2	3
2838722	2838915	194	1.21	1	2
2839397	2839547	151	1.01	1	2
2839596	2841165	1570	53.59	13	315
2841212	2843267	2056	21.87	19	60
2843313	2843977	665	19.50	15	51
2844027	2848041	4015	114.67	9	2114
2848085	2848440	356	8.08	4	28
2848814	2848854	41	20.56	24	25
2849561	2849634	74	7.66	7	15
2849684	2854233	4550	7.59	4	95
2855054	2855086	33	5.15	5	6
2855132	2855707	576	43.92	8	219
2856660	2856720	61	18.84	16	32
2856764	2859047	2284	52.41	25	216
2859089	2859816	728	6.70	5	18
2860136	2860248	113	13.90	12.5	21
2860475	2862640	2166	9.89	7	39
2862675	2862696	22	1.91	2	3
2863121	2866417	3297	99.48	28	569
2866453	2866551	99	13.98	7.5	50
2867636	2868393	758	16.57	4	81
2868728	2868759	32	1.81	2	2
2869079	2869494	416	3.91	3	13
2869679	2871869	2191	1.59	1	7
2871915	2873991	2077	4.26	3	57
2874326	2874414	89	17.45	19	25
2874625	2877198	2574	17.79	8	180
2878001	2878218	218	80.11	60	152
2878565	2878823	259	47.43	47.5	87
2878869	2879955	1087	53.27	30	409
2880494	2881062	569	154.77	77	610
2881499	2881680	182	21.77	22	34
2882009	2882142	134	27.07	18	67
2882315	2882853	539	29.96	28.5	63
2883080	2883400	321	6.29	6.5	14
2883609	2884012	404	5.15	4	15
2884509	2884750	242	5.87	5	13
2884971	2885703	733	20.56	4	74
2886881	2887051	171	9.64	10	19
2887083	2892396	5314	15.18	10	85
2892441	2894349	1909	37.86	5	243
2894606	2894745	140	8.44	5	24
2895020	2895081	62	74.34	77	84
2895251	2895346	96	31.43	36	44
2895382	2895594	213	13.38	15	30
2895947	2896048	102	32.84	37	41
2896791	2909701	12911	17.59	13	140
2909745	2911664	1920	174.85	157	589
2911710	2916690	4981	12.05	5	177
2916730	2919124	2395	104.13	89	350
2919366	2919391	26	86.27	87	102
2920218	2920534	317	97.28	89.5	231
2920569	2920699	131	2.82	2	7
2920875	2922100	1226	5.48	5	23
2922438	2926566	4129	4.81	3	54
2927534	2927572	39	4.56	5	8
2927608	2927750	143	1.65	2	5
2927796	2927798	3	1500.33	2250.5	2281
2927870	2927897	28	7275.46	7983	7998
2928011	2928655	645	5189.94	6270.5	8022
2928761	2929002	242	7645.51	7950	7999
2929169	2930436	1268	5646.93	7505	8034
2930630	2930867	238	7704.20	7969	7999
2931017	2931032	16	5444.25	5743	6715
2931067	2931213	147	4005.98	4049	6561
2931247	2931321	75	311.93	326.5	647
2931392	2931402	11	3545.27	3930.5	4161
2931473	2931508	36	261.94	260	354
2931578	2931602	25	192.36	174	273
2931673	2931743	71	260.90	316.5	489
2933284	2933645	362	2909.39	3268	8015
2933759	2934404	646	5466.09	6880	8004
2934510	2936223	1714	6315.92	7858	8020
2936357	2936614	258	7698.19	7993	8000
2936764	2936960	197	4880.95	5151.5	7990
2936994	2937123	130	888.32	308	3953
2937194	2937229	36	193.11	192	279
2937299	2937323	25	233.68	207	361
2937394	2937464	71	292.37	323	698
2939006	2944521	5516	86.98	7	3050
2945279	2945304	26	13.42	14	16
2945675	2945713	39	13.36	13	23
2945750	2948025	2276	4.27	4	13
2948071	2949628	1558	49.82	45	164
2949674	2949684	11	20.00	21	26
2950105	2950125	21	913.24	962	1024
2951527	2951563	37	551.68	556	634
2952428	2952474	47	1243.36	1276.5	1523
2954561	2954577	17	329.18	328	481
2955046	2955121	76	207.74	209	240
2955377	2955422	46	120.37	119	184
2956233	2956243	11	133.73	144	160
2956631	2956822	192	167.73	154	628
2957702	2957730	29	63.76	66	79
2958502	2958518	17	105.06	116	122
2959149	2959150	2	40.50	81	81
2961044	2961148	105	11.71	5	49
