#start	end	length	mean	median	max
1420	1434	15	17.20	14	36
2005	2008	4	29.25	39	39
3026	3107	82	5.28	4	15
3810	3886	77	10.08	10	17
5039	5093	55	11.36	12.5	19
6420	6600	181	98.00	2	7596
6675	6699	25	4826.12	5417	7999
6771	6844	74	147.86	11	4624
7001	7069	69	38.72	42.5	46
8580	8914	335	1.37	1	7
11492	11633	142	19.06	14	50
14643	14692	50	29.26	27	56
15719	15730	12	18.67	20	21
16499	17086	588	7.32	5	39
18434	18446	13	14.85	17	19
19782	19787	6	17.67	22	22
22032	22049	18	0.94	1	1
23441	23521	81	7.15	7.5	20
26884	27871	988	2.17	1	16
28526	28596	71	131.30	123	365
29254	29373	120	7.84	8	15
32743	32820	78	35.35	30	95
33994	34002	9	118.56	134	159
34489	34593	105	38.38	41	78
35442	35650	209	25.94	10	389
35722	35985	264	94.48	1	4909
36460	36481	22	2.68	3	7
36718	36994	277	4.88	5	10
37667	37716	50	1.00	1	2
40300	40331	32	1.06	1	2
41628	42324	697	10.48	2	194
42637	42687	51	26.43	25	48
46372	46658	287	23.39	1	150
47022	47776	755	4.92	3	45
47894	48047	154	0.71	0	4
49558	49768	211	23.27	7	106
51047	51205	159	33.78	26	98
53537	54198	662	4.11	4	14
56251	56435	185	21.58	10	73
57288	57318	31	30.26	33.5	40
59338	59543	206	10.27	9	25
60645	60665	21	11.86	11.5	17
60828	60925	98	0.92	1	2
62317	62318	2	0.50	1	1
63426	63558	133	8.17	5	26
64744	65056	313	15.27	8	49
65174	65204	31	7.10	8	15
68009	68141	133	5.19	3	22
69840	69874	35	53.03	38.5	117
71057	71058	2	14.00	28	28
71650	71665	16	96.25	104	115
72047	72055	9	9.89	11	12
72236	72284	49	12.06	10	21
73821	73827	7	8.43	8.5	15
75868	75967	100	185.19	125	431
77144	77163	20	1.45	2	2
80281	80302	22	3.41	4	5
81275	81353	79	2.15	1	8
81639	81887	249	1.42	1	4
82137	82510	374	14.32	13	44
84023	84029	7	80.43	91	108
87235	87329	95	18.78	9	79
88158	88176	19	5.58	4	15
89260	89286	27	15.04	15	18
91421	91655	235	7.00	7	15
93626	93658	33	1.12	1	3
93920	93944	25	4.12	4	6
96120	96183	64	25.94	32	41
97084	97091	8	6.12	7	7
97875	97971	97	10.76	10	20
99169	99311	143	12.02	12	29
100614	100634	21	12.57	11.5	18
102447	102594	148	26.43	18	58
103213	103414	202	5.39	4	14
104630	105663	1034	10.47	1	309
106141	106272	132	26.36	10	121
107488	107548	61	10.85	10.5	18
108686	108732	47	6.45	8	9
109726	109777	52	6.08	7	9
111281	112177	897	11.99	1	112
114851	115145	295	92.82	34	563
118374	119141	768	13.88	2	118
119307	119337	31	1577.68	1800	2622
119554	119555	2	3991.00	7982	7982
121085	121142	58	2561.21	2601	5041
121299	121429	131	78.34	67	223
121583	121594	12	158.67	158	251
121666	121669	4	679.75	894	932
121744	121864	121	3513.46	3345	7971
124696	124844	149	1864.82	1648.5	7152
124953	125480	528	39.02	2	3085
127506	128857	1352	4.91	2	62
129992	130240	249	6.67	5	19
131447	131470	24	4.08	3	7
132692	132730	39	12.95	7	40
133769	133819	51	8.29	10	16
136028	136064	37	1.22	1	2
138056	138177	122	11.84	7	31
141343	141348	6	2.50	3	3
142402	142439	38	2.00	2	4
143136	143143	8	2.75	3	5
144302	144607	306	189.34	6	1261
144872	145126	255	278.91	63.5	1129
145643	145703	61	6.87	6	11
146322	146327	6	23.17	28	28
148106	148689	584	1.09	1	37
149725	149733	9	4.67	4.5	9
150706	150724	19	22.58	26.5	46
151847	152011	165	14.42	12	36
152756	153018	263	2.13	2	6
153112	154348	1237	5.17	3	21
155852	155872	21	19.86	20	24
157223	157256	34	9.29	9	20
158031	158163	133	38.48	23.5	111
159211	159243	33	23.09	19	48
160696	160812	117	43.59	44.5	76
161692	161875	184	26.14	25	70
163229	163240	12	24.42	26	29
163946	163967	22	122.27	148	171
164835	164844	10	29.90	33	35
165619	165836	218	27.29	13	92
166713	166732	20	45.35	35	82
167756	167970	215	50.65	44	109
169203	169217	15	15.00	16	18
170995	171024	30	9.03	10	11
172291	172329	39	24.64	28	35
174582	174610	29	16.31	16	31
175745	175756	12	42.67	50	50
177518	177950	433	1.18	1	4
178941	178967	27	3.37	2	10
181053	181184	132	31.27	4	195
183252	183272	21	50.33	59.5	64
184173	184356	184	65.44	62	156
184504	184594	91	78.85	44.5	223
185174	185325	152	107.16	70	310
186973	187170	198	7.78	6	20
187895	187902	8	27.00	30	33
188458	188601	144	13.39	10	36
189178	189791	614	13.41	0	138
191832	191863	32	29.75	31	33
194413	194477	65	13.14	12	26
194829	194901	73	35.08	20	91
197716	198747	1032	20.44	7	251
201841	201922	82	0.49	0	1
202895	203194	300	2.57	2	11
204533	204543	11	0.00	0	0
205543	205691	149	2.66	3	5
209370	209568	199	3.37	2	10
216181	216436	256	2.68	1	9
217772	218468	697	10.76	1	107
221520	221551	32	10.16	7	25
223055	224073	1019	12.75	5	184
226136	226215	80	75.91	75	110
226978	226997	20	18.40	16	39
229671	229729	59	43.41	38.5	100
230252	230288	37	84.62	95.5	168
230778	230913	136	92.96	65	472
231981	232185	205	24.85	1	163
232762	233042	281	356.94	9	2045
235866	236030	165	11.40	2	70
236292	237021	730	1.94	1	12
238439	238446	8	43.75	50	56
240299	240351	53	10.57	11	19
240595	240602	8	15.88	19	23
242181	242475	295	0.48	0	5
243164	243370	207	2.84	1	21
244154	244250	97	4.64	5	8
247898	247913	16	8.06	9	10
250552	251102	551	2.35	0	38
252086	252095	10	38.80	43	45
252594	252629	36	14.86	15	23
254392	255099	708	8.22	3	98
255646	255702	57	0.16	0	1
255922	256002	81	0.78	1	2
256468	257208	741	4.71	1	63
257698	257703	6	47.33	56	59
258340	258468	129	3.22	1	10
259861	259927	67	37.36	43	63
262619	262682	64	9.28	13	16
264066	264113	48	6.15	7	9
265408	265511	104	3.97	3	13
267467	267547	81	115.64	30	285
270011	270232	222	3.67	1	14
270727	270850	124	1.35	1	4
271472	271768	297	4.98	1	34
273290	273363	74	34.68	12	225
274882	274917	36	9.22	11	15
275584	275681	98	21.82	14	46
276356	276484	129	2.60	3	5
277181	277449	269	362.13	127	1257
278302	278348	47	140.40	133	188
279048	279065	18	1615.78	1750	1840
279540	279862	323	90.34	4	1188
280973	281139	167	29.93	33	53
281329	281599	271	82.07	11	306
281930	282028	99	149.12	182.5	281
283886	283994	109	40.88	61	76
284169	284746	578	8.59	1	84
285203	285251	49	12.04	7.5	35
286584	286681	98	10.31	7	41
289619	289648	30	81.37	90	96
290138	290173	36	11.39	12	15
291617	291658	42	18.26	18	36
292409	292417	9	52.89	59.5	69
293759	293938	180	3.83	3	11
295006	295802	797	11.24	1	235
297093	297114	22	351.59	383	423
298180	298482	303	4.74	4	14
298639	299239	601	1.09	0	14
301031	301037	7	16.43	17	31
302121	302167	47	16.81	13	38
302930	303004	75	16.72	13	52
303929	303981	53	23.15	22	42
304450	304538	89	11.57	12	18
305796	305833	38	9.87	12	13
306428	306472	45	8.80	7.5	15
306839	307044	206	52.97	40	173
307552	307691	140	64.56	61	179
308877	308932	56	8.04	5	16
310137	310186	50	13.98	12	22
310535	310764	230	11.50	4	49
313042	313386	345	6.87	3	55
314713	314736	24	0.00	0	0
316111	316333	223	0.92	1	3
317003	317084	82	0.96	1	2
318333	318598	266	2.75	2	11
320102	320256	155	6.08	2	49
320512	320596	85	20.20	11	47
321536	321594	59	118.86	136	165
324038	324043	6	54.17	65	66
325592	325596	5	47.60	59	61
326680	326875	196	77.61	52	204
328043	328182	140	91.56	106	192
328759	329360	602	78.13	1	656
330249	330265	17	4.41	5	5
335085	335386	302	1.65	2	6
335606	336709	1104	1.12	0	15
338000	338358	359	6.75	2	39
338779	338790	12	12.08	12	21
339661	339698	38	57.08	55	74
341028	341045	18	21.11	22	54
342027	342055	29	68.83	65	142
343288	343314	27	9.22	10	16
343885	344099	215	18.54	12	80
345647	345648	2	4.00	8	8
347136	347505	370	0.55	0	3
347812	347829	18	52.06	50	82
348190	348219	30	120.00	79	395
348475	348576	102	111.05	138	277
349846	349860	15	20.80	22	25
352519	353088	570	4.22	1	64
353515	353548	34	579.06	587	730
354635	354787	153	67.53	45	201
355817	355847	31	4.03	5	9
357024	357148	125	41.09	35.5	81
357476	357678	203	17.22	12	50
359170	359174	5	12.20	15.5	16
359802	359828	27	4.30	4	6
362149	362244	96	4.09	3	17
363514	363616	103	42.70	21	169
364517	364567	51	36.61	40	47
365081	365758	678	62.30	18	621
367733	367962	230	23.41	21	86
368869	368881	13	12.00	13	17
369839	369893	55	6.62	5	19
370794	370812	19	60.11	65.5	70
371380	371466	87	0.98	1	6
371617	371669	53	2.96	3	5
375195	375201	7	1.71	2	2
375745	376205	461	245.16	72.5	1271
376494	377270	777	4.03	2	21
378450	378632	183	15.07	12.5	36
380100	380104	5	2.80	3	5
380696	380798	103	4.12	3	12
381402	381413	12	3.83	4	5
382440	382484	45	5.16	6	7
384579	384598	20	11.05	10	21
385349	385445	97	38.31	44	62
386898	386913	16	4.19	4	6
387172	387326	155	1.09	1	5
388905	389220	316	2.54	3	7
389371	389783	413	0.64	1	2
391531	391579	49	16.63	19.5	27
392492	392506	15	19.93	21	25
392960	392990	31	25.58	11	61
393576	393621	46	48.96	46	75
394210	394233	24	45.96	45	119
397607	397609	3	36.00	54	59
398435	398499	65	9.63	10	16
400266	400344	79	7.32	6	28
400903	401384	482	1.20	0	52
403317	403349	33	5.73	6	9
403809	404182	374	2.30	2	10
404282	404844	563	1.67	1	6
405511	405537	27	14.70	16	21
405652	406073	422	19.72	1	97
406527	406538	12	71.67	76	123
406923	407059	137	34.61	36	63
407903	408043	141	48.07	45	111
408866	409241	376	6.64	1	53
412793	413330	538	1.91	1	7
414801	414905	105	5.93	3.5	15
416223	416234	12	13.17	14	15
418755	418918	164	54.17	7	206
419108	419186	79	85.92	90	193
420387	420528	142	244.93	195	532
420612	420643	32	779.16	772	1089
420713	420782	70	251.73	109	1667
421968	422040	73	233.42	230	357
422114	422353	240	612.87	382	7506
422891	422961	71	216.63	149	753
423397	423419	23	84.26	91	138
424116	424133	18	885.50	1016	1058
424656	424699	44	47.55	58	92
425075	425188	114	59.74	33	313
428996	429063	68	21.49	22	26
433363	433652	290	16.26	5	101
434349	434401	53	5.58	7	9
434690	434705	16	34.31	33	55
436325	436334	10	49.70	51	75
437616	437854	239	41.88	45	88
439394	439542	149	22.26	19	63
439849	439857	9	90.33	101	105
440194	441041	848	47.74	1	1301
441573	441588	16	2.62	3	3
442408	442756	349	5.79	2	28
446639	446640	2	5.00	10	10
449416	449673	258	15.95	7	67
453740	453803	64	19.42	20	43
455184	455222	39	39.77	21.5	89
457398	457478	81	34.02	34	78
458712	458750	39	48.10	50	67
459417	459791	375	50.14	5	412
460695	460925	231	5.35	2	22
461781	462020	240	3.97	0	21
463271	463308	38	1.66	2	3
464077	464144	68	9.40	11	16
465655	465842	188	0.41	0	6
466065	466239	175	17.66	1	64
468097	468125	29	44.07	52	65
469232	469362	131	8.46	6	19
470767	470772	6	0.83	1	1
471484	471523	40	0.45	0	1
472601	472797	197	10.31	8	32
473539	473550	12	3.67	4	5
476017	476043	27	22.96	22.5	32
476965	477023	59	0.97	1	1
478868	478873	6	12.67	14	17
481505	481603	99	4.18	3	9
481970	482160	191	0.74	0	4
483205	483395	191	20.48	16	53
485373	485391	19	23.11	23	37
486607	486738	132	39.34	35	91
489531	489544	14	400.29	432	471
490925	490951	27	115.26	122.5	132
492910	493018	109	33.94	20	106
495164	495455	292	11.25	2	67
496728	497854	1127	1.43	1	6
500166	500509	344	3.75	3	12
503307	503309	3	0.67	1	1
503362	503520	159	17.37	2	63
504946	504965	20	37.90	39	42
506367	506406	40	9.75	11	17
508962	508992	31	8.71	6.5	17
509491	509578	88	25.38	21	52
510332	510463	132	13.26	8	33
511472	511496	25	41.28	45	48
511746	511826	81	25.41	1	68
511971	512427	457	1.22	0	21
514472	515100	629	23.00	16	126
516136	516177	42	5.12	4	10
519685	519825	141	0.61	1	2
520603	520695	93	5.81	7	10
521407	521521	115	21.69	17	46
522710	522787	78	47.60	47	88
523217	523325	109	5.04	4	18
523932	523940	9	38.67	46	47
524946	525075	130	1215.98	527	3484
525412	525496	85	0.96	0	9
526022	526259	238	0.84	1	3
527652	528308	657	1.15	1	100
529338	529386	49	12.69	12.5	18
530866	530967	102	7.61	8	18
532306	532323	18	5.50	6	7
534460	534497	38	25.92	8	84
534756	534831	76	0.53	1	1
534988	535183	196	0.74	1	2
535454	535586	133	0.21	0	1
536994	537307	314	2.46	1	24
538081	538107	27	24.89	28	31
538585	538848	264	3.39	3	20
539200	539336	137	8.80	8	17
540465	540483	19	20.21	22.5	24
541564	541598	35	6.86	8.5	11
542058	542099	42	3.05	3	9
544269	544373	105	11.37	11	17
545220	545334	115	3.10	3	6
545455	545474	20	31.25	27	68
547683	548055	373	14.56	4	123
549676	549694	19	10.32	10	17
550148	550185	38	14.47	17	18
551416	551437	22	6.27	7	7
552002	552036	35	3.66	3	10
552925	553018	94	9.47	5	27
556340	556452	113	14.45	9	40
559272	559304	33	8.03	8.5	13
562185	562303	119	5.12	4	13
563027	563028	2	1.00	2	2
563137	563236	100	452.19	1	7999
563321	563707	387	30.70	3	768
565343	565597	255	39.66	24	104
565865	566082	218	11.00	6	77
568482	568738	257	2.76	1	15
569021	569138	118	3.93	4	10
570756	570885	130	24.05	21	41
572767	572859	93	41.86	29.5	84
574741	574776	36	50.14	50	101
575848	575868	21	21.86	26	31
579094	579285	192	45.63	42	139
581227	581338	112	6.34	6	28
582236	582555	320	24.12	0	605
582636	582671	36	644.03	550	3753
582742	582760	19	381.95	430.5	706
582843	582893	51	146.43	19	1307
582967	583381	415	14.31	7	226
585863	586045	183	32.37	31.5	78
586664	586679	16	12.06	13	15
586983	586993	11	53.09	59.5	64
588452	589281	830	17.75	3	144
590668	590713	46	57.65	60	99
595194	595466	273	11.68	1	198
595770	595796	27	5.04	6	10
595998	596191	194	4.22	4	8
598136	598182	47	15.15	14	22
600479	600852	374	0.97	1	6
602047	602237	191	96.10	54	254
605817	605929	113	27.35	26	73
607265	607400	136	0.37	0	2
608288	608456	169	6.97	1.5	46
611277	611604	328	7.75	2	60
611719	611805	87	75.78	47	293
612322	613417	1096	2.26	1	15
614318	614374	57	2.05	2	4
615065	615599	535	570.34	8	7998
616419	616440	22	22.86	21	69
619143	619361	219	14.50	12	40
621698	621860	163	2.25	2	10
622731	623024	294	2.73	2	8
623529	624088	560	8.18	0	174
624653	624786	134	5.28	5	10
626311	626538	228	13.14	7	56
627659	628222	564	6.36	6	19
629156	629157	2	1.50	3	3
629629	629640	12	15.75	17	20
631840	631858	19	51.11	55	59
633320	633336	17	16.41	18	20
634594	634619	26	6.77	7	10
635970	635983	14	15.07	14	21
638374	638375	2	15.50	31	31
640514	640564	51	7.35	8.5	12
642002	642006	5	11.00	14	14
643378	643411	34	24.32	22	53
643859	644701	843	4.21	1	109
645332	645385	54	25.44	24	44
646205	646277	73	24.53	25	41
647796	648155	360	2.88	1	70
649664	650027	364	6.90	4	24
650283	650501	219	19.50	7	153
651996	652187	192	165.48	108	562
653049	653147	99	45.19	47.5	71
653499	653504	6	52.83	64	65
653775	653801	27	68.78	75	91
654339	654616	278	35.52	16	137
656570	656574	5	25.60	32.5	36
657790	657918	129	14.07	7	39
658624	658639	16	0.00	0	0
659678	659709	32	14.84	12	39
662494	662540	47	308.32	116.5	975
662646	662691	46	155.33	119	298
663052	663084	33	131.76	120	199
663217	663322	106	1.54	1	3
663413	663693	281	2.85	2	16
664111	664151	41	3.76	4	6
665300	665325	26	4.27	4	6
666965	667172	208	13.20	2	64
668970	669074	105	22.41	24	51
670107	670198	92	17.74	10	50
670496	670511	16	20.25	22	25
671076	671243	168	63.40	19	249
672789	673102	314	50.72	29	242
677367	677400	34	17.41	20	25
678154	678217	64	18.95	20	28
678722	678727	6	100.83	121	123
679307	679539	233	37.30	29	117
680404	681231	828	20.37	1	177
681523	681773	251	108.20	45.5	557
682527	682587	61	25.25	28	39
683452	683531	80	14.41	13	30
684246	684405	160	20.58	20	50
685434	685440	7	37.43	44	44
686266	686282	17	59.94	64.5	77
686826	686927	102	21.53	8	55
690192	690199	8	3.25	4	4
691271	691302	32	116.16	129	142
693088	693459	372	1.94	1	7
694528	694831	304	1.53	0	9
696957	696972	16	2.06	2	3
698047	698159	113	10.65	6	64
699159	699168	10	15.30	17	18
701373	701522	150	34.97	32	87
701735	701959	225	38.08	2	229
702542	702670	129	1.41	1	4
703052	703160	109	4.52	3	10
703710	703738	29	406.66	46	2086
703820	703988	169	85.44	6	5544
704289	704302	14	12.79	14	14
705542	705602	61	20.51	17.5	38
706773	706851	79	2.10	2	5
706945	707034	90	59.20	60	125
707185	707248	64	22.97	31	37
707870	707887	18	46.56	51	58
708407	708425	19	8.42	8.5	14
709941	710006	66	0.18	0	1
710214	710432	219	0.30	0	1
711918	711966	49	6.45	5	13
715303	715435	133	2.71	2	6
716473	717153	681	0.82	1	3
717392	717590	199	66.20	40	178
719862	719892	31	43.13	44.5	67
720772	720891	120	119.70	145	237
723096	723141	46	6.67	3	31
723898	724298	401	23.52	11	116
724890	724918	29	15.10	18	19
726524	726603	80	10.66	11	33
727363	727792	430	1.15	0	11
728984	729018	35	20.11	22	37
729529	729733	205	3.17	3	8
731066	731107	42	1.57	2	2
732359	732500	142	3.32	3	8
732807	733010	204	1.85	1	5
735360	735394	35	1.57	2	2
737759	737787	29	1.38	1	3
740161	740255	95	5.36	6	13
740913	741220	308	4.29	3	16
742772	743257	486	7.35	6	23
744611	744807	197	34.09	18	123
745921	745973	53	27.51	27.5	45
747267	747274	8	16.25	19	21
747557	747631	75	172.52	180	275
749090	749391	302	158.67	136	436
749593	749792	200	32.88	1	701
750933	750981	49	327.29	335.5	470
752155	752462	308	28.48	12	303
753444	753477	34	6.76	7	9
756046	756172	127	1.61	2	5
757185	757239	55	23.44	22	38
758275	758283	9	8.89	9	15
759064	759067	4	40.00	52	56
759605	759668	64	10.34	10	21
760940	761175	236	40.78	9	214
763720	763887	168	30.96	6	127
764716	764745	30	51.80	54	63
765505	765536	32	18.25	17	27
766122	766209	88	22.51	0	101
766339	766873	535	3.20	1	31
767219	767242	24	8.00	8	11
767837	768014	178	19.20	17	38
768759	768765	7	8.57	10	10
769684	770080	397	8.32	7	31
771182	771225	44	0.45	0	1
771661	771785	125	1.84	2	5
773753	773986	234	3.48	0	19
774593	774828	236	8.78	2	36
774979	775088	110	1.85	2	5
777313	777399	87	5.67	3	22
778024	778092	69	46.87	55	80
778683	778730	48	8.29	7	16
779895	779915	21	17.81	17	26
780906	780974	69	9.01	7	23
782058	782109	52	55.37	58	66
783076	783313	238	1.71	0	33
784462	784522	61	6.51	5	22
785735	785747	13	9.69	10.5	18
787053	787086	34	6.03	7	7
788543	788806	264	92.39	54	382
790725	791222	498	13.02	7	194
791985	792071	87	22.93	20	64
792468	792625	158	8.68	5	27
795382	795627	246	0.53	0	18
795742	795898	157	14.08	2	247
795973	796035	63	88.05	7	1770
796780	796933	154	33.16	21	80
797666	797806	141	6.38	6	18
800346	801082	737	2.67	2	15
803447	803452	6	10.50	13	13
804209	804410	202	4.32	3	12
805761	805812	52	7.90	10	12
806458	806556	99	15.41	6	62
808642	808721	80	13.15	13	27
810873	810911	39	4.64	2	19
812243	812898	656	2.81	0	109
814273	814724	452	24.28	3	192
816056	816263	208	36.48	26	114
818493	818646	154	12.21	7	85
820621	821364	744	14.42	8	58
822469	822644	176	1.15	1	4
824925	825114	190	0.16	0	4
825262	825270	9	0.89	1	1
825406	825786	381	4.14	2	20
827029	827299	271	10.79	1	198
827375	827521	147	23.95	12	148
829241	829254	14	69.21	69	90
830272	830282	11	26.00	29	31
831147	831239	93	14.10	6	36
831957	832189	233	21.55	6	194
832661	832678	18	136.39	146	153
833291	833328	38	34.71	37	45
833797	833807	11	31.64	34.5	38
834618	834687	70	217.00	113	3087
834773	834967	195	257.06	172.5	4003
835793	835841	49	54.31	64	73
836817	836989	173	74.09	37	255
837780	837814	35	3.63	4	4
838055	838132	78	6.92	6	13
840764	840791	28	4.89	5	7
842671	842682	12	100.92	110	113
843265	843267	3	4.67	7	7
843802	844427	626	4.35	1	101
846393	846550	158	45.41	17	159
848909	848952	44	26.73	21	59
849661	849762	102	26.24	26	60
852538	852984	447	115.19	17.5	1136
853885	854473	589	0.89	1	3
854657	854670	14	346.43	414	1011
854741	854808	68	65.91	1	1969
857802	858462	661	2.84	1	27
859810	859816	7	14.14	16	19
860606	860646	41	15.49	10.5	46
861853	861888	36	3.94	4	8
862738	862776	39	30.72	29.5	52
863680	863719	40	12.93	8	26
864812	865153	342	13.50	9	65
872655	872690	36	18.08	18	23
873297	875993	2697	7.27	2	260
876339	876369	31	4.55	3	10
876947	876982	36	0.97	1	1
877148	877465	318	1.82	1	7
878693	878720	28	0.00	0	0
879921	879929	9	1.44	2	2
880290	880417	128	31.95	11	104
880823	880957	135	0.89	1	2
881270	881309	40	0.53	1	1
881988	882005	18	10.78	10	16
883341	883360	20	0.00	0	0
884207	884305	99	1.53	2	3
885662	885949	288	1.04	1	3
886274	886359	86	0.20	0	1
886834	887542	709	3.69	3	11
887969	888769	801	4.12	2	39
889796	889797	2	3.50	7	7
891661	892087	427	7.90	7	21
893348	893719	372	32.81	25	99
893855	894083	229	30.79	2	176
895131	895616	486	2.82	2	24
896913	897352	440	19.52	15	64
902541	902870	330	12.20	13	27
903762	903899	138	7.75	7	16
905270	905428	159	4.74	3.5	11
905519	905563	45	129.42	49	2773
905649	905766	118	31.74	2	988
907600	907893	294	0.06	0	1
909472	909578	107	18.07	19	36
911330	911359	30	2.63	3	4
912820	912907	88	1.09	1	2
914239	914523	285	2.25	1	14
915007	915009	3	22.00	33	33
915826	916049	224	50.09	23	169
916143	916329	187	2.89	2	9
917233	917458	226	8.97	7	24
918941	919027	87	13.72	2	62
919331	919386	56	5.66	5	9
922867	922879	13	23.15	25	26
926276	927138	863	3.98	2	19
927757	927842	86	1.85	1	3
929047	929122	76	2.84	1	18
930266	930327	62	6.73	9	13
932291	932393	103	0.00	0	0
933450	933549	100	0.57	1	1
934924	934935	12	0.00	0	0
935293	936199	907	9.31	4	57
936896	936999	104	0.89	1	2
938101	938191	91	0.23	0	1
939092	939339	248	2.05	2	6
940894	940927	34	50.09	61	79
941633	942020	388	2.54	1	13
942624	942678	55	1.38	1	2
943180	943202	23	43.70	47	48
944223	944334	112	162.64	77	412
947867	947884	18	12.33	13	17
949744	950049	306	26.82	24	62
950179	950239	61	2.59	3	5
951434	951471	38	8.68	7	18
953161	953353	193	29.91	37	66
954045	954290	246	1.49	1	5
955941	956167	227	3.28	1	12
956849	957035	187	3.55	1	35
957110	957388	279	23.79	2	2288
960440	960957	518	5.33	4	18
962560	962648	89	10.74	9	29
963438	963586	149	13.13	6	52
964748	964795	48	2.90	3	4
966377	966404	28	6.25	5	12
966651	966835	185	9.29	0	73
969059	969187	129	56.08	30	172
969728	970755	1028	13.00	1	157
971206	971319	114	70.14	68	129
971809	971827	19	8.42	9	11
973127	973183	57	10.51	11	14
973754	973880	127	14.55	6	42
975444	975793	350	18.50	20	36
976505	976724	220	3.08	3	8
977115	977659	545	2.13	1	155
977734	977791	58	73.72	7	1912
978906	979074	169	27.12	26	49
980422	980434	13	5.23	5.5	8
981113	981317	205	27.20	13	107
982539	982568	30	35.10	37	39
982902	982942	41	36.63	34.5	60
984367	984496	130	13.43	11	61
984722	984723	2	3.00	6	6
985138	985151	14	23.79	23	35
986706	986756	51	3.00	1	9
987237	987242	6	1.50	2	2
987630	987639	10	11.10	12	14
988351	988642	292	0.96	0	15
989891	990136	246	18.05	5	88
992294	992503	210	13.89	8	60
995209	995239	31	10.65	11	15
996539	996561	23	13.78	14	19
997282	997283	2	0.00	0	0
1001684	1001837	154	0.00	0	0
1002135	1002183	49	0.00	0	0
1003693	1005193	1501	9.93	2	151
1006520	1006526	7	15.29	18	18
1007484	1007488	5	1.40	1.5	3
1007960	1008030	71	25.68	26	48
1008805	1008825	21	9.67	10	12
1009831	1010000	170	20.80	17	86
1010379	1010381	3	49.33	74	75
1010886	1011061	176	181.85	120	637
1012805	1012863	59	48.47	49	67
1013296	1013325	30	5.77	7	8
1015923	1015936	14	4.43	4	7
1018189	1018224	36	1.69	1	6
1019458	1019687	230	27.76	26	105
1020084	1020112	29	148.00	161.5	194
1021229	1021250	22	2.68	3	4
1021983	1022032	50	58.24	69	98
1022360	1022416	57	23.95	28	42
1023896	1024176	281	20.84	9.5	85
1024420	1024488	69	4.09	4	7
1025197	1025200	4	5.75	8	8
1025864	1026967	1104	1.93	1	14
1027883	1028023	141	12.70	6	128
1028106	1028290	185	18.63	4	157
1029506	1029614	109	2.06	1	7
1031007	1031085	79	1.71	2	4
1032799	1032807	9	2.22	2	4
1034101	1034306	206	3.50	3	11
1036620	1036690	71	2.23	2	6
1037350	1037423	74	12.18	1	68
1038414	1038465	52	17.13	17	49
1039405	1039438	34	84.06	86	110
1043272	1043982	711	3.11	3	95
1044056	1044449	394	8.13	1	750
1046700	1046802	103	4.58	3	12
1047007	1047069	63	27.43	15	70
1048124	1048141	18	22.11	21	35
1048916	1049097	182	17.18	12	44
1050421	1050788	368	16.07	4	81
1051134	1051248	115	60.37	38.5	187
1051444	1051523	80	100.49	116	161
1052127	1052232	106	13.08	12	62
1054192	1055060	869	3.03	0	46
1055157	1055558	402	0.77	0	3
1055673	1055731	59	6.51	2.5	18
1056638	1056805	168	4.25	3	11
1057162	1057165	4	6.00	8	8
1057709	1057733	25	4.04	4	5
1058364	1058369	6	6.33	8	8
1058904	1058910	7	1.71	2	2
1059295	1059371	77	11.25	12	31
1060362	1060522	161	23.43	23.5	59
1062800	1063112	313	8.71	6	27
1063851	1063883	33	5.58	6	7
1066566	1066607	42	12.90	15	17
1068583	1068598	16	15.38	16	25
1069424	1070178	755	3.86	2	22
1071568	1071873	306	17.02	11	85
1073368	1073902	535	4.06	1	41
1075913	1075966	54	10.37	12	16
1076108	1076277	170	24.32	22	76
1079002	1079033	32	9.28	10	14
1079340	1079354	15	0.00	0	0
1080534	1080707	174	1.48	1	4
1085156	1085200	45	6.53	5	13
1086818	1086837	20	3.35	4	4
1086934	1087280	347	0.47	0	5
1089046	1089286	241	2.72	2	6
1089527	1089809	283	49.34	49	80
1091154	1091219	66	26.65	32	49
1091394	1091539	146	6.79	4	19
1092878	1092975	98	24.68	15	69
1093021	1093023	3	3.33	5	5
1094359	1094361	3	5.33	8	8
1095386	1095537	152	4.72	1	79
1096282	1096302	21	67.33	49.5	152
1098503	1098575	73	29.32	38.5	59
1101477	1101504	28	78.93	60	212
1102882	1102883	2	451.50	903	903
1105179	1105414	236	22.77	21	49
1107140	1107574	435	7.02	5	24
1108037	1108059	23	2.26	2	4
1109011	1109081	71	4.49	5	7
1110726	1110764	39	4.38	4.5	7
1112940	1112975	36	5.19	5	8
1113906	1115026	1121	503.23	1	7999
1115101	1115295	195	73.39	5	7255
1116484	1116526	43	29.02	28	43
1117403	1117411	9	31.11	36	36
1118306	1118349	44	2.30	1	6
1119763	1119829	67	10.01	8	29
1120184	1120204	21	16.10	17	19
1120889	1121291	403	31.17	10	119
1122735	1123119	385	0.50	0	7
1123537	1123558	22	23.82	25	29
1124150	1124173	24	14.67	16	22
1126190	1126285	96	31.71	13	76
1126583	1126797	215	11.78	7	36
1128505	1128806	302	36.32	24	109
1129943	1131195	1253	0.50	0	10
1131634	1131687	54	6.28	5	20
1133388	1133660	273	13.67	8	69
1134303	1134358	56	74.04	69	113
1134746	1134775	30	33.80	35	46
1135595	1135638	44	70.34	74	89
1136680	1136768	89	44.19	29	113
1138017	1138147	131	66.15	39	221
1139114	1139115	2	26.50	53	53
1140505	1140534	30	6.50	6	10
1142892	1142917	26	10.73	11	15
1143578	1143624	47	23.68	17	57
1144762	1144778	17	7.94	8.5	11
1145562	1145577	16	263.06	289	299
1146583	1146688	106	83.94	64	162
1147457	1147505	49	15.88	16	21
1148349	1148520	172	62.08	35	200
1149715	1149762	48	43.77	49	54
1150771	1150982	212	11.08	5	59
1151922	1151971	50	37.78	30	73
1153046	1153342	297	7.04	0	177
1153589	1153944	356	74.56	7	558
1154878	1154931	54	1.57	2	2
1155514	1155612	99	117.30	62.5	372
1156348	1157156	809	17.03	2	171
1158150	1158260	111	61.76	39	142
1158837	1158892	56	37.11	38	63
1160279	1160364	86	41.38	23	126
1161760	1161978	219	8.94	8	21
1163059	1163096	38	11.92	7	43
1165566	1165875	310	18.32	12	66
1167097	1167156	60	350.90	17	6236
1167228	1167265	38	921.24	122	6671
1167337	1167433	97	135.74	15	5640
1170557	1170949	393	14.25	9	53
1173725	1173744	20	0.25	0	1
1175047	1175074	28	5.25	4	9
1178517	1178899	383	42.58	27	140
1180307	1180796	490	79.11	35	501
1181196	1181514	319	2790.50	1519	8012
1183295	1183505	211	3.19	3	9
1184676	1185142	467	1.40	1	13
1186834	1187176	343	7.33	0	112
1187531	1187609	79	89.29	78	157
1188945	1189070	126	153.94	133	317
1189959	1190149	191	22.71	2	103
1191599	1192172	574	1.11	1	12
1194762	1194982	221	1.14	0	14
1195541	1196235	695	8.29	5	58
1197643	1197676	34	9.79	7	40
1198430	1199096	667	32.90	19	111
1200438	1200574	137	23.47	12	124
1201124	1201160	37	6.08	7	7
1201815	1201835	21	1.71	2	2
1203021	1203362	342	1.39	0	38
1203828	1203876	49	11.02	11	17
1205257	1205537	281	1.48	1	9
1208088	1208192	105	47.22	39.5	82
1210188	1211051	864	5.92	0	39
1213680	1213710	31	27.61	31	37
1214161	1214223	63	34.05	39.5	65
1214294	1214489	196	331.22	5	1903
1215429	1215999	571	6.09	1	76
1216612	1216788	177	5.19	5	9
1220836	1221017	182	30.69	13	118
1222152	1222264	113	22.85	13	69
1223123	1223130	8	51.88	59	60
1224322	1224660	339	9.84	6	36
1225567	1225719	153	13.50	14.5	27
1227286	1227331	46	59.59	52	114
1228403	1228571	169	14.46	12	33
1230393	1231343	951	4.95	0	45
1231434	1231781	348	2.01	1	9
1232907	1233045	139	4.75	4	13
1234436	1234763	328	355.18	331	833
1235034	1235065	32	391.34	401	493
1235777	1235786	10	17.30	19	20
1235913	1236000	88	37.22	36	107
1237325	1237432	108	19.19	7	69
1239055	1239070	16	8.31	9	9
1242127	1242151	25	88.52	91	122
1243469	1244196	728	238.04	206	776
1248315	1248389	75	4.15	0	11
1248531	1248566	36	4.78	5	6
1248702	1249172	471	5.90	2	24
1249269	1249302	34	0.03	0	1
1250173	1250494	322	16.92	15	51
1251233	1251312	80	24.31	23	48
1253187	1253299	113	28.91	27	52
1253795	1254259	465	0.68	0	3
1255964	1256012	49	0.86	1	1
1257732	1257736	5	0.00	0	0
1259072	1259149	78	0.88	1	1
1260425	1260430	6	3.33	4	4
1261220	1261299	80	0.78	0	2
1263703	1263745	43	0.05	0	1
1264343	1264612	270	1.03	0	8
1265336	1265424	89	15.01	18	30
1266958	1266981	24	10.04	11	13
1269239	1270131	893	18.33	0	415
1272010	1272251	242	13.38	3	108
1273203	1273282	80	1.82	2	6
1273998	1274118	121	4.49	1	25
1275265	1275266	2	0.50	1	1
1276753	1276789	37	1.14	1	2
1277027	1277032	6	3.83	5	5
1277456	1277569	114	0.89	1	4
1278080	1278085	6	6.67	8	8
1279520	1279681	162	1.36	1	3
1283102	1283326	225	3.14	1	10
1283534	1284092	559	0.90	0	18
1284561	1284648	88	0.60	1	3
1285019	1285082	64	7.53	2	45
1287003	1287584	582	3.56	0	90
1289133	1289183	51	5.63	4	20
1291517	1291531	15	12.13	14	14
1292543	1292572	30	35.20	37	61
1294408	1294760	353	17.35	4	114
1296045	1296076	32	148.00	154	173
1296533	1296810	278	24.48	18	84
1297120	1297125	6	19.50	24	25
1298257	1298268	12	14.75	15	19
1298992	1299164	173	269.73	36	1189
1299480	1299600	121	0.60	0	2
1299802	1300038	237	13.07	13	25
1301497	1301524	28	16.75	17	20
1303394	1303403	10	24.40	27	28
1304106	1304316	211	39.51	2.5	322
1305940	1306049	110	18.78	12	49
1308156	1308363	208	22.09	2	93
1309699	1310024	326	16.76	2	536
1310133	1310251	119	1.70	1	3
1310378	1310389	12	27.92	22	74
1311344	1311661	318	22.91	1	291
1312966	1312985	20	8.45	9	18
1313667	1313712	46	412.57	232	960
1314457	1314542	86	41.71	44	65
1315149	1315402	254	51.98	2	5643
1315474	1315752	279	41.21	0	4694
1317538	1317574	37	17.92	19.5	21
1319159	1319568	410	8.91	4	31
1320904	1321938	1035	3.58	1	58
1324567	1324583	17	72.18	69.5	105
1325643	1325680	38	29.05	7	310
1325753	1325890	138	48.78	14	881
1326620	1326636	17	12.88	10	25
1327249	1327273	25	19.24	22	35
1328270	1328438	169	8.07	8	16
1329672	1329686	15	60.47	66.5	71
1332209	1332217	9	24.56	27.5	32
1334350	1334550	201	251.19	126	932
1334641	1334673	33	56.09	41	181
1334950	1335063	114	78.11	60	220
1335553	1335587	35	98.80	101	117
1337982	1338073	92	90.79	81	145
1338331	1338380	50	1.22	1	2
1339772	1339808	37	0.73	1	1
1340876	1341459	584	44.86	1	6524
1341568	1341716	149	1273.61	807.5	7996
1344548	1344668	121	2315.08	1421.5	5862
1344743	1344746	4	1568.00	2648	2910
1344818	1344829	12	186.17	76	795
1344983	1345113	131	42.15	37	116
1345270	1345327	58	1497.90	1605	2712
1346857	1346858	2	3956.00	7912	7912
1347075	1347105	31	785.23	808.5	1464
1347271	1347510	240	22.50	15	73
1347607	1347659	53	169.89	176	197
1349289	1349367	79	1014.22	1189.5	2322
1350295	1350303	9	51.22	51	81
1351531	1351771	241	25.77	1	113
1351925	1351982	58	6.26	6	12
1352547	1353084	538	2.87	0	41
1353589	1353893	305	9.87	10	28
1355157	1355491	335	13.00	8	48
1356572	1356674	103	45.72	28.5	194
1357593	1357613	21	37.43	39.5	45
1358859	1358987	129	58.22	31.5	163
1360149	1360174	26	18.81	20	22
1360628	1360692	65	7.89	8	12
1362853	1363033	181	6.99	5	23
1364999	1365108	110	13.22	11	27
1365589	1366102	514	4.43	0	75
1368252	1368392	141	22.72	18	139
1369410	1369540	131	29.92	10	111
1371266	1371271	6	21.83	26	27
1372124	1372186	63	0.48	0	5
1374719	1374933	215	8.27	8	20
1375387	1375970	584	4.12	1	95
1377768	1377895	128	11.34	7	29
1378498	1378619	122	3.89	4	11
1379157	1379195	39	9.62	10	13
1380009	1380028	20	539.65	607	629
1380725	1380791	67	129.72	51.5	465
1382205	1382223	19	4.53	4	8
1383562	1383760	199	17.29	10	61
1386626	1386632	7	31.00	36	37
1387937	1387972	36	43.97	60	65
1388816	1389223	408	2.67	1	16
1390413	1390425	13	5.77	6	9
1391611	1391675	65	9.97	13	17
1392137	1392421	285	5.48	1	35
1394078	1394152	75	20.83	6	149
1394225	1394451	227	44.84	18	2048
1395556	1395707	152	170.26	74	790
1396278	1396330	53	32.72	34	68
1397242	1397291	50	27.54	22	55
1397856	1398891	1036	1.54	0	60
1399525	1399745	221	9.77	5	46
1401411	1401569	159	7.53	1	46
1402902	1402951	50	11.60	10	23
1403519	1403593	75	39.44	32	77
1403966	1404172	207	0.88	0	4
1405229	1405359	131	12.53	10	77
1406668	1406712	45	43.71	43	81
1408768	1409805	1038	8.71	1	78
1410223	1410603	381	38.03	23	169
1414168	1414315	148	25.32	20	50
1416490	1416519	30	6.93	8	15
1416982	1417952	971	0.80	0	15
1418376	1418385	10	11.30	13	14
1419682	1419683	2	5.50	11	11
1420307	1420387	81	22.36	19	41
1421936	1422170	235	4.93	0	36
1422723	1422724	2	1024.00	2048	2048
1423739	1423767	29	1.07	1	2
1425244	1425729	486	7.87	8	20
1428117	1428255	139	10.62	7	34
1428718	1428747	30	12.27	15	17
1429627	1429733	107	2.74	1	10
1430940	1430942	3	2.67	4	4
1432282	1432327	46	16.43	18	27
1433238	1433290	53	112.36	112.5	143
1433921	1434033	113	57.84	40	119
1435380	1435450	71	33.06	23	102
1435937	1436416	480	5.18	4	18
1436546	1436742	197	24.16	18.5	70
1437421	1437733	313	6.97	5	19
1438703	1438707	5	60.60	75	80
1442196	1442229	34	3.56	3	7
1443682	1443943	262	1.88	1	6
1444217	1444477	261	4.02	1	23
1446157	1446165	9	11.89	13	16
1447468	1447500	33	23.52	22	38
1448101	1448122	22	53.82	56	58
1449458	1449492	35	67.37	70.5	78
1450495	1450582	88	51.94	25	119
1452317	1452441	125	83.54	54.5	225
1453318	1453390	73	16.73	16	34
1454810	1454889	80	8.65	7	44
1455163	1455343	181	3.73	3	9
1456628	1456692	65	5.32	7	10
1456801	1457804	1004	4.41	1	34
1459026	1459076	51	1.45	2	2
1460013	1460066	54	9.46	10	16
1462608	1462808	201	9.25	2	49
1463445	1463772	328	2.03	1	11
1465104	1465222	119	95.76	47	238
1466423	1466458	36	115.08	99	189
1469036	1469221	186	39.83	31	153
1470146	1470184	39	23.28	22	37
1471416	1471809	394	8.86	1	95
1473019	1473048	30	17.37	18	22
1476870	1476871	2	11.00	22	22
1477757	1477796	40	32.35	25	63
1478814	1478918	105	52.00	22	128
1480443	1480833	391	3.87	1	44
1481005	1481022	18	1.28	1	2
1481259	1481477	219	0.70	1	2
1482809	1483488	680	17.95	3	315
1484866	1485120	255	12.75	10	29
1486051	1486262	212	14.45	13	31
1487127	1487160	34	51.12	54	79
1487875	1487903	29	8.69	10	13
1490757	1491201	445	2.22	1	15
1491736	1492000	265	13.23	4	65
1493353	1493400	48	22.77	24	29
1493494	1493570	77	9.06	6	18
1495254	1495773	520	834.94	88	7168
1495985	1497148	1164	2.45	1	15
1499762	1500196	435	11.90	5	61
1501136	1501434	299	41.55	29	163
1503079	1503203	125	31.88	7	93
1505010	1505117	108	18.06	16	44
1506627	1506963	337	279.08	16	2436
1507132	1507469	338	17.74	2	217
1509176	1509226	51	12.59	13	18
1510895	1511241	347	2.60	1	12
1511398	1511954	557	5.71	1	81
1514484	1514626	143	5.83	5	14
1515201	1515203	3	6.33	9.5	10
1515888	1516075	188	16.58	16	57
1516757	1516823	67	5.30	5	8
1518687	1518970	284	2.01	1	8
1519828	1520058	231	61.97	8	812
1520133	1520442	310	58.58	12	363
1521667	1521795	129	0.29	0	1
1523812	1524674	863	3.09	2	11
1527355	1527447	93	0.65	0	3
1527613	1527691	79	3.71	4	7
1528118	1528885	768	2.79	2	15
1529300	1529385	86	0.71	1	1
1529710	1529997	288	1.17	1	5
1531315	1531452	138	4.90	4	10
1532299	1532318	20	0.00	0	0
1533654	1533671	18	13.56	14	15
1534350	1534389	40	0.00	0	0
1534702	1534836	135	0.93	0	4
1535242	1535369	128	36.56	18	114
1535730	1535738	9	1.78	2	2
1536939	1536966	28	0.00	0	0
1538194	1538487	294	1.56	1	3
1538686	1538789	104	0.44	0	2
1539255	1539283	29	0.00	0	0
1539857	1540099	243	2.13	2	8
1540457	1540465	9	0.00	0	0
1540985	1540999	15	0.00	0	0
1541225	1541249	25	0.00	0	0
1541529	1542121	593	1.88	1	8
1543333	1543349	17	1.59	2	2
1543959	1545079	1121	5.92	4	28
1548086	1548260	175	12.11	1	75
1548489	1548670	182	2.35	1	18
1549136	1549172	37	6.27	5	13
1549818	1549850	33	4.24	5	5
1550313	1550327	15	5.07	5	6
1551923	1551947	25	3.56	4	5
1554204	1554217	14	0.00	0	0
1555322	1555355	34	1.38	2	2
1555983	1556011	29	5.00	6	6
1558867	1558872	6	2.50	3	3
1559173	1559364	192	35.56	9	130
1560067	1560073	7	0.00	0	0
1561254	1561607	354	0.49	0	2
1561857	1561886	30	3.43	3	5
1563551	1563554	4	1.50	2	2
1565562	1565880	319	2.18	1	30
1566091	1566189	99	86.06	22	267
1566904	1566922	19	34.26	38	39
1569596	1569980	385	4.13	2	25
1571292	1571382	91	3.45	3.5	6
1573474	1573481	8	0.88	1	1
1573755	1574224	470	4.60	0	49
1574693	1574795	103	21.40	3	60
1576159	1576238	80	16.57	18	22
1578528	1578589	62	5.68	6	9
1579187	1580364	1178	2.82	2	25
1581313	1581332	20	0.30	0	2
1582317	1582382	66	0.85	1	3
1583259	1583759	501	1.78	1	12
1586187	1586199	13	4.92	5	7
1586746	1586830	85	80.16	11.5	236
1587497	1587518	22	0.00	0	0
1587624	1587748	125	0.42	0	1
1588518	1588608	91	0.69	0	3
1589923	1589939	17	0.24	0	2
1593255	1593331	77	7.58	8	12
1594247	1594694	448	1.43	1	4
1595650	1595844	195	0.55	0	3
1597483	1598143	661	1.93	1	8
1600258	1600259	2	2.00	4	4
1601076	1601102	27	6.04	6.5	9
1602834	1602848	15	10.67	10	18
1603953	1604021	69	5.96	3	19
1605459	1605656	198	0.83	0	3
1605882	1605922	41	6.02	7	9
1607246	1607374	129	5.13	3	15
1614235	1614239	5	0.40	0.5	1
1614579	1616501	1923	49.09	1	689
1617661	1617770	110	16.22	16	49
1618611	1618622	12	20.83	22	24
1619397	1619416	20	6.90	8	9
1620913	1620927	15	9.13	10	11
1622170	1622227	58	5.02	4	10
1622645	1622731	87	8.11	5	17
1623500	1623639	140	27.38	9	148
1624213	1624226	14	35.71	36	59
1624753	1624759	7	248.00	283	322
1624834	1624980	147	49.84	4	1312
1627671	1627896	226	4.57	3	17
1628035	1628577	543	2.01	1	22
1629004	1629020	17	4.12	4.5	9
1630959	1630997	39	0.56	1	1
1636079	1636150	72	0.00	0	0
1636727	1636734	8	3.50	4	4
1637059	1637993	935	5.77	0	108
1639080	1639156	77	21.78	22	38
1640219	1640227	9	109.67	123	126
1641670	1641686	17	86.59	95.5	106
1642554	1642670	117	6.43	6	13
1644624	1644710	87	14.33	13	26
1645947	1645973	27	18.78	11	42
1647489	1648671	1183	1.17	0	21
1650441	1650535	95	2.82	3	5
1651340	1651406	67	3.54	4	5
1652256	1652550	295	2.32	2	6
1652701	1653155	455	2.10	0	80
1654710	1654758	49	22.04	17	65
1655584	1655605	22	29.45	33	35
1656530	1656632	103	24.72	16	60
1657626	1657638	13	121.31	139.5	199
1660442	1660454	13	21.46	23	29
1662212	1662394	183	42.28	35	122
1665100	1665122	23	14.00	14	18
1665837	1665854	18	9.56	9	19
1666620	1666682	63	11.95	12	16
1667526	1668056	531	0.63	0	17
1669152	1669232	81	293.33	172	7998
1669305	1669522	218	89.15	11	5766
1671593	1671642	50	10.40	10	18
1673675	1673683	9	20.89	23	26
1674338	1674682	345	3.20	1	25
1678094	1678165	72	28.62	26	55
1678544	1678549	6	70.33	87	88
1680013	1680048	36	5.44	5	10
1681072	1681108	37	12.11	13	15
1682232	1682304	73	8.62	4	32
1685205	1685318	114	19.15	20	36
1686660	1686992	333	4.38	4	11
1687713	1688774	1062	16.36	1	250
1689924	1689930	7	268.57	313	324
1690363	1690402	40	79.95	83	100
1691575	1691601	27	55.78	43.5	104
1693153	1693253	101	47.86	47	103
1693656	1693889	234	82.82	13	395
1694643	1694673	31	68.74	71	105
1696615	1696647	33	23.15	23	34
1697338	1697386	49	21.63	21.5	56
1697843	1698042	200	1.11	1	3
1699473	1699504	32	13.66	17	18
1704202	1704264	63	6.48	6	12
1705453	1706130	678	2.92	1	16
1707466	1707575	110	23.20	1	84
1708776	1708881	106	61.57	52	131
1710544	1710995	452	65.69	17	331
1711796	1711911	116	1.20	1	3
1712200	1712407	208	1.20	0	15
1713473	1713524	52	12.88	14	18
1714677	1714812	136	84.18	67	216
1715236	1715303	68	66.24	23	235
1715949	1715964	16	44.19	48	50
1718548	1718753	206	20.54	13	65
1719738	1719865	128	23.45	12	69
1720007	1720024	18	7.56	8	11
1721333	1721349	17	21.88	23	26
1721851	1721860	10	5.00	6	6
1724311	1724665	355	9.58	4	58
1726176	1726412	237	5.77	3	17
1727832	1727901	70	13.73	10	25
1730240	1730465	226	19.34	10	79
1733451	1733479	29	41.93	36.5	83
1735268	1735294	27	15.56	16	20
1736516	1736597	82	68.13	68	121
1737219	1737234	16	14.69	16	17
1737442	1737598	157	5.82	4	21
1739453	1739483	31	26.84	32	32
1741629	1741730	102	41.06	38	80
1743123	1743444	322	40.12	37	91
1744356	1744607	252	4.30	1	27
1745248	1745268	21	18.57	17	41
1745926	1745952	27	23.30	23.5	28
1747225	1747249	25	72.48	81	90
1748510	1748581	72	7.01	7	9
1751050	1751166	117	25.44	26	47
1751838	1752130	293	89.02	4	6286
1752239	1752387	149	1266.05	811	7995
1755219	1755339	121	2268.17	1438.5	5687
1755414	1755417	4	1500.25	2551	2787
1755489	1755500	12	171.92	62	759
1755654	1755784	131	41.57	36	118
1755941	1755998	58	1508.40	1586	2758
1757528	1757529	2	3941.50	7883	7883
1757746	1757776	31	801.45	821.5	1498
1757942	1758397	456	10.96	1	76
1759789	1759811	23	0.96	1	1
1760172	1760321	150	0.74	1	3
1760418	1760578	161	19.51	15	56
1762184	1762481	298	62.97	0	435
1763736	1763844	109	6.90	7	16
1765328	1765365	38	2.32	2	5
1766063	1766551	489	2.87	1	32
1771541	1772305	765	178.18	10	1835
1773086	1773901	816	55.13	24	523
1774289	1774305	17	14.35	16	18
1774774	1775260	487	84.39	3	1007
1775861	1775869	9	5.11	6	6
1776572	1776603	32	2.72	2	10
1779098	1779579	482	0.65	0	6
1779769	1780112	344	10.66	5	55
1781148	1781159	12	3.67	4	5
1785132	1785242	111	8.28	5	21
1785962	1786234	273	1642.86	62.5	7999
1789998	1790057	60	117.48	84	242
1790841	1790860	20	133.85	135	165
1792907	1792944	38	24.16	12	95
1793917	1793938	22	24.86	26	33
1794299	1794321	23	62.52	69.5	74
1794685	1795027	343	1.57	1	23
1796538	1796741	204	3.94	3	9
1799001	1799069	69	6.70	7	12
1801413	1801496	84	6.31	8	10
1801899	1801937	39	3.64	2.5	12
1802580	1803482	903	33.89	2	683
1806144	1806621	478	130.42	1	817
1808737	1808754	18	17.78	18	26
1810282	1810423	142	46.09	16	192
1812530	1812722	193	27.78	29	64
1813026	1813107	82	15.21	6	110
1813177	1813208	32	284.69	1	1755
1813461	1813527	67	211.96	242.5	341
1813597	1813880	284	49.46	2	1421
1814904	1814905	2	6.00	12	12
1815386	1815420	35	7.54	6	16
1816837	1816848	12	31.83	35	40
1817710	1817783	74	37.85	40	60
1818234	1818431	198	31.22	24	94
1818969	1819016	48	4.73	5	8
1819665	1819767	103	3.67	3	8
1820191	1820310	120	5.46	6	11
1821235	1821275	41	2.88	3	5
1824141	1824186	46	16.85	16	24
1825797	1825945	149	49.14	20	169
1827371	1827389	19	3.16	2	13
1827564	1827619	56	9.41	7	22
1828436	1829524	1089	6.64	1	36
1831112	1831176	65	9.60	10	17
1832381	1832467	87	26.03	19	64
1832903	1832991	89	21.38	17.5	65
1835017	1835462	446	7.14	2	105
1837281	1837419	139	31.48	10	111
1839799	1839818	20	0.85	1	1
1842342	1842486	145	59.37	42	152
1843366	1844020	655	9.13	2	362
1845050	1845324	275	18.81	2	147
1845592	1845709	118	167.48	169	383
1847797	1848127	331	19.72	7.5	69
1850960	1851088	129	70.00	76	132
1851800	1851885	86	119.31	52	331
1853140	1853151	12	341.58	333	595
1853386	1853556	171	169.92	81	609
1855173	1855200	28	2.75	3	4
1856740	1856746	7	8.57	10	10
1857068	1857423	356	10.16	5	40
1858099	1858177	79	0.71	0	5
1859198	1859218	21	94.62	100.5	111
1859891	1859954	64	9.69	13	15
1864635	1864983	349	1.65	1	8
1865566	1865610	45	66.47	81.5	93
1866760	1866847	88	59.93	63	147
1867163	1867193	31	30.97	35.5	39
1867980	1868063	84	28.99	23	67
1868556	1868925	370	7.86	3	41
1870111	1870162	52	22.83	27	37
1870790	1870833	44	19.34	9	42
1873498	1874226	729	13.04	6	124
1874299	1874343	45	269.76	305.5	465
1874419	1874497	79	25.94	8	391
1875380	1875530	151	16.80	6	68
1875996	1876115	120	1.42	1	3
1877385	1877506	122	5.00	5	10
1879541	1879559	19	1.47	2	2
1881254	1881761	508	3.71	1	45
1886066	1886117	52	4.48	4	7
1888896	1889044	149	267.87	121	928
1889864	1890152	289	58.47	3	225
1893036	1893117	82	115.70	60	274
1894333	1894638	306	1.39	1	6
1894846	1895085	240	2.90	0	47
1895674	1895679	6	11.50	13	17
1896616	1896627	12	8.17	7	15
1898380	1898393	14	16.14	13	59
1899711	1899728	18	17.17	19	19
1902152	1902208	57	13.89	12	46
1902683	1903044	362	25.80	20	94
1905331	1905580	250	39.89	17	138
1906124	1906154	31	104.71	123	155
1906845	1906942	98	165.08	70	380
1907033	1907135	103	187.29	119	457
1908195	1908236	42	38.69	39	52
1908462	1908695	234	30.97	17	181
1910715	1910758	44	17.95	14	34
1912039	1912309	271	4.65	4	12
1914410	1914482	73	24.55	26.5	38
1915977	1916000	24	9.88	9	22
1916610	1917176	567	43.26	2	272
1917250	1917456	207	181.36	4	7425
1918108	1918242	135	72.36	45	386
1919518	1919599	82	8.82	8	17
1920793	1921013	221	168.24	128.5	547
1921224	1921396	173	17.03	4	101
1923068	1923544	477	3.42	3	13
1925510	1926294	785	8.99	1	59
1927108	1927212	105	12.25	10	24
1928578	1928682	105	67.54	45	164
1929916	1930476	561	18.22	13	148
1936792	1936859	68	156.91	113	471
1937222	1937241	20	0.80	1	1
1937353	1937449	97	0.70	1	2
1938371	1938380	10	6.60	8	8
1939371	1939820	450	31.15	2	161
1945014	1946176	1163	95.01	2	2362
1946312	1946316	5	117.00	146.5	148
1946695	1946722	28	11.07	11	17
1949122	1949138	17	37.24	41.5	58
1951256	1951283	28	39.00	43	47
1952061	1952075	15	18.87	23	28
1953207	1953414	208	11.45	13	21
1955564	1955573	10	4.50	5	5
1956027	1956109	83	10.75	3	36
1956461	1956627	167	31.51	33	66
1957123	1957263	141	1.88	1	5
1958422	1958663	242	12.95	10	61
1959846	1959976	131	9.18	5	51
1960145	1960159	15	64.00	70.5	73
1960451	1960453	3	14.33	21.5	23
1964397	1964670	274	3.22	1	26
1964794	1965187	394	10.36	4	67
1965707	1965744	38	6.95	6	10
1965910	1965957	48	1.52	2	2
1966615	1966658	44	4.05	5	6
1966947	1967021	75	16.53	11	47
1968999	1969342	344	7.71	2	106
1970709	1970722	14	6.57	7	8
1971548	1971578	31	9.90	13	14
1972935	1973067	133	13.14	10.5	30
1974538	1974590	53	8.85	10	13
1975608	1975620	13	6.31	7	8
1976629	1976663	35	1.43	1	5
1978104	1978318	215	99.14	88	237
1979004	1979057	54	8.74	7	16
1981080	1981154	75	27.17	18.5	59
1983240	1983405	166	38.01	15	150
1984624	1984704	81	4.90	0	21
1986348	1986490	143	34.63	40.5	76
1987148	1987704	557	2.43	1	25
1987930	1987995	66	18.77	18	33
1988503	1989564	1062	18.82	16	55
1989949	1991099	1151	6.37	4	33
1991871	1992416	546	5.90	2	28
1992993	1993601	609	17.27	12	57
1994298	1994577	280	13.10	13	44
1994635	1994725	91	6.04	6	14
1996013	1996142	130	10.95	8	24
1997423	1997429	7	14.57	18	20
1999855	1999888	34	7.41	6	31
2000834	2000920	87	35.61	23	154
2001440	2001517	78	139.71	135	216
2002235	2002319	85	27.55	13	90
2004309	2004521	213	6.06	3	17
2004849	2004987	139	0.45	0	1
2005439	2005441	3	0.67	1	1
2006777	2006779	3	0.67	1	1
2007398	2007934	537	27.20	14	99
2008778	2008930	153	25.93	25	53
2010263	2010371	109	34.18	10	92
2010852	2010859	8	139.50	160	163
2011850	2011864	15	101.67	100	148
2012468	2012629	162	120.63	100	247
2013014	2013027	14	73.93	78	96
2013406	2013440	35	22.26	24	31
2013555	2013573	19	29.79	19	88
2013790	2013794	5	67.60	84.5	86
2014578	2014579	2	145.50	291	291
2015918	2015924	7	166.29	183.5	250
2016369	2016396	28	28.50	26	66
2016571	2016592	22	145.14	152	155
2017109	2017116	8	19.38	22	23
2017459	2017479	21	173.00	176	283
2018029	2018049	21	89.67	94	107
2018443	2018495	53	41.51	36	110
2018763	2018766	4	160.75	216	218
2019325	2019326	2	56.00	112	112
2019645	2019669	25	2.64	2	9
2020033	2020036	4	90.75	123	127
2020289	2020304	16	56.69	55	94
2020497	2020504	8	35.88	40	49
2020937	2020959	23	11.61	12	17
2021698	2021706	9	204.56	233	253
2022055	2022165	111	47.77	53	82
2022433	2022457	25	39.92	40	58
2023280	2023288	9	30.78	34	37
2023580	2023596	17	50.41	47.5	81
2024224	2024225	2	79.50	159	159
2024841	2024865	25	62.72	61.5	107
2025169	2025186	18	57.67	58	89
2027308	2027322	15	27.80	29	34
2027797	2028035	239	37.10	30	98
2028438	2029063	626	2.69	2	32
2030348	2030555	208	12.27	1	65
2031813	2031836	24	79.08	98	127
2036552	2036578	27	10.56	11	16
2037998	2038273	276	60.15	15	446
2039276	2039739	464	14.44	2	240
2040898	2041281	384	40.18	2	356
2042980	2043009	30	14.57	14	19
2043655	2043713	59	11.49	11	19
2044647	2044652	6	20.67	24	27
2045670	2045770	101	7.37	5	14
2046223	2046304	82	17.94	16	36
2047598	2048306	709	24.42	16	119
2048493	2048513	21	507.52	543.5	572
2048751	2048975	225	28.50	7.5	96
2051241	2052477	1237	8.19	4	64
2057012	2057307	296	3.63	3	11
2058193	2058549	357	8.77	6	33
2058652	2058702	51	4.16	4	8
2059871	2060141	271	17.07	11	65
2061261	2062053	793	14.68	9	92
2063143	2063357	215	0.71	1	2
2064408	2064776	369	5.05	3	19
2066781	2066812	32	24.72	13	57
2067577	2067849	273	888.21	10.5	6205
2068018	2068359	342	224.68	10	2446
2068394	2068430	37	136.86	160	168
2068465	2068501	37	26.78	20	81
2068536	2068574	39	88.41	98.5	115
2068609	2068645	37	56.19	58.5	74
2068680	2068720	41	134.37	173.5	177
2068755	2068794	40	59.75	71	75
2068829	2068867	39	137.67	160	180
2068902	2069304	403	2.88	3	12
2069593	2069614	22	2.50	3	4
2072708	2072770	63	2.89	2	7
2074668	2074683	16	2.25	3	3
2075872	2075875	4	1.25	2	2
2078955	2078972	18	17.11	17	24
2079189	2081549	2361	5.14	3	47
2083425	2083460	36	7.75	8	10
2085258	2085266	9	9.11	10.5	13
2085717	2085723	7	3.43	3.5	6
2086928	2086970	43	18.49	18	31
2087130	2087240	111	36.32	22	84
2088117	2088272	156	45.53	40	130
2088909	2088931	23	16.83	20.5	27
2090943	2090960	18	6.17	7	10
2091675	2091737	63	4.97	5	12
2093079	2093224	146	14.36	8	77
2094215	2094726	512	2.46	2	13
2095084	2095382	299	3.87	2	16
2097882	2098453	572	2.24	1	15
2099189	2099359	171	32.56	40	71
2101010	2101122	113	31.98	33.5	66
2102454	2104315	1862	261.71	96	2480
2104577	2104578	2	2.00	4	4
2106102	2106123	22	1.36	1	3
2109449	2109461	13	1.00	1	2
2112361	2113010	650	1.53	1	17
2114940	2114945	6	28.00	34	35
2117487	2117654	168	9.63	9	17
2118624	2118849	226	20.16	3	534
2118924	2119172	249	356.41	26	1681
2124291	2125071	781	33.64	0	578
2125603	2125633	31	29.39	33	36
2126156	2126166	11	14.55	16	19
2126674	2126682	9	0.44	0	3
2129260	2129886	627	4.87	1	35
2130466	2130478	13	1.31	2	2
2130929	2130957	29	113.14	118	130
2133469	2133504	36	68.28	60	121
2134891	2134999	109	34.62	25	73
2135789	2135991	203	8.50	1	46
2136667	2136700	34	11.03	12	15
2137610	2137680	71	4.76	4	11
2138295	2138487	193	4.03	4	8
2138962	2139324	363	3.54	2	17
2140054	2140188	135	4.84	4	10
2141197	2142357	1161	2.68	1	15
2143450	2143469	20	52.65	54	68
2144223	2144488	266	27.18	4	99
2148131	2148223	93	44.20	47.5	73
2148602	2148616	15	51.07	59	62
2148992	2149248	257	132.47	62	774
2149522	2149775	254	84.11	28	431
2150643	2150673	31	17.55	19	21
2151325	2151432	108	41.60	23	180
2152102	2152169	68	88.04	67	285
2153148	2154314	1167	37.37	4	7999
2154388	2154747	360	47.86	1	7571
2156504	2157712	1209	3.17	2.5	15
2158514	2158561	48	17.04	15	31
2159048	2159110	63	16.22	14	30
2160473	2160479	7	38.00	42.5	52
2160684	2160689	6	2.00	2	3
2161092	2161139	48	46.38	53	58
2162163	2162255	93	44.28	10.5	104
2163309	2163354	46	30.72	28	68
2164450	2164473	24	3.92	4	7
2164930	2164937	8	29.50	34	35
2165667	2165680	14	51.50	59	59
2170815	2170938	124	206.02	23	6399
2171047	2171195	149	1261.55	764	7990
2174027	2174147	121	2305.82	1470	5744
2174222	2174225	4	334.75	558	653
2174297	2174308	12	194.00	78	819
2174462	2174592	131	34.04	24	121
2174749	2174806	58	1453.67	1525	2658
2176336	2176337	2	3953.50	7907	7907
2176554	2176584	31	790.10	826.5	1500
2177479	2177517	39	3.64	3	6
2178688	2178979	292	2.42	0	24
2179454	2179467	14	2.93	3	4
2181749	2181932	184	21.77	6	93
2183472	2183499	28	18.46	20	23
2184595	2185671	1077	3.40	1	181
2186653	2186710	58	30.33	23	65
2187128	2187129	2	50.00	100	100
2187601	2187664	64	15.98	18	20
2188721	2188779	59	55.61	59.5	95
2189962	2190122	161	54.51	14	3753
2190290	2190369	80	435.86	7	7435
2191276	2191316	41	6.49	6	11
2191668	2191740	73	2.78	2	5
2192998	2193410	413	6.96	2	51
2197956	2198379	424	8.40	4	32
2200705	2200714	10	12.60	14	14
2205503	2205610	108	217.17	125	499
2206723	2206738	16	17.44	20	22
2208020	2208616	597	11.86	0	88
2210279	2210367	89	1.09	1	2
2211361	2211513	153	13.33	11	33
2213134	2213315	182	1.63	1	5
2213448	2213574	127	0.62	0	3
2213707	2213782	76	267.95	68	870
2213857	2214138	282	20.12	8	1449
2214637	2214833	197	48.41	17.5	262
2215515	2215635	121	94.40	7	421
2216746	2216760	15	2.07	2	3
2217538	2217598	61	4.39	5	7
2221300	2221371	72	4.81	5	8
2221570	2221610	41	8.34	8	11
2222721	2224071	1351	5.73	3	43
2224246	2224360	115	1.22	1	4
2224611	2224774	164	1.23	1	3
2224925	2224965	41	2.71	4	4
2225202	2225324	123	38.54	2	136
2225901	2226055	155	26.54	6	159
2226460	2226686	227	73.32	1	3944
2227656	2227772	117	5.44	6	12
2228580	2228634	55	45.51	46.5	71
2229712	2230030	319	6.53	1	37
2230301	2230313	13	75.92	88.5	97
2231322	2231465	144	19.07	11	51
2232342	2232527	186	13.60	11	45
2233640	2233851	212	5.44	3	25
2235362	2235706	345	2.09	1	8
2236286	2236313	28	0.00	0	0
2237784	2237836	53	0.13	0	1
2239001	2239141	141	4.57	2	13
2240051	2240066	16	0.69	1	1
2241438	2241460	23	0.00	0	0
2243471	2243499	29	2.62	2	8
2245162	2245787	626	7.64	1	88
2246265	2246273	9	22.78	22.5	40
2246457	2246638	182	69.35	15	327
2247644	2247724	81	39.06	42.5	89
2248622	2248686	65	46.68	51.5	73
2249998	2250050	53	7.09	8	10
2253348	2253392	45	94.64	103.5	139
2254708	2254908	201	14.96	13	41
2255488	2255526	39	13.77	14	18
2256862	2257025	164	5.22	2	17
2257746	2257756	11	17.73	19	21
2259260	2259889	630	5.34	1	94
2260373	2260375	3	9.33	14	14
2260562	2260654	93	20.33	12	322
2260728	2260849	122	22.22	7	637
2261033	2261061	29	6.21	6	8
2261950	2261988	39	3.23	3	5
2262733	2263082	350	2.90	1	90
2264082	2264107	26	24.00	20	44
2264531	2264536	6	39.83	46	55
2265932	2266806	875	3.10	2	14
2268852	2268890	39	7.95	6	34
2271757	2271948	192	6.76	6	20
2272057	2272193	137	21.64	2	80
2273631	2273677	47	19.19	22	25
2274245	2274556	312	13.92	8	50
2274867	2274869	3	5.33	8	8
2275106	2275108	3	0.67	1	1
2276133	2276774	642	11.12	7	73
2278062	2278102	41	2.88	3	4
2279060	2279280	221	66.47	19	257
2280025	2280030	6	70.83	88	93
2280901	2280922	22	71.82	74	81
2282666	2282723	58	28.91	25	59
2283204	2283291	88	3.47	2	9
2284496	2284949	454	6.21	1	332
2285022	2285355	334	103.38	3	6334
2286592	2286612	21	61.38	63.5	88
2287225	2287266	42	76.71	59	140
2287894	2287901	8	38.75	44	48
2288634	2288659	26	28.27	30	34
2289857	2289889	33	67.52	66	107
2291243	2292022	780	6.44	2	73
2293337	2293373	37	6.00	5	18
2293707	2293845	139	6.09	1	22
2295869	2295900	32	10.94	12	16
2297239	2297258	20	60.00	65	73
2297997	2298380	384	61.50	1	484
2299392	2299563	172	296.35	159	1031
2300895	2300945	51	1.39	2	2
2302337	2302339	3	1.33	2	2
2302571	2302744	174	1.95	1	9
2303540	2303752	213	76.15	35	309
2304632	2304875	244	33.64	13	156
2308895	2308932	38	17.00	18	20
2309500	2309606	107	2.34	1.5	15
2310021	2310520	500	1.67	1	22
2316245	2316260	16	28.00	29	38
2317203	2317339	137	21.68	22	33
2318954	2319231	278	16.28	7	116
2320249	2320421	173	19.29	16	68
2320674	2320763	90	15.93	13	30
2321016	2321041	26	24.38	28	30
2323898	2324024	127	234.80	0	6656
2324106	2324138	33	671.27	193.5	6978
2324222	2324311	90	209.17	163	2518
2324385	2324572	188	46.04	3	4193
2324855	2324937	83	57.05	31	188
2325118	2325390	273	62.39	26	415
2326663	2326699	37	352.32	394	435
2327783	2327859	77	25.83	5.5	71
2329588	2329762	175	6.50	3	26
2331665	2331719	55	84.82	99.5	119
2333058	2333086	29	25.55	24	40
2334548	2334741	194	21.29	12	654
2334810	2335074	265	66.74	1	7331
2335426	2335565	140	1.91	1	6
2337812	2337852	41	21.07	22	29
2338819	2339002	184	3.22	2	12
2339558	2339579	22	4.86	4	8
2339847	2339928	82	3.99	3	8
2342802	2343476	675	3.54	2	18
