#start	end	length	mean	median	max
1522	2051	530	2.61	1	18
3258	3279	22	2.18	2	3
4995	5239	245	3.10	2	17
7265	7301	37	2.30	2	3
9816	9913	98	2.30	3	4
10826	10886	61	0.00	0	0
10961	11111	151	8.68	5	22
11185	11574	390	2.05	2	86
11678	11873	196	0.78	0	4
12309	12467	159	10.48	3	169
13014	13132	119	12.22	11	24
13556	13713	158	3.01	3	8
13993	14088	96	10.09	9	16
14875	14913	39	5.44	6	8
23735	23860	126	3.95	3	9
25442	25643	202	2.03	2	6
25727	25912	186	6.90	5	72
26879	27022	144	0.66	1	2
27440	27594	155	0.00	0	0
29205	29244	40	3.35	3	4
29605	29721	117	0.95	1	3
31066	31188	123	18.76	17.5	38
31504	31513	10	9.40	11	11
31817	32056	240	26.94	25	68
33152	33223	72	1.83	2	6
33551	33581	31	1.52	2	2
33792	34294	503	1.07	0	8
38945	39055	111	1.26	0	5
39827	39876	50	3.62	4	5
41200	41303	104	1.36	1	4
41910	42003	94	3.37	4	7
42349	42432	84	2.24	2	8
43363	43561	199	4.85	5	11
46469	46580	112	5.61	6	10
47205	47365	161	0.34	0	1
48098	48232	135	2.91	3	4
49025	49042	18	1.89	2	2
49937	50020	84	114.12	127	200
51122	51184	63	67.10	65.5	88
51725	51827	103	6.19	5	15
52695	52830	136	2.98	2	19
53242	53662	421	5.45	5	14
57971	58191	221	1.92	1	6
58480	58585	106	4.53	5	9
59078	59121	44	2.93	2	7
59374	59408	35	1.46	1	4
59865	59895	31	0.97	1	1
63018	63199	182	1.46	2	3
63890	63908	19	1.05	1	2
64965	65011	47	3.55	3	5
65348	65551	204	5.42	5	12
66692	66922	231	2.22	2	6
68360	68619	260	51.90	30	147
71557	71588	32	3.69	2	7
72220	72273	54	2.91	4	4
74509	74628	120	4.22	4	11
75196	75300	105	0.15	0	1
76210	76236	27	0.96	1	1
78894	79094	201	9.54	5	41
79205	79207	3	9.67	14.5	15
79292	79485	194	0.75	0	6
80191	80217	27	1.70	1	3
80548	80623	76	1.34	1	5
81671	81675	5	4.80	6	6
82666	82747	82	2.59	3	5
83981	83995	15	0.93	1	1
85166	85182	17	5.00	6	7
85570	85635	66	1.91	2	3
86464	86527	64	0.00	0	0
87131	87207	77	1.12	1	4
88002	88203	202	46.69	0	344
89478	89574	97	52.89	17.5	173
89917	89923	7	10.29	12	12
92320	92327	8	3.50	4	4
93276	93288	13	1.69	2	2
93949	93950	2	0.00	0	0
96890	96926	37	0.59	0	2
97599	97739	141	7.95	8	13
98349	98479	131	1.47	2	4
99248	99683	436	0.86	1	3
100449	100582	134	11.51	2	30
103661	103709	49	2.10	2	3
105213	105323	111	13.89	8	35
106713	106733	21	3.52	4	5
108149	108155	7	5.00	6	6
109776	109782	7	1.71	2	2
117537	117713	177	1.16	1	6
119697	119914	218	6.03	5	16
122171	122316	146	0.79	0	5
123829	123979	151	0.75	0	9
124262	124373	112	0.04	0	1
125568	125642	75	9.03	7	19
130539	130894	356	33.60	3	155
131102	131381	280	1.61	1	21
132870	133019	150	2.21	2	4
133767	133949	183	0.58	0	3
136005	136288	284	1.37	1	6
137243	137318	76	0.83	1	1
137907	137940	34	0.00	0	0
138511	138512	2	3.00	6	6
139671	140266	596	29.93	31	57
141020	141199	180	3.45	0	29
143874	144048	175	0.95	1	3
145624	145626	3	0.00	0	0
147769	147907	139	4.46	5	9
148340	148490	151	0.23	0	1
149222	149532	311	2.23	2	8
150994	151147	154	5.48	1	19
152213	152323	111	8.77	10	13
154176	154178	3	1.33	2	2
154229	154231	3	0.67	1	1
155597	155666	70	1.16	1	3
156444	156577	134	3.99	4	7
157598	157846	249	1.30	0	12
158300	158314	15	7.40	8	8
159656	159699	44	0.48	0	2
160780	160868	89	6.43	6.5	14
161472	161770	299	1.10	1	5
163247	163365	119	7.74	2	30
164689	164711	23	50.83	50.5	88
165258	165322	65	0.34	0	2
165824	165826	3	0.67	1	1
166847	166909	63	0.79	0	2
167679	167710	32	2.66	1	8
168635	168703	69	10.16	13	20
170180	170283	104	1.12	1	2
171124	171214	91	9.23	3	45
172166	172210	45	6.22	5.5	14
173141	173237	97	0.64	1	2
174756	174832	77	49.32	57.5	69
175691	175699	9	3.56	4	4
176950	177542	593	1.37	1	6
179307	179318	12	0.50	1	1
181024	181154	131	3.01	4	4
181983	181986	4	5.75	8	8
183196	183227	32	0.16	0	1
183293	183305	13	0.00	0	0
183493	183621	129	0.18	0	1
184720	184722	3	2.00	3	3
186477	186494	18	30.83	31	38
186621	186784	164	1.93	2	7
187427	187432	6	0.83	1	1
188837	188930	94	0.00	0	0
190437	190606	170	0.89	1	4
191954	191983	30	1.63	2	2
193570	193625	56	0.00	0	0
194109	194143	35	12.29	13	14
194813	194992	180	8.06	2	28
196655	196860	206	10.94	12	16
197656	197659	4	6.25	8	9
198527	198533	7	3.43	4	4
206776	206811	36	5.72	5	9
209670	209702	33	2.70	4	4
210810	210891	82	0.39	0	2
212248	212276	29	2.31	4	4
213009	213027	19	8.42	9	9
214925	214968	44	2.73	3	4
216222	216268	47	1.68	2	2
218342	218389	48	3.85	4	5
218549	218704	156	0.87	1	2
219365	219485	121	41.25	3	190
219915	219995	81	10.98	8	20
221721	221870	150	0.65	0	4
222159	222288	130	2.90	3	7
223528	223563	36	0.39	0	1
224662	224723	62	0.45	0	1
226569	226877	309	0.02	0	1
230460	230898	439	0.50	0	3
231532	231646	115	0.94	1	2
232229	232230	2	0.00	0	0
236505	236549	45	0.62	0.5	2
241290	241513	224	0.40	0	4
241922	241975	54	0.41	0	1
243212	243383	172	0.00	0	0
247316	247383	68	5.56	6	9
248110	248114	5	11.00	14	14
248904	249037	134	0.31	0	4
251596	251781	186	19.17	11	88
253665	253668	4	2.25	3	3
255963	256063	101	0.42	0	2
257675	257782	108	2.03	2	4
258854	258912	59	0.03	0	1
260829	260923	95	0.88	0	3
262250	262253	4	0.50	1	1
262800	262811	12	0.33	0	3
264021	264066	46	6.11	6	9
265474	265506	33	0.85	1	2
266293	266300	8	1.00	1	2
267762	267862	101	1.62	2.5	3
268625	268662	38	0.00	0	0
269815	269833	19	0.42	0	1
271562	271573	12	1.83	2	2
272837	272854	18	1.50	2	2
272953	273054	102	0.58	1	1
274276	274305	30	2.30	2	4
275961	276057	97	0.92	1	2
277762	277898	137	2.45	2	7
279527	279530	4	3.75	5	5
279596	279604	9	0.00	0	0
281138	281165	28	1.64	2	2
282612	282648	37	0.54	1	1
286849	286897	49	3.71	2	21
287069	287185	117	1.48	1	4
288350	288427	78	2.55	2	4
289040	289103	64	3.14	4	5
289335	289344	10	0.90	1	1
289780	289811	32	2.22	2	3
290652	290664	13	7.46	7	12
292027	292170	144	1.92	1	8
293491	293603	113	1.58	1	6
293703	293797	95	1.99	2	4
295631	296004	374	1.04	0	6
296491	296808	318	1.66	1	6
298860	298862	3	1.33	2	2
300801	300833	33	3.03	3	5
301653	301734	82	2.24	2	6
302026	302172	147	9.56	1	64
302650	302865	216	1.54	0	20
305425	305452	28	58.93	68	108
305807	305824	18	31.06	33	37
306347	306373	27	3.70	4	5
307856	307876	21	2.43	3	4
309545	309684	140	4.61	4	10
310071	310293	223	13.53	9	29
310747	310773	27	1.11	2	2
312657	312758	102	1.25	1	2
314166	314308	143	1.12	0	7
314852	314863	12	14.67	16	16
315764	315782	19	16.74	17.5	19
316413	316510	98	5.02	5	15
317501	317524	24	0.00	0	0
321152	321330	179	1.53	1	5
322720	322763	44	6.20	6	9
323271	323337	67	2.66	2	7
324529	324566	38	1.05	1	4
326247	326265	19	9.58	10	12
328459	328574	116	1.47	1	4
330323	330421	99	8.76	5	23
331656	331747	92	104.43	20	530
332666	332707	42	4.19	4	7
333134	333159	26	2.69	3	5
333415	333436	22	8.32	8	28
336308	336559	252	1.27	1	7
339071	339363	293	4.02	1	43
340972	340997	26	88.92	90	129
341904	342129	226	14.89	10	62
349930	349934	5	4.00	5	5
351474	351524	51	65.82	69	88
351816	351847	32	48.03	50	58
352136	352148	13	41.69	45	46
353034	353082	49	12.29	12	19
358062	358170	109	1.29	0	17
359746	359757	12	2.75	3	3
361153	361333	181	10.61	0	42
363107	363251	145	6.14	4	14
363776	363825	50	0.64	1	1
364467	364604	138	1.67	2	3
366140	366149	10	3.60	4	4
372762	372819	58	0.48	0	1
375709	375913	205	1.14	1	3
377053	377112	60	0.92	1	2
377827	377930	104	3.62	4	7
378585	378656	72	19.44	18	39
379146	379171	26	0.19	0	1
380399	380555	157	4.04	4	10
382416	382489	74	3.78	2	11
382874	382878	5	6.40	8	8
383539	383601	63	0.00	0	0
384484	384534	51	2.00	2	3
385147	385172	26	1.04	1	2
385941	386200	260	7.18	4	19
386272	386304	33	8.79	3	45
387097	387147	51	0.25	0	1
387814	387887	74	0.00	0	0
388548	388581	34	2.50	3	4
389152	389259	108	1.20	1	4
391249	391351	103	0.95	1	1
392030	392038	9	0.00	0	0
392261	392272	12	0.50	1	1
394043	394110	68	0.00	0	0
395318	395346	29	0.97	1	1
396085	396200	116	0.16	0	2
397365	397441	77	2.39	2	4
398225	398253	29	0.21	0	1
398626	398657	32	0.91	1	1
399522	399534	13	5.85	6	8
400048	400191	144	1.40	1	4
401701	401872	172	2.20	1	6
403160	403192	33	11.82	12.5	16
405839	405949	111	3.40	3	10
408446	408633	188	2.40	2	6
409171	409361	191	2.08	1	9
410799	410837	39	1.67	1	4
414236	414380	145	1.63	2	3
414939	415049	111	0.97	0	2
415458	415501	44	5.43	6	7
416963	417303	341	2.12	1	13
418288	418292	5	0.80	1	1
418944	418948	5	0.80	1	1
419606	419833	228	1.44	1	3
422414	422451	38	3.74	4	5
423637	423638	2	2.00	4	4
424017	424268	252	1.57	1	3
424692	424776	85	0.76	1	2
434677	434829	153	1.28	1	3
436767	436859	93	0.01	0	1
437505	437517	13	0.23	0	1
438295	438301	7	2.57	3	3
438737	438821	85	5.54	0	19
439647	439870	224	6.79	6	19
441251	441264	14	6.14	6	10
442297	442394	98	1.94	2	5
444195	444221	27	1.07	1	2
444813	444843	31	3.52	4	5
445231	445313	83	1.90	1	6
446523	446530	8	0.00	0	0
447125	447146	22	0.00	0	0
449383	449403	21	0.00	0	0
452277	452293	17	0.94	1	1
453176	453229	54	1.44	1	4
454370	454420	51	0.57	0	3
455384	455636	253	1.12	1	6
455856	455976	121	1.10	1	3
456190	456197	8	0.88	1	1
456263	456267	5	0.00	0	0
456817	456914	98	0.76	1	1
457821	457840	20	1.90	2	2
458378	458460	83	18.98	20	26
459313	459382	70	1.43	1	4
459449	459455	7	0.86	1	1
462000	462134	135	1.01	1	2
463305	463410	106	0.08	0	2
466666	466671	6	0.00	0	0
467404	467458	55	1.13	1	2
467999	468334	336	6.02	3	22
472637	472780	144	0.71	1	3
474104	474121	18	5.17	5	6
474839	474939	101	0.11	0	1
475342	475349	8	0.00	0	0
475740	475815	76	1.70	1	7
476182	476393	212	0.94	1	4
476640	476678	39	12.28	12	17
477318	477326	9	2.22	2.5	3
478554	478565	12	13.00	14	15
479751	479788	38	0.03	0	1
480158	480354	197	0.39	0	2
483654	483976	323	0.72	0	4
490703	490782	80	0.49	0	3
495006	495061	56	7.68	7	11
497312	497313	2	10.50	21	21
498298	498299	2	11.00	22	22
499617	499712	96	3.25	1	17
501016	501046	31	0.48	0	2
503122	503172	51	1.12	1	2
503291	503495	205	0.89	1	13
504996	505085	90	8.77	6	31
506969	507131	163	0.01	0	1
508553	508581	29	3.86	4	5
510324	510376	53	2.13	2	5
510650	510701	52	3.75	4	5
515319	515372	54	18.74	20	28
515814	516016	203	4.73	2	29
516890	516894	5	0.80	1	1
517801	517802	2	1.00	2	2
518394	518732	339	1.27	1	8
519039	519072	34	1.35	1	2
519565	519599	35	2.91	3	4
520320	520323	4	2.75	4	4
521452	521513	62	0.44	0	1
522165	522346	182	0.77	1	2
526080	526142	63	7.27	10	11
527358	527378	21	3.38	3	5
528312	528607	296	8.78	3	41
530228	530251	24	4.83	4	9
530292	530295	4	3.00	4	4
530722	530750	29	1.00	1	4
532212	532395	184	1.57	2	6
532909	533090	182	10.44	9	27
533787	533832	46	3.28	3	5
534394	534444	51	4.31	5	7
535213	535223	11	4.45	5	5
537206	537228	23	1.91	2	2
538546	538587	42	1.60	2	2
541908	542141	234	1.30	1	6
542850	543173	324	2.61	1	15
544728	544834	107	3.21	2	7
545183	545374	192	26.72	25	56
545819	545888	70	1.76	2	3
546801	547075	275	0.31	0	1
547515	547585	71	0.52	1	1
549605	549674	70	0.57	0	2
551196	551197	2	24.00	48	48
551687	551748	62	4.90	5	7
551986	552025	40	7.28	7	9
552548	552613	66	1.79	2	2
554006	554015	10	18.40	20	21
554307	554312	6	3.33	4	4
556304	556457	154	0.68	0	5
557250	557526	277	1.22	1	3
558811	558812	2	0.00	0	0
558879	558894	16	0.00	0	0
559753	559887	135	1.21	2	2
560746	560847	102	10.15	8	19
561709	561853	145	2.50	3	7
562711	562722	12	2.75	3	3
563425	563563	139	2.12	2	8
564932	565020	89	0.00	0	0
565441	565796	356	14.12	13	27
566394	566486	93	10.41	2	49
566769	566775	7	42.57	50	52
567220	567221	2	0.50	1	1
567894	567920	27	37.59	32.5	58
569804	569987	184	0.00	0	0
570510	570538	29	0.97	1	1
571646	571709	64	0.86	1	2
573799	573983	185	27.57	24	98
575298	575347	50	8.62	10	12
577336	577663	328	0.97	1	3
578267	578425	159	0.14	0	1
579173	579348	176	1.15	1	4
580652	580654	3	3.33	5	5
580729	580731	3	4.67	7	7
580806	580808	3	2.00	3	3
584688	584694	7	0.00	0	0
585421	585423	3	3.33	5	5
586312	586393	82	1.99	1	5
588307	588324	18	1.89	2	2
589165	589182	18	0.00	0	0
590056	590082	27	0.22	0	6
590968	591110	143	4.82	3	11
591345	591474	130	6.52	5	13
591574	591653	80	34.12	31	61
592782	592790	9	36.11	42	44
593865	593870	6	8.00	10	10
594777	594801	25	2.12	2	3
595300	595463	164	1.46	1	7
596583	596758	176	1.74	2	3
600389	600440	52	5.02	5	9
601845	601856	12	11.58	12	15
602784	602818	35	4.86	6	6
604514	604601	88	0.95	0	4
605589	605603	15	0.93	1	1
606446	606550	105	1.02	1	4
608533	608745	213	9.53	1	99
610054	610187	134	2.67	2	5
610881	611171	291	10.93	11	30
612072	612254	183	0.49	0	3
612901	613019	119	8.29	7	17
614719	614834	116	1.12	0	12
616221	616222	2	6.50	13	13
618270	618304	35	0.94	1	1
620863	620906	44	8.14	9	14
622280	622328	49	5.73	6	10
622644	622792	149	0.49	0	1
625478	625561	84	1.26	1	2
626438	626456	19	0.00	0	0
628286	628297	12	7.42	8	9
629729	630039	311	7.02	6	18
631684	631739	56	12.02	9	33
633032	633054	23	0.00	0	0
634402	634415	14	0.00	0	0
635502	635572	71	7.90	8	14
635873	635934	62	0.98	1	1
637461	637582	122	2.11	1	4
637967	638031	65	0.46	0	2
638914	639011	98	0.86	1	2
639954	640227	274	1.38	1	11
640902	641095	194	0.56	1	1
642809	642888	80	0.75	0	4
646253	646297	45	0.78	1	1
648472	648535	64	0.00	0	0
649670	649688	19	0.89	1	1
650391	650406	16	8.62	9	11
650743	650778	36	3.47	5	9
651502	651528	27	0.00	0	0
652753	652770	18	1.00	1	2
653776	653878	103	3.07	2	6
654737	654923	187	7.88	9	12
655947	656009	63	1.38	1	3
657468	657547	80	3.75	3	7
658037	658108	72	1.06	1	3
658190	658320	131	2.34	2	6
659338	659449	112	1.43	2	3
660866	661002	137	23.61	5.5	188
661267	661294	28	141.71	134	239
663371	663385	15	3.27	4	5
663451	663486	36	13.56	14	17
664816	665041	226	106.65	98	235
665381	665850	470	235.15	224	667
667240	667251	12	12.92	11	18
668392	668578	187	18.57	6	58
669743	669847	105	2.12	2	9
671150	671165	16	30.12	32	33
671949	671995	47	1.85	2	3
675914	676237	324	7.65	3	27
676994	677124	131	56.28	53	106
677614	677709	96	0.01	0	1
678327	678388	62	1.03	1	2
679073	679228	156	0.92	1	4
681860	681884	25	0.00	0	0
684270	684409	140	0.28	0	5
685924	685927	4	6.75	9	9
686813	686820	8	4.38	5	5
693230	693236	7	0.86	1	1
694785	694838	54	3.26	3	5
695483	695667	185	3.48	3	8
696901	697153	253	27.87	27	75
697798	697903	106	0.67	0	2
698408	698523	116	1.42	2	4
698992	699037	46	1.57	2	2
699797	699855	59	0.00	0	0
700165	700238	74	1.30	2	2
701187	701246	60	1.82	2	4
701367	701383	17	0.00	0	0
702765	702812	48	0.56	1	2
703197	703243	47	0.79	1	1
704055	704186	132	0.45	0	1
704245	704321	77	0.00	0	0
704428	704751	324	0.82	1	4
705907	705960	54	7.46	8	9
706927	706947	21	2.86	3	3
711405	711535	131	0.56	1	1
712229	712275	47	0.81	1	2
712607	712715	109	0.00	0	0
713805	714201	397	0.56	0	4
715264	715369	106	1.22	1	5
716315	716409	95	0.82	1	1
716662	716663	2	2.00	4	4
717057	717152	96	0.00	0	0
717891	718024	134	1.57	1	6
718687	718760	74	6.00	5	10
719910	720004	95	12.11	10	28
725011	725012	2	0.50	1	1
728304	728582	279	3.36	2	15
729276	729326	51	3.94	4	6
730164	730319	156	2.88	3	5
731031	731112	82	2.76	3	4
731362	731493	132	7.06	4	16
731564	731602	39	0.38	0	4
731677	731711	35	3.09	3	6
731877	731929	53	1.23	1	2
732819	732824	6	4.17	5	5
733323	733523	201	1.70	1	5
733594	733736	143	6.62	5	12
734220	734253	34	14.03	16	18
734968	735021	54	27.31	27	37
735448	735516	69	24.71	23	34
736222	736228	7	3.43	4	4
736294	736297	4	1.75	2	3
737201	737267	67	4.33	4	6
738147	738296	150	1.75	2	3
739158	739326	169	3.47	3	8
740185	740233	49	3.51	4	6
741137	741150	14	5.64	6	7
742615	742622	8	0.00	0	0
747035	747036	2	0.50	1	1
747943	748275	333	8.97	4	41
748810	748848	39	22.49	23	31
749927	749999	73	0.75	1	2
751503	751516	14	5.57	6	6
752594	752983	390	3.49	2	27
753365	753461	97	1.66	2	3
753615	753692	78	0.86	1	2
754407	754684	278	2.78	1	10
755223	755261	39	1.38	1	3
755327	755334	8	1.75	2	2
756021	756136	116	0.88	1	2
758498	758531	34	11.00	7	20
759307	759806	500	39.10	13	256
763323	763369	47	2.02	1	5
767318	767320	3	0.00	0	0
767386	767683	298	5.70	6	14
769595	769791	197	1.32	1	12
770548	770581	34	11.35	8	21
771422	771483	62	2.44	2	5
773110	773122	13	0.15	0	1
774059	774063	5	0.80	1	1
775572	775585	14	31.50	33	38
778903	778989	87	11.11	14.5	22
779485	779542	58	24.14	27	35
780038	780041	4	40.25	53	56
780414	780720	307	2.80	1	14
781309	781559	251	12.05	9	35
781932	781933	2	1.50	3	3
782402	782484	83	2.99	3	6
784588	784820	233	8.76	8	15
786009	786015	7	21.29	24.5	26
786087	786148	62	2.82	1	8
786944	786965	22	1.00	1	2
787030	787098	69	0.42	0	1
787924	787939	16	0.00	0	0
789409	790023	615	7.80	2	56
793330	793334	5	3.20	4	4
794523	794714	192	0.44	0	4
795516	795518	3	0.67	1	1
796929	796932	4	0.00	0	0
798370	798632	263	0.21	0	1
798790	798832	43	4.44	4	6
799442	799628	187	0.06	0	1
799848	800486	639	1.63	1	7
800790	800808	19	3.16	3	4
801460	801461	2	0.50	1	1
802131	802132	2	2.00	4	4
802475	802527	53	5.13	5	6
803368	803410	43	12.51	13.5	16
804280	804281	2	1.50	3	3
805104	805109	6	0.00	0	0
805524	805525	2	2.00	4	4
806164	806167	4	0.75	1	1
806233	806334	102	1.08	0	5
808696	808745	50	0.64	0	2
809643	809945	303	1.72	2	4
810885	811232	348	0.39	0	5
811246	811259	14	5.57	6	7
811282	811372	91	5.91	6	8
811739	811741	3	0.67	1	1
812057	812058	2	2.00	4	4
812620	812626	7	3.43	4	4
812810	812834	25	2.60	3	3
812919	812921	3	3.33	5	5
812973	812975	3	2.67	4	4
813372	813397	26	1.92	2	2
813935	813939	5	21.60	27	27
814306	814327	22	2.50	3	3
814988	814992	5	8.80	11	11
815188	815189	2	2.00	4	4
815628	815632	5	1.60	2	2
817532	817538	7	7.57	8.5	10
818442	818536	95	6.83	9	13
819638	819842	205	1.27	1	4
821474	821506	33	0.76	1	1
822851	822865	15	0.00	0	0
823592	823682	91	5.35	5	8
824637	824799	163	0.82	0	3
826665	826669	5	15.40	20	20
827468	827542	75	2.44	2	4
828074	828139	66	0.68	1	2
828890	828982	93	0.47	0	1
829119	829206	88	0.03	0	2
829828	830061	234	3.42	0	28
830608	830854	247	2.79	2	10
831659	831775	117	1.07	1	3
832301	832351	51	1.24	1	2
832866	832980	115	0.09	0	1
833506	833885	380	0.70	0	3
834944	835153	210	0.51	0	2
835679	835700	22	4.95	5	7
838050	838450	401	3.22	1	28
840854	840946	93	5.66	6	10
841202	841227	26	5.92	5	11
841654	841736	83	0.49	0	2
841872	842032	161	3.39	4	10
842276	842298	23	1.96	2	3
843229	843241	13	4.00	4	5
844412	844420	9	9.22	10	12
845951	846158	208	6.84	2	63
847911	848102	192	1.28	1	3
850038	850341	304	1.93	1	14
850525	850638	114	0.75	1	2
850711	850740	30	67.63	59	143
851464	851607	144	2.35	1	9
852349	852395	47	18.70	22	25
854215	854266	52	5.21	6	7
854684	854698	15	18.00	19	20
855824	855924	101	0.31	0	1
856468	856472	5	0.80	1	1
856677	856681	5	0.00	0	0
858035	858036	2	0.50	1	1
858862	858863	2	3.50	7	7
860708	860911	204	0.06	0	2
862379	862411	33	0.00	0	0
863253	863255	3	0.67	1	1
864572	864585	14	1.86	2	2
867387	867439	53	3.26	4	5
868349	868406	58	0.93	1	1
869761	870007	247	0.37	0	10
871424	871430	7	0.86	1	1
873290	873342	53	0.87	1	1
876388	876817	430	0.23	0	1
878438	878637	200	0.27	0	1
879322	879339	18	1.22	1	2
881038	881074	37	9.62	10	11
882416	882523	108	1.82	2	5
883432	883450	19	4.74	5	5
884048	884071	24	1.08	1	2
886644	886718	75	0.48	0	2
887022	887136	115	0.12	0	1
888634	889016	383	0.80	1	2
889018	889020	3	0.00	0	0
890373	890375	3	0.67	1	1
890377	890387	11	0.91	1	1
893271	893317	47	0.89	1	2
894617	894630	14	0.00	0	0
895626	895819	194	2.28	2	16
898708	898830	123	2.88	2	7
901328	901634	307	0.87	1	6
902022	902110	89	5.10	4	19
903692	903724	33	11.09	11	15
904817	904904	88	57.69	60	89
905085	905233	149	5.42	4	12
906338	906422	85	0.84	1	3
907290	907337	48	0.00	0	0
908016	908180	165	7.31	7	20
908481	908484	4	4.50	6	6
909316	909610	295	39.26	33	119
910840	910971	132	4.64	0	32
912681	912725	45	0.64	1	1
913500	913557	58	15.88	17	19
914197	914256	60	3.15	4	6
916309	916476	168	9.74	9	21
917644	917733	90	72.29	75	95
918748	918911	164	37.09	20	203
919551	919633	83	0.04	0	1
920687	920740	54	19.33	19	37
921131	921190	60	0.67	0	6
921863	921969	107	0.68	1	2
922873	922893	21	1.90	2	2
923707	923799	93	5.03	4	13
923873	923998	126	4.42	3	16
924073	924109	37	0.76	0	4
924184	924212	29	5.03	1	83
924287	924950	664	7.75	1	63
927608	927836	229	3.29	2	15
930483	930952	470	2.13	2	7
931595	932278	684	1.60	1	7
932948	933002	55	2.18	2	6
934029	934719	691	0.49	0	9
935488	935576	89	1.81	2	2
936387	936456	70	0.71	1	1
937315	937333	19	0.00	0	0
937401	937592	192	1.21	1	4
937833	938111	279	6.64	4	19
940390	940455	66	0.67	1	1
941104	941189	86	0.78	1	3
942465	942679	215	1.25	1	3
944192	944342	151	0.00	0	0
944733	944937	205	0.80	1	2
946054	946055	2	0.00	0	0
948466	948558	93	0.04	0	1
949393	949435	43	12.44	13	16
951116	951182	67	0.16	0	1
951624	951631	8	6.75	8	8
952709	952815	107	0.69	0	4
953227	953256	30	0.97	1	5
954918	955076	159	1.65	1	15
956286	956292	7	28.29	33	34
958519	958522	4	0.75	1	1
960155	960172	18	4.39	5	5
960223	960225	3	2.33	3.5	4
960276	960278	3	6.00	9	9
960331	960341	11	1.73	2	2
962878	962889	12	9.17	10	11
964292	964311	20	7.10	7	8
965533	965544	12	7.58	9	9
965765	965982	218	0.53	0	5
966259	966264	6	4.17	5	5
967731	967897	167	0.52	0	4
968303	968423	121	384.72	405.5	589
970242	970504	263	4.43	1	37
972455	972545	91	3.07	2	8
973704	973805	102	1.20	1	4
975935	976074	140	1.37	1	5
976861	976871	11	17.45	19.5	20
978201	978480	280	0.79	1	6
978754	978933	180	0.42	0	1
981265	981423	159	1.66	2	8
982552	982761	210	2.67	1	44
983782	983802	21	7.62	8	9
985969	987232	1264	1.06	1	30
988703	988739	37	3.65	3	8
989859	989947	89	1.71	2	6
992594	992597	4	1.50	2	2
993453	993852	400	0.21	0	1
996293	996523	231	0.24	0	4
997703	997781	79	0.63	1	1
999297	999471	175	5.79	1	30
1000765	1000767	3	9.00	13.5	14
1002413	1002440	28	27.07	34	40
1002702	1002811	110	0.34	0	2
1003790	1003804	15	1.33	1	2
1003955	1003956	2	1.00	2	2
1004482	1004500	19	4.63	5	7
1005839	1005851	13	52.00	55.5	62
1006560	1006614	55	0.25	0	1
1006680	1006692	13	0.92	1	1
1008178	1008206	29	0.86	1	3
1008936	1008943	8	8.50	10	11
1010060	1010135	76	0.24	0	1
1014122	1014680	559	0.59	0	5
1014858	1014865	8	3.50	4	4
1015298	1015397	100	0.01	0	1
1016169	1016235	67	0.81	1	1
1016683	1017216	534	1.22	1	8
1018723	1018726	4	1.75	2	3
1019963	1020057	95	3.65	4	10
1021327	1021343	17	0.00	0	0
1021641	1022086	446	0.37	0	2
1023866	1024210	345	2.06	1	10
1025182	1025320	139	2.15	3	4
1025391	1025457	67	0.97	1	2
1026891	1027060	170	3.63	3	8
1029358	1029512	155	7.54	3	36
1030575	1030577	3	0.00	0	0
1031862	1031895	34	0.91	1	1
1032631	1032709	79	15.61	17	21
1033784	1033839	56	5.73	6	9
1034629	1034902	274	0.77	1	4
1036013	1036027	15	4.27	4.5	6
1039912	1039935	24	34.75	39	42
1041046	1041263	218	5.00	3	22
1042092	1042114	23	1.96	2	3
1043237	1043298	62	3.73	2	13
1044313	1044316	4	0.00	0	0
1046018	1046041	24	0.58	1	1
1046105	1046135	31	0.00	0	0
1050344	1050592	249	2.30	2	6
1051457	1051543	87	2.46	3	4
1052315	1052359	45	4.80	6	8
1052636	1052695	60	3.63	3	6
1053734	1053764	31	0.13	0	1
1054239	1054246	8	0.00	0	0
1055006	1055023	18	6.33	6	9
1056683	1057299	617	0.09	0	4
1057528	1057645	118	1.91	2	3
1057961	1058259	299	1.50	1	6
1060573	1060655	83	1.59	2	2
1061652	1061963	312	5.37	0	28
1063125	1063139	15	2.67	3	3
1064960	1065126	167	4.06	0	20
1066036	1066077	42	29.95	18	58
1067443	1067560	118	0.97	1	2
1069774	1069882	109	0.40	0	1
1073271	1073326	56	0.45	0	1
1073926	1074073	148	0.89	1	2
1074419	1074439	21	0.95	1	1
1075112	1075296	185	0.00	0	0
1076095	1076195	101	0.00	0	0
1076676	1076777	102	1.39	2	3
1077195	1077232	38	10.21	12	22
1077833	1077974	142	0.26	0	2
1078332	1078390	59	9.92	10	14
1078685	1078742	58	2.52	3	7
1081682	1081774	93	0.58	1	1
1082582	1082583	2	0.50	1	1
1085748	1085755	8	1.75	2	2
1087343	1087347	5	0.00	0	0
1090173	1090372	200	0.42	0	1
1093142	1093258	117	2.10	1	8
1093320	1093360	41	0.00	0	0
1094354	1094669	316	0.77	1	5
1094862	1094885	24	23.00	24	27
1095057	1095077	21	4.05	4	5
1096449	1096821	373	0.40	0	3
1097506	1097507	2	26.00	52	52
1099020	1099065	46	7.15	8	10
1100458	1100459	2	6.50	13	13
1101003	1101024	22	29.00	31	39
1101478	1101802	325	0.71	0	5
1105107	1105115	9	0.89	1	1
1106274	1106404	131	0.56	1	1
1107380	1107442	63	1.06	0	4
1108097	1108171	75	5.47	6	8
1108502	1108577	76	4.41	4	9
1109169	1109271	103	0.38	0	6
1110190	1110268	79	4.80	5	8
1111547	1111611	65	0.58	1	1
1112221	1112383	163	0.53	0	5
1113458	1113510	53	7.79	8	11
1113584	1114292	709	2.44	2	6
1114722	1114747	26	3.08	3	4
1115747	1115766	20	0.40	0	1
1116523	1116530	8	0.88	1	1
1117146	1117184	39	0.00	0	0
1118391	1118427	37	2.65	3	3
1119937	1120021	85	3.66	5	7
1120877	1120888	12	6.42	8	8
1122146	1122221	76	1.86	1	3
1123596	1123713	118	4.64	4	8
1125415	1125443	29	2.66	2	5
1127001	1127088	88	1.45	1	6
1127881	1128090	210	10.76	4	35
1130103	1130190	88	0.92	1	4
1131109	1131127	19	0.00	0	0
1131419	1131624	206	4.94	3	24
1133257	1133259	3	4.00	6	6
1133326	1133332	7	0.00	0	0
1133906	1133920	15	0.93	1	1
1134566	1134784	219	14.47	5	56
1135463	1135500	38	7.16	7	12
1136479	1136572	94	2.05	1	8
1138058	1138075	18	1.89	1	10
1138145	1138314	170	32.83	0	133
1138906	1138966	61	13.72	13	17
1142669	1142670	2	4.00	8	8
1143646	1143735	90	0.68	1	1
1144465	1144563	99	0.92	1	2
1145851	1145857	7	7.71	9	9
1146542	1146560	19	3.37	4	4
1147976	1148426	451	2.30	1	13
1151684	1151919	236	0.01	0	2
1152010	1152011	2	0.50	1	1
1155851	1155852	2	0.50	1	1
1156420	1156425	6	0.00	0	0
1157953	1157962	10	3.50	4	4
1158734	1158917	184	0.61	1	2
1160431	1160464	34	0.35	0	3
1160518	1160543	26	0.96	1	1
1160826	1160854	29	2.17	2	3
1161149	1161296	148	1.22	1	4
1162470	1162548	79	1.67	2	2
1163374	1164571	1198	0.73	0	5
1165547	1165780	234	5.42	1	17
1166804	1167052	249	2.12	1	8
1168552	1168703	152	4.22	3	11
1169226	1169297	72	32.04	32	41
1170730	1171037	308	2.02	2	4
1172151	1172385	235	0.59	1	3
1172830	1172880	51	0.00	0	0
1173784	1173944	161	0.34	0	1
1174794	1175166	373	0.40	0	2
1175438	1175722	285	1.15	0	5
1176336	1176831	496	5.03	5	11
1177371	1177395	25	0.96	1	1
1177467	1177627	161	0.94	1	2
1178390	1178650	261	1.55	1	6
1178763	1179344	582	0.36	0	3
1179393	1179395	3	0.00	0	0
1180575	1180683	109	1.45	1	4
1182313	1182316	4	1.50	2	2
1182382	1182390	9	0.33	0	1
1183453	1183507	55	3.33	4	4
1183979	1184014	36	0.64	1	1
1184876	1184882	7	0.00	0	0
1185738	1185740	3	2.00	3	3
1186821	1186903	83	1.61	1	3
1187321	1187434	114	92.54	9	347
1188391	1188420	30	9.93	9	19
1190422	1190756	335	0.16	0	1
1192146	1192509	364	0.37	0	3
1195041	1195054	14	4.57	5	5
1196090	1196278	189	10.63	1	63
1197113	1197230	118	131.11	149	282
1198080	1198155	76	25.24	32	74
1199371	1199425	55	4.16	4	8
1200368	1200766	399	0.28	0	3
1201658	1201716	59	1.42	1	5
1203109	1203312	204	6.10	4	41
1204033	1204066	34	9.26	9	12
1205231	1205234	4	2.25	3	3
1205299	1205303	5	5.60	7	7
1205796	1205983	188	6.28	6	18
1206416	1206519	104	4.37	3	12
1209655	1209755	101	0.32	0	2
1210482	1210594	113	0.73	0	3
1211381	1211559	179	1.79	2	5
1213861	1214039	179	1.70	1	7
1214358	1214512	155	0.35	0	1
1214945	1215054	110	0.91	0	2
1215197	1215516	320	1.06	1	4
1216052	1216468	417	0.32	0	2
1219028	1219247	220	0.27	0	8
1220184	1220387	204	1.30	0	5
1220485	1220573	89	9.12	3	31
1221852	1221958	107	2.97	3	7
1222784	1222996	213	71.56	67	145
1224296	1224305	10	26.60	30	30
1224375	1224384	10	2.50	3	3
1225258	1225262	5	10.00	12.5	13
1227563	1227595	33	19.91	21	28
1229382	1229390	9	11.56	14	14
1230546	1230659	114	21.34	19	34
1230969	1230970	2	18.50	37	37
1231289	1231300	12	0.00	0	0
1231988	1232060	73	1.29	1	3
1232275	1232310	36	2.19	3	3
1232824	1232843	20	0.95	1	1
1233954	1233965	12	1.75	2	2
1236093	1236184	92	0.91	1	8
1237190	1237208	19	15.05	16	18
1238190	1238254	65	0.37	0	1
1239326	1239415	90	1.11	1	5
1239982	1240186	205	0.00	0	0
1240883	1241002	120	0.90	1	2
1241388	1241632	245	0.68	0	9
1241954	1241970	17	10.47	11.5	13
1242829	1242863	35	2.14	2	5
1243502	1243706	205	0.43	0	4
1245105	1245128	24	0.96	1	1
1247050	1247126	77	1.12	1	2
1248075	1248081	7	0.00	0	0
1249324	1249329	6	4.33	4	7
1251402	1251616	215	0.48	0	3
1252970	1253073	104	0.46	0	1
1254532	1254554	23	0.00	0	0
1257311	1257324	14	6.50	7	7
1259053	1259066	14	3.50	3	6
1261344	1261499	156	11.26	7	35
1261648	1261921	274	1.03	0	12
1262156	1262271	116	0.48	0	3
1264126	1264313	188	1.46	2	3
1264554	1264590	37	1.95	2	2
1264945	1265086	142	0.16	0	2
1265453	1265471	19	2.84	3	3
1266983	1267346	364	4.18	4	13
1268193	1268202	10	2.70	3	3
1269007	1269151	145	4.74	4	13
1269956	1270061	106	1.01	1	3
1271142	1271155	14	1.86	2	2
1271906	1272422	517	100.79	1	484
1274765	1274899	135	3.35	1	46
1275548	1276295	748	26.59	28	141
1277746	1277842	97	0.36	0	1
1278824	1278903	80	2.51	2	5
1279615	1279654	40	0.10	0	4
1281870	1282305	436	3.56	3	10
1282891	1283055	165	28.70	33	48
1284169	1284178	10	4.90	5	6
1284860	1284991	132	2.00	1	9
1286566	1286594	29	0.59	0	3
1287018	1287327	310	34.20	50	69
1291024	1291064	41	17.22	14	28
1292739	1292797	59	47.85	52	62
1293401	1293405	5	4.00	5	5
1294144	1294167	24	5.75	6	6
1296052	1296070	19	1.00	1	2
1296133	1296151	19	1.84	1.5	3
1298057	1298086	30	8.57	9	9
1298690	1298763	74	1.11	1	2
1299802	1299821	20	3.45	4	5
1300122	1300303	182	3.28	2	8
1301213	1301306	94	8.22	9	28
1301745	1301754	10	7.20	8	8
1302679	1302930	252	9.54	8	28
1305554	1305556	3	14.33	21.5	22
1305616	1305618	3	9.33	14	14
1305659	1305668	10	64.90	58	115
1305999	1306201	203	8.09	4	24
1308790	1309004	215	8.15	1	24
1309329	1309363	35	127.37	78.5	288
1310450	1310479	30	1.07	2	2
1313297	1313328	32	0.00	0	0
1313394	1313724	331	28.44	2	179
1315189	1315233	45	19.47	15	34
1319980	1320034	55	0.00	0	0
1321451	1321519	69	0.00	0	0
1324526	1324531	6	10.00	12	12
1325609	1325775	167	9.31	5	23
1327510	1327688	179	1.31	2	8
1329303	1329389	87	0.07	0	2
1331019	1331020	2	3.50	7	7
1332008	1332091	84	1.15	1	3
1332962	1332979	18	0.28	0	1
1333856	1333930	75	3.33	3.5	6
1334843	1334926	84	0.21	0	1
1335752	1335793	42	62.43	69	74
1337213	1337247	35	39.17	38	52
1338511	1339002	492	4.62	3	27
1339300	1339348	49	26.86	28	31
1340522	1340577	56	110.57	113	126
1340623	1340658	36	231.53	226	290
1340953	1341005	53	173.87	187.5	202
1341288	1341357	70	32.14	31	52
1342787	1342941	155	7.25	5.5	19
1345167	1345177	11	0.91	1	1
1345245	1345259	15	0.00	0	0
1346903	1346935	33	4.09	4	6
1348622	1348718	97	2.64	3	5
1349280	1349331	52	5.42	5	8
1351123	1351190	68	8.32	5	16
1353116	1353156	41	1.00	1	2
1354134	1354242	109	9.45	5	29
1354468	1354497	30	7.50	9	12
1355659	1355835	177	0.05	0	3
1357048	1357060	13	0.00	0	0
1357127	1357292	166	0.51	0	3
1357629	1357758	130	1.82	2	4
1359442	1359471	30	4.70	3	13
1360144	1360154	11	2.73	3	3
1363359	1363433	75	2.93	4	5
1363500	1363502	3	0.67	1	1
1364148	1364412	265	0.90	1	3
1365184	1365273	90	2.96	2	11
1365806	1365874	69	80.35	88	122
1367459	1367462	4	1.00	1	2
1367856	1367890	35	3.46	3	12
1368719	1368831	113	1.58	2	2
1370823	1370919	97	2.74	3	4
1371475	1371546	72	1.81	1	6
1371665	1371701	37	4.41	5	5
1371768	1371776	9	3.56	4	4
1372947	1372961	15	10.07	10	16
1374195	1374321	127	13.72	10	43
1376166	1376229	64	2.67	2	5
1376824	1376975	152	19.10	6	67
1377501	1377523	23	1.78	2	2
1379848	1379854	7	0.00	0	0
1380677	1380683	7	0.86	1	1
1381863	1381866	4	1.50	2	2
1381933	1381941	9	1.67	2	2
1383040	1383212	173	1.39	0	8
1384200	1384277	78	6.65	5	12
1384964	1384988	25	0.00	0	0
1386675	1386856	182	1.13	1	3
1387715	1387797	83	3.76	5	6
1388626	1388684	59	0.95	1	3
1389242	1389356	115	0.61	1	2
1393050	1393193	144	2.30	2	4
1393980	1394178	199	0.23	0	1
1399238	1399295	58	1.47	1	4
1399902	1399969	68	0.85	1	2
1403384	1403385	2	0.50	1	1
1404601	1404716	116	1.16	1	3
1408236	1408239	4	0.75	1	1
1409356	1409483	128	4.30	3	9
1409931	1409937	7	13.86	17	19
1410370	1410430	61	0.85	1	1
1411817	1411893	77	1.66	1	4
1413085	1413093	9	12.56	14	15
1413222	1413259	38	2.24	0	44
1413938	1413959	22	15.27	17	22
1415838	1416180	343	1.34	1	10
1417345	1417657	313	0.27	0	1
1418354	1418578	225	1.60	1	8
1418951	1419013	63	12.87	13	19
1419746	1419902	157	1.06	0	6
1419945	1419960	16	0.00	0	0
1420300	1420409	110	3.46	3	7
1424048	1424196	149	1.49	0	12
1425291	1425437	147	1.52	2	4
1425918	1426163	246	0.59	1	2
1430039	1430061	23	0.96	1	1
1431646	1431664	19	0.95	1	1
1437115	1437323	209	7.55	1	39
1437813	1437908	96	47.10	34	115
1438905	1438906	2	3.00	6	6
1440749	1440804	56	2.75	3	4
1441288	1441347	60	1.00	1	2
1442716	1442766	51	0.43	0	1
1443397	1443481	85	3.05	2	8
1445045	1445057	13	0.00	0	0
1445370	1445498	129	0.27	0	1
1445832	1446189	358	1.00	1	6
1446263	1446378	116	1.23	1	17
1449369	1449374	6	12.17	15	17
1451777	1451996	220	1.10	1	2
1452945	1453203	259	9.24	5	28
1455010	1455162	153	5.12	1	16
1455403	1455494	92	4.68	3	21
1457555	1457557	3	0.67	1	1
1458209	1458294	86	1.37	1	2
1459507	1459765	259	30.74	32	80
1460994	1461044	51	54.18	58	63
1461288	1461320	33	14.48	15	20
1461834	1461842	9	7.11	8	8
1463181	1463227	47	10.11	11	14
1464875	1464883	9	3.56	4	4
1465799	1465840	42	23.48	24	31
1467299	1467314	16	7.06	8	8
1467678	1467687	10	24.20	29	43
1468129	1468142	14	33.14	31	82
1469649	1469670	22	115.59	117	174
1470250	1470320	71	747.34	508.5	3946
1471575	1471618	44	86.43	89	351
1471740	1471845	106	2600.63	2005	10596
1473380	1473593	214	3028.45	2504	11275
1473636	1473657	22	37999.95	38905	46720
1476793	1476898	106	6402.19	8289	11985
1477059	1477133	75	16.45	20	25
1479116	1479198	83	3.46	2	9
1480822	1480893	72	2.44	2	3
1482499	1482513	15	1.80	2	3
1484215	1484278	64	1.44	1	10
1484957	1484981	25	1.88	2	2
1485276	1485312	37	14.46	12.5	27
1485769	1485858	90	28.13	33	59
1487029	1487160	132	6.42	5	17
1488073	1488080	8	4.38	5	5
1488146	1488153	8	1.75	2	2
1489963	1490116	154	1.73	1	3
1492310	1492319	10	25.40	28	31
1494423	1494563	141	3.07	1	18
1497153	1497154	2	0.00	0	0
1499187	1499212	26	1.69	2	2
1500557	1500660	104	1.47	2	3
1501580	1501598	19	5.84	6	9
1502631	1502640	10	1.70	2	2
1503079	1503102	24	8.38	9	11
1503382	1503393	12	3.75	4	5
1505888	1505916	29	4.00	5	5
1506736	1506754	19	2.32	2	3
1508921	1508967	47	0.00	0	0
1510844	1510845	2	1.00	2	2
1512603	1512727	125	0.07	0	1
1512809	1513046	238	0.74	1	4
1518558	1518762	205	3.78	2	54
1519132	1519199	68	10.40	12	15
1519983	1520004	22	2.86	3	3
1521874	1521884	11	1.82	2	2
1524818	1525292	475	1.11	0	8
1526214	1526611	398	0.45	0	3
1530089	1530172	84	0.64	1	1
1530923	1531347	425	0.43	0	3
1532368	1532442	75	1.67	2	3
1533631	1533947	317	0.58	0	4
1535390	1535416	27	2.11	2	3
1537642	1537782	141	1.88	2	4
1538167	1538389	223	1.03	1	4
1539438	1539511	74	7.85	7	12
1540658	1541019	362	6.04	2	27
1541803	1541948	146	6.27	5	15
1541949	1541951	3	2.00	3	3
1543304	1543306	3	0.00	0	0
1543307	1543358	52	0.00	0	0
1546004	1546011	8	2.12	3	3
1546990	1547071	82	0.66	1	1
1547528	1547831	304	8.27	5	22
1551215	1551227	13	0.15	0	1
1557099	1557100	2	0.00	0	0
1561267	1561463	197	4.22	2	12
1563386	1563693	308	1.78	1	8
1564264	1564400	137	15.36	15	45
1565025	1565092	68	139.72	140	177
1565423	1565440	18	34.89	33	47
1566695	1566824	130	0.72	1	1
1568034	1568042	9	0.89	1	1
1570967	1571046	80	0.06	0	2
1572079	1572126	48	0.96	1	1
1573855	1574111	257	13.38	9	64
1574765	1574849	85	9.27	2	138
1575807	1575833	27	4.59	7	9
1576794	1576929	136	3.15	2	8
1577530	1577612	83	2.39	2	6
1579578	1579597	20	0.95	1	1
1580420	1580590	171	3.96	2	11
1581071	1581144	74	10.32	10	18
1581967	1582165	199	16.65	8	84
1584472	1584498	27	1.67	2	2
1587764	1587771	8	6.75	8	8
1588480	1588566	87	2.57	3	14
1589170	1589370	201	5.10	5	9
1590290	1590396	107	1.67	1	4
1592612	1592638	27	0.96	1	1
1593323	1593504	182	1.24	1	7
1593976	1594041	66	24.38	18	43
1598881	1598892	12	0.17	0	1
1599652	1599657	6	0.50	1	1
1601035	1601058	24	4.88	5	6
1602319	1602320	2	0.00	0	0
1603926	1603931	6	3.50	4	5
1604757	1604877	121	0.73	0	5
1606144	1606385	242	0.60	0	2
1607970	1608082	113	0.45	0	3
1611268	1611433	166	0.16	0	2
1612247	1612255	9	2.00	2	3
1612948	1613306	359	0.94	1	4
1614324	1614328	5	0.80	1	1
1616347	1616763	417	4.84	2	25
1616900	1616960	61	1.44	1	3
1617384	1617836	453	0.44	0	9
1618068	1618208	141	7.36	7	17
1619682	1619790	109	1.80	2	3
1622089	1622206	118	2.97	2	6
1622690	1623137	448	0.66	1	3
1623274	1623286	13	6.00	6.5	7
1623695	1623713	19	0.95	1	1
1625363	1625365	3	1.33	2	2
1625416	1625417	2	0.50	1	1
1628078	1628096	19	12.37	13	14
1630197	1630637	441	1.64	1	8
1634788	1635028	241	2.85	2	9
1635953	1636003	51	8.65	8	14
1639644	1639673	30	4.07	4	5
1640658	1640679	22	0.00	0	0
1642423	1642536	114	0.11	0	2
1644258	1644260	3	0.67	1	1
1644311	1644313	3	1.33	2	2
1646136	1646185	50	0.04	0	1
1651514	1651517	4	4.50	6	6
1653576	1653672	97	1.22	1	2
1655500	1655608	109	5.38	6	9
1656719	1656962	244	0.91	0	9
1658934	1658979	46	2.61	3	4
1659352	1659369	18	1.06	1	2
1659739	1659762	24	0.79	1	3
1660618	1660655	38	7.16	9	10
1662282	1662380	99	1.35	2	4
1662570	1662584	15	0.00	0	0
1662624	1662640	17	0.00	0	0
1663202	1663214	13	2.77	3	3
1666044	1666203	160	1.86	1	13
1666762	1666989	228	2.97	1	23
1668406	1668418	13	3.38	4	4
1669142	1669282	141	3.48	2	11
1671364	1671376	13	0.92	1	1
1672382	1672456	75	0.00	0	0
1673297	1673439	143	0.90	1	3
1674181	1674201	21	17.05	19	21
1675009	1675016	8	6.25	7	8
1676881	1676940	60	1.53	2	2
1677373	1677396	24	15.33	16	19
1678540	1678551	12	15.75	18	18
1678906	1678941	36	42.06	42	49
1679170	1679321	152	0.84	1	6
1680627	1681207	581	1.59	1	5
1681964	1682156	193	0.33	0	3
1684002	1684004	3	0.67	1	1
1686255	1686270	16	0.94	1	1
1687886	1687940	55	0.00	0	0
1689228	1689302	75	2.79	3	4
1689948	1690133	186	2.01	1	15
1690344	1690406	63	1.63	2	3
1690803	1690849	47	1.87	2	4
1691876	1691889	14	0.00	0	0
1692709	1692923	215	0.62	1	3
1693821	1694021	201	0.90	1	3
1694527	1694544	18	0.00	0	0
1695142	1695280	139	2.24	2	5
1696441	1696726	286	4.05	4	10
1697857	1698094	238	10.47	8	26
1701091	1701294	204	0.47	0	3
1702591	1703073	483	8.43	4	42
1705787	1705806	20	0.40	0	1
1706593	1706629	37	0.84	1	2
1707524	1707528	5	0.80	1	1
1708537	1708870	334	6.59	5	21
1709633	1709643	11	0.73	1	1
1710601	1710732	132	0.11	0	1
1711000	1711024	25	0.96	1	1
1712066	1712301	236	0.18	0	1
1714051	1714171	121	5.83	4	12
1717610	1717652	43	0.12	0	1
1718694	1718725	32	14.44	22	25
1719968	1720016	49	0.86	1	1
1722058	1722082	25	0.32	0	1
1728407	1728952	546	1.48	1	5
1729448	1729501	54	0.00	0	0
1731254	1731372	119	0.23	0	2
1733037	1733115	79	7.51	5	56
1733548	1733609	62	0.89	1	2
1735409	1735508	100	1.37	1	5
1735676	1735975	300	360.59	335	978
1736210	1736518	309	116.99	120	196
1739642	1739654	13	0.92	1	1
1739718	1739855	138	0.12	0	1
1742190	1742243	54	1.17	1	2
1743769	1743777	9	4.33	5	5
1744369	1744425	57	29.60	33.5	61
1744834	1745063	230	5.47	0	39
1746087	1746093	7	24.71	29	29
1746895	1746918	24	9.58	10	11
1747144	1747194	51	0.00	0	0
1747624	1747693	70	1.09	1	2
1751246	1751296	51	0.84	1	2
1753331	1753509	179	0.36	0	1
1755429	1755444	16	1.06	1	2
1757308	1757680	373	2.08	2	8
1759430	1759434	5	3.20	4	4
1760927	1760996	70	1.54	1	3
1761603	1761743	141	1.18	1	2
1762935	1762946	12	0.00	0	0
1763391	1763427	37	1.03	1	2
1764715	1764754	40	0.35	0	1
1764971	1764978	8	0.00	0	0
1765381	1765399	19	0.89	1	1
1769430	1769435	6	0.00	0	0
1771599	1771639	41	1.07	1	3
1773827	1773840	14	4.57	5	7
1773898	1773927	30	4.47	5	5
1774618	1774859	242	1.38	1	4
1775142	1775391	250	3.22	2	9
1778537	1778538	2	1.00	2	2
1779046	1779193	148	1.32	1	2
1779296	1779313	18	0.00	0	0
1779722	1779774	53	0.00	0	0
1779816	1779929	114	0.00	0	0
1782062	1782071	10	13.80	16	16
1782582	1782757	176	15.96	15	36
1783226	1783308	83	1.55	1	4
1783890	1783905	16	0.94	1	1
1784299	1784496	198	0.27	0	1
1785910	1785911	2	1.50	3	3
1786526	1786583	58	4.17	5	7
1789834	1790283	450	1.87	2	6
1791331	1791333	3	3.33	5	5
1792233	1792399	167	4.07	4	8
1793738	1793996	259	9.17	7	26
1794705	1794755	51	10.18	7	30
1795803	1795804	2	43.50	87	87
1797386	1797387	2	36.00	72	72
1798243	1798293	51	13.51	12	24
1799050	1799072	23	1.39	1	2
1799481	1799582	102	2.83	1	10
1803282	1803293	12	3.42	4	5
1804029	1804038	10	1.90	2	3
1804849	1804852	4	0.00	0	0
1805998	1806180	183	1.48	0	5
1807261	1807297	37	1.43	1	2
1807760	1807902	143	0.75	1	2
1810148	1810239	92	1.65	1	6
1811056	1811126	71	3.27	4	5
1812357	1812358	2	2.50	5	5
1813169	1813170	2	1.00	2	2
1814575	1815252	678	0.81	0	4
1816079	1816188	110	1.49	1	4
1817605	1817614	10	2.70	3	3
1818515	1818574	60	1.25	2	3
1823271	1823359	89	123.93	130	167
1824398	1824429	32	76.69	46	281
1825885	1825997	113	9.96	10	19
1826583	1826613	31	8.19	9	10
1827943	1828011	69	2.84	3	5
1828086	1828179	94	142.38	21	391
1828861	1828864	4	2.00	3	3
1830559	1830664	106	0.68	1	4
1833377	1833541	165	36.45	2	167
1834985	1835012	28	0.46	0	2
1836234	1836386	153	1.00	1	2
1836828	1837074	247	2.30	1	11
1842240	1842450	211	2.48	2	7
1842889	1842897	9	35.89	41	45
1843690	1843740	51	7.00	9	13
1846657	1846715	59	9.76	7	27
1846971	1846988	18	280.83	297	302
1848456	1848516	61	3.66	4	5
1852033	1852272	240	176.78	119	418
1852876	1852927	52	5.37	5	9
1853120	1853183	64	8.22	12	15
1853571	1853605	35	2.63	3	3
1854386	1854398	13	5.54	6	7
1855452	1855763	312	4.27	1	27
1856694	1856773	80	23.88	28	38
1857722	1857730	9	2.44	3	3
1858535	1858732	198	1.74	1	9
1859756	1859757	2	0.50	1	1
1862251	1862346	96	6.08	4	14
1865380	1865575	196	3.07	1	28
1871352	1871362	11	5.91	6	8
1872557	1872565	9	1.78	2	2
1872631	1872638	8	0.00	0	0
1874049	1874156	108	1.76	1	7
1875219	1875228	10	8.80	10	10
1875293	1875303	11	3.64	4	4
1881682	1881703	22	0.95	1	1
1888018	1888025	8	0.00	0	0
1891077	1891225	149	1.02	1	3
1893560	1893576	17	0.00	0	0
1895340	1895724	385	1.79	2	9
1896085	1896119	35	3.03	3	6
1896465	1896474	10	2.60	3	4
1896865	1896875	11	0.91	1	1
1898205	1898299	95	0.07	0	1
1899230	1899259	30	0.83	1	1
1899914	1900240	327	0.59	0	5
1900973	1901046	74	0.62	1	1
1902294	1902396	103	1.02	1	5
1903297	1903298	2	2.00	4	4
1904418	1904428	11	5.09	6	6
1906240	1906402	163	2.26	2	7
1907318	1907459	142	0.84	1	2
1907513	1907515	3	0.67	1	1
1907569	1907593	25	2.80	3	4
1911397	1911400	4	2.25	3	3
1912124	1912152	29	13.86	16	18
1912918	1912978	61	0.79	0	3
1913588	1913601	14	0.64	0	2
1914874	1914961	88	1.24	1	3
1915188	1915526	339	0.48	0	2
1915908	1915948	41	1.34	1	2
1917930	1917939	10	1.90	2	3
1918744	1918745	2	2.00	4	4
1919667	1919682	16	0.00	0	0
1921444	1921541	98	0.27	0	2
1922721	1922744	24	2.33	2	3
1923687	1923828	142	1.08	1	2
1927135	1927210	76	2.64	3	3
1928587	1929130	544	1.28	1	4
1929719	1929785	67	2.93	3	4
1931454	1931496	43	4.16	4	7
1932652	1932693	42	0.26	0	1
1933876	1934481	606	2.18	1	8
1934647	1934881	235	11.88	1	63
1936340	1936359	20	2.20	2	4
1941677	1941852	176	0.38	0	1
1943571	1943575	5	0.80	1	1
1944404	1944405	2	0.00	0	0
1944754	1944755	2	0.00	0	0
1944806	1944808	3	0.67	1	1
1945625	1945640	16	0.00	0	0
1946418	1946612	195	1.11	1	2
1946684	1947029	346	0.35	0	3
1947641	1947860	220	3.10	1	10
1950587	1950631	45	0.00	0	0
1951749	1951851	103	0.09	0	4
1953235	1953269	35	0.00	0	0
1953837	1953863	27	1.52	2	2
1955567	1955691	125	0.70	1	2
1957243	1957676	434	1.05	1	6
1959231	1959242	12	10.58	12	12
1959789	1959854	66	1320.11	1360	1523
1960485	1960666	182	1.65	1	10
1961038	1961290	253	7.93	6	40
1962085	1962227	143	82.24	92.5	182
1965368	1965656	289	224.46	24	910
1965939	1965954	16	176.44	209	290
1967635	1967701	67	0.81	1	2
1967915	1967916	2	123.00	246	246
1968163	1968172	10	0.00	0	0
1968908	1969003	96	1.69	1	5
1970702	1970988	287	3.31	2	12
1971989	1972137	149	0.39	0	2
1973566	1973629	64	2.28	2	4
1976225	1976599	375	2.90	1	20
1977883	1977968	86	1.19	1	3
1979565	1979620	56	1.91	2	2
1981001	1981129	129	2.25	2	6
1981577	1981613	37	0.00	0	0
1984773	1984978	206	0.33	0	1
1986668	1987110	443	0.31	0	2
1989564	1989832	269	0.83	1	9
1992575	1993152	578	1.07	1	11
1994659	1994670	12	2.33	2	4
1995052	1995053	2	0.50	1	1
1995840	1996100	261	0.73	1	3
1998513	1998583	71	0.63	1	1
2000004	2000073	70	2.67	2	4
2000431	2000613	183	1.02	1	2
2002468	2002625	158	5.55	5	13
2003868	2003877	10	12.60	14	14
2006445	2006635	191	5.19	6	10
2006945	2007019	75	69.89	72	121
2007764	2007831	68	0.69	1	1
2009170	2009171	2	0.00	0	0
2009988	2009994	7	0.00	0	0
2010553	2010655	103	0.00	0	0
2011958	2012080	123	0.77	1	1
2012528	2012685	158	5.99	3	23
2014477	2014698	222	1.86	2	5
2015260	2015301	42	2.60	3	3
2017474	2017739	266	6.95	4	32
2023430	2023446	17	28.12	37.5	40
2024626	2024827	202	1.10	1	8
2025029	2025300	272	1.87	2	5
2026396	2026476	81	0.80	1	3
2026774	2026789	16	3.12	4	4
2027969	2028424	456	6.79	3	43
2029475	2029903	429	4.00	1	54
2030201	2030346	146	74.22	74	89
2030641	2030693	53	76.40	72	118
2030976	2031065	90	71.73	40	214
2031966	2032239	274	19.83	16	58
2038530	2039158	629	0.12	0	2
2039348	2039452	105	1.40	0	8
2041418	2042000	583	0.37	0	1
2043270	2043383	114	0.00	0	0
2044773	2044922	150	0.95	1	2
2046840	2047022	183	1.30	1	5
2047347	2047594	248	0.93	0	9
2048032	2048071	40	99.92	106	125
2048369	2048415	47	149.57	151	164
2048885	2049345	461	52.57	53	98
2049584	2049920	337	15.77	16	37
2051148	2051281	134	6.96	7	12
2052686	2052932	247	8.42	6	23
2053287	2053442	156	3.97	4	8
2054145	2054156	12	3.50	4	4
2055357	2055680	324	8.49	9	19
2056110	2056520	411	95.29	22	406
2057421	2057527	107	3.79	3	14
2058191	2058255	65	1.77	1	5
2058958	2059440	483	0.96	1	4
2059496	2059517	22	0.95	1	1
2059573	2059594	22	1.32	1	2
2061056	2061177	122	5.56	5	11
2062672	2062808	137	3.23	1	11
2064726	2064798	73	0.14	0	2
2066440	2066456	17	2.94	3	4
2068881	2068895	15	5.53	7	7
2068960	2069079	120	3.97	4	7
2070623	2070653	31	1.94	2	2
2071017	2071035	19	5.42	6	6
2071912	2071951	40	6.15	6	10
2072354	2072595	242	15.55	11	54
2073822	2073942	121	17.17	20	25
2074435	2074840	406	5.64	3	56
2075516	2075528	13	4.62	5	5
2075842	2075876	35	77.34	83	89
2078700	2078928	229	5.17	6	15
2079787	2079829	43	3.05	2	6
2080694	2080700	7	1.71	2	2
2082585	2082602	18	0.00	0	0
2084634	2084755	122	1.25	1	2
2086979	2087256	278	1.13	1	4
2087910	2087970	61	1.07	1	3
2089516	2089680	165	1.39	1	9
2090716	2090717	2	2.50	5	5
2092083	2092258	176	19.81	22	40
2093696	2093730	35	47.60	50	53
2095186	2095217	32	21.34	20	29
2096166	2096182	17	66.88	68.5	86
2096597	2096876	280	1.77	0	22
2097297	2097347	51	1.39	2	4
2097959	2097960	2	1.00	2	2
2099692	2099693	2	0.00	0	0
2100327	2100339	13	2.77	3	3
2101012	2101021	10	0.90	1	1
2101646	2101650	5	26.80	34	34
2103040	2103183	144	21.53	3	94
2104105	2104145	41	0.46	0	1
2104821	2104984	164	0.85	1	5
2105768	2105772	5	1.60	2	2
2106565	2106573	9	3.11	3.5	4
2107681	2107735	55	1.07	1	7
2108711	2109164	454	1.08	0	8
2109468	2109543	76	13.39	14	19
2110582	2110590	9	25.89	29	31
2112964	2113139	176	1.27	1	4
2115474	2115763	290	0.53	0	3
2117246	2117346	101	0.75	0	4
2119444	2119459	16	4.12	4	5
2120693	2120794	102	7.11	7	11
2121428	2121494	67	8.82	7	26
2121882	2121906	25	77.52	83.5	94
2123149	2123173	25	11.36	0	82
2123609	2123683	75	2.84	1	16
2124368	2124380	13	1.85	2	2
2124822	2124885	64	5.91	5	11
2125037	2125339	303	3.69	1	13
2125817	2125903	87	8.10	7	25
2127965	2128021	57	1.00	1	2
2129372	2129376	5	0.00	0	0
2130511	2130540	30	16.17	20	22
2131855	2131906	52	2.75	3	5
2132327	2132369	43	1.91	1	6
2133201	2133230	30	8.17	8	13
2133690	2133730	41	11.68	12	20
2134259	2134272	14	1.86	2	2
2134870	2134889	20	4.65	5	6
2135865	2136257	393	1.21	0	5
2137398	2137518	121	51.22	54	87
2138077	2138443	367	0.50	0	3
2138615	2138660	46	2.59	4	4
2139015	2139075	61	1.25	1	2
2139685	2139740	56	2.86	2	8
2140146	2140164	19	4.42	5	11
2140474	2140485	12	7.67	8	9
2140702	2140738	37	9.51	9	12
2141867	2142520	654	2.78	1	31
2144444	2144450	7	0.86	1	1
2144880	2144939	60	0.82	1	1
2146243	2146244	2	0.50	1	1
2147631	2147661	31	0.10	0	1
2148952	2149005	54	0.80	1	2
2150272	2150363	92	1.01	1	2
2150766	2150953	188	22.92	24	54
2151383	2151432	50	16.94	20	28
2152393	2152424	32	10.72	11	12
2152893	2153234	342	0.73	0	3
2153880	2153888	9	0.89	1	1
2156109	2156148	40	38.45	40	49
2156590	2156705	116	5.09	3	20
2157297	2157381	85	11.21	14	20
2157985	2158086	102	3.24	1	10
2159089	2159190	102	0.00	0	0
2160326	2160462	137	5.43	3	19
2162760	2162931	172	1.71	1	7
2167309	2167648	340	1.26	1	5
2170610	2171060	451	2.55	1	15
2171523	2171622	100	1.40	2	4
2172484	2172523	40	4.62	4	6
2173793	2174066	274	1.14	0	14
2176511	2176549	39	2.41	3	3
2176928	2177086	159	3.36	2	14
2178947	2178956	10	50.40	55	61
2179434	2179672	239	2.10	1	13
2180444	2180449	6	0.00	0	0
2181215	2181261	47	0.89	1	1
2181904	2181917	14	0.29	0	1
2182440	2182459	20	0.95	1	1
2183237	2183371	135	0.88	1	5
2184955	2184958	4	0.00	0	0
2186186	2186202	17	0.00	0	0
2187157	2187383	227	0.46	0	5
2188491	2188495	5	1.60	2	2
2191013	2191026	14	0.00	0	0
2194432	2194643	212	1.54	1	3
2195932	2195988	57	0.00	0	0
2197351	2197507	157	2.20	2	6
2197958	2198023	66	0.00	0	0
2198423	2198713	291	0.69	0	4
2199062	2199997	936	0.08	0	3
2200187	2200189	3	2.67	4	4
2200484	2200725	242	0.52	0	3
2202094	2202137	44	11.23	8	22
2203630	2203680	51	0.94	1	1
2204704	2204865	162	0.20	0	1
2205271	2205276	6	0.83	1	1
2205547	2205581	35	0.00	0	0
2206800	2207699	900	0.54	0	4
2208495	2208506	12	0.00	0	0
2209320	2209326	7	0.00	0	0
2215254	2215256	3	0.00	0	0
2216568	2216591	24	0.75	1	1
2217644	2217658	15	0.93	1	1
2218034	2218051	18	0.00	0	0
2218715	2218843	129	2.12	2	4
2219249	2219753	505	1.39	0	9
2220798	2220907	110	2.70	3	5
2223162	2223342	181	1.30	1	3
2224027	2224219	193	7.01	4	19
2225186	2225412	227	3.43	3	9
2225830	2225840	11	22.73	26	27
2226099	2226243	145	2.88	0	23
2228559	2228690	132	2.36	2	8
2228899	2228990	92	5.10	6	7
2229900	2230010	111	1.60	2	3
2230608	2231025	418	1.09	1	5
2231452	2231679	228	8.34	4	27
2232217	2232738	522	3.66	3	10
2233635	2233880	246	4.42	5	11
2234214	2234304	91	1.13	1	3
2234889	2234990	102	2.38	2	8
2237573	2237627	55	9.76	9.5	12
2237982	2238140	159	6.64	1	106
2238906	2239003	98	38.16	4	193
2239955	2240158	204	173.05	171	385
2242874	2242944	71	41.66	29	78
2243719	2243815	97	1.55	2	3
2245136	2245208	73	0.74	1	1
2246820	2246831	12	1.83	2	2
2247582	2247659	78	2.21	2	3
2248440	2248562	123	7.11	5	22
2249418	2249477	60	13.58	14	21
2250972	2250995	24	436.04	469	494
2251881	2252001	121	12.51	14	18
2255983	2256083	101	1523.33	1345	3068
2256426	2256616	191	3.21	1	48
2257940	2258029	90	1.86	0	20
2258270	2258272	3	0.00	0	0
2258669	2258853	185	3.81	0	43
2259283	2259325	43	0.00	0	0
2259818	2260442	625	5.19	2	36
2261686	2261815	130	2.08	2	4
2263070	2263425	356	0.90	1	4
2265036	2265279	244	0.79	1	4
2266403	2266420	18	0.00	0	0
2266718	2266804	87	4.95	5	8
2267108	2267118	11	3.36	4	4
2267722	2267748	27	0.85	1	1
2268106	2268267	162	1.94	2	3
2270238	2270749	512	0.87	0	6
2271746	2271862	117	1.51	1	6
2272745	2272786	42	1.07	1	2
2274506	2274568	63	7.38	7	9
2276422	2276440	19	325.63	348	378
2278484	2278497	14	2168.50	2170	3208
2278930	2279128	199	833.50	4	8577
2280122	2280239	118	294.17	294	454
2281080	2281293	214	119.92	2	4131
2282738	2282746	9	4.78	3	10
2283719	2283722	4	0.75	1	1
2284794	2284798	5	0.80	1	1
2287844	2287883	40	1.85	2	2
2288679	2288680	2	52.50	105	105
2289239	2289281	43	1.93	2	3
2289621	2289684	64	2.61	3	4
2291218	2291268	51	0.98	1	1
2291923	2291961	39	0.87	1	1
2294524	2294530	7	1.43	2	2
2306984	2307292	309	1.88	2	5
2307515	2307820	306	10.29	9	25
2310753	2310912	160	1.22	1	4
2312515	2312521	7	12.29	15	15
2313047	2313124	78	4.29	3	7
2313836	2314086	251	0.81	1	2
2314351	2314353	3	2.00	3	3
2314657	2314660	4	1.75	2	4
2314823	2314824	2	1.00	2	2
2315059	2315173	115	2.42	2	5
2317083	2317098	16	0.00	0	0
2317165	2317168	4	1.50	2	2
2320751	2320830	80	0.25	0	1
2322540	2322551	12	0.92	1	1
2325868	2325885	18	1.50	2	2
2326807	2326943	137	0.40	0	1
2330144	2330146	3	0.00	0	0
2330961	2330992	32	0.00	0	0
2331404	2331415	12	3.92	5	5
2332877	2333036	160	0.90	1	1
2333286	2333322	37	1.05	1	2
2334292	2334294	3	0.67	1	1
2334592	2335058	467	0.29	0	3
2337867	2338064	198	14.18	13	23
2338503	2338708	206	6.72	2	23
2344408	2344410	3	4.00	6	6
2346178	2346196	19	3.21	3	4
2347322	2347372	51	0.00	0	0
2348552	2348557	6	70.67	85	85
2349290	2349333	44	9.32	9	19
2352052	2352102	51	4.65	5	7
2353027	2353045	19	214.68	217.5	256
2353295	2353364	70	3.81	1	20
2355308	2355318	11	8.64	11	13
2356675	2356728	54	0.74	0	2
2358204	2358388	185	1.89	1	7
2360039	2360239	201	1.35	2	3
2363279	2363390	112	0.91	1	2
2364518	2364526	9	1.78	2	2
2364779	2365413	635	0.55	0	3
2366766	2367358	593	0.77	1	5
2367653	2367710	58	0.34	0	1
2368440	2368982	543	2.00	1	8
2370790	2370904	115	4.20	4.5	9
2372567	2372629	63	0.14	0	1
2373821	2373833	13	2.62	3	3
2374455	2374460	6	5.50	6	8
2376288	2376570	283	6.07	1	57
2377138	2377147	10	0.90	1	1
2377439	2377469	31	0.81	1	1
2378310	2378385	76	0.96	1	2
2379220	2379244	25	5.32	6	6
2379725	2379805	81	0.60	1	1
2380658	2380662	5	0.00	0	0
2380942	2381070	129	0.39	0	1
2386065	2386292	228	0.30	0	5
2387169	2387201	33	2.42	2	4
2387970	2388036	67	0.61	1	1
2388194	2388196	3	0.67	1	1
2388288	2388615	328	1.71	1	8
2390083	2390084	2	3.00	6	6
2390286	2390307	22	9.09	10	10
2391187	2391214	28	5.57	6	7
2392457	2392516	60	19.60	21	25
2393318	2393410	93	5.44	4	15
2393639	2393850	212	2.65	3	10
2394637	2394649	13	13.77	15	16
2395235	2395300	66	2.06	2	5
2396836	2396901	66	200.65	205	604
2397313	2397329	17	0.94	1	1
2398404	2398719	316	4.72	4	21
2399791	2399797	7	0.86	1	1
2400326	2400375	50	8.66	10	15
2401720	2401986	267	0.20	0	1
2402073	2402192	120	0.13	0	1
2402720	2402976	257	0.89	1	2
2404033	2404164	132	6.28	6	9
2404519	2404615	97	3.16	3	5
2405396	2405665	270	9.00	2	49
2405954	2406117	164	3.20	3	6
2407614	2407621	8	0.62	1	1
2408372	2408384	13	0.92	1	1
2409522	2409696	175	3.09	2	10
2414920	2414933	14	17.14	20	22
2416392	2416395	4	3.75	5	5
2420606	2420630	25	371.36	386	402
2423135	2423239	105	224.51	77	1715
2424836	2425047	212	4.16	2	25
2429425	2429426	2	1.00	2	2
2429856	2430116	261	0.21	0	1
2431469	2431564	96	17.90	7	86
2431967	2432234	268	13.11	1	66
2432853	2432950	98	0.85	1	2
2434534	2434846	313	14.00	2	87
2435903	2435908	6	1.33	2	2
2437884	2437940	57	1.47	2	2
2439138	2439144	7	1.71	2	2
2439946	2440331	386	1.88	2	5
2441718	2441810	93	0.48	0	6
2442315	2442326	12	1.08	1	2
2443212	2443301	90	0.78	0	4
2444583	2444585	3	16.67	25	26
2445327	2445414	88	91.58	97	114
2447034	2447065	32	5.97	6	7
2447498	2447604	107	2.01	2	4
2447992	2448159	168	1.52	1	5
2449960	2449992	33	1.03	1	2
2451148	2451174	27	5.15	6	6
2451240	2451246	7	0.00	0	0
2452018	2452114	97	2.25	2	3
2453270	2453818	549	0.65	0	3
2456741	2456900	160	0.18	0	3
2457510	2457552	43	19.23	25	29
2461325	2461503	179	0.96	1	4
2462146	2462147	2	7.00	14	14
2463045	2463232	188	4.59	3	13
2463650	2463659	10	29.90	33	34
2464749	2464996	248	8.64	1	34
2466953	2466961	9	1.78	2	2
2467028	2467052	25	1.64	2	4
2468025	2468230	206	14.21	5	45
2468921	2468930	10	101.60	118	149
2469285	2469386	102	12.49	7	30
2470461	2470621	161	1.48	1	4
2471330	2471410	81	6.31	5	11
2473240	2473399	160	6.34	7	11
2475968	2476041	74	6.41	6	12
2477179	2477189	11	0.00	0	0
2478324	2478337	14	8.07	9	9
2479883	2479922	40	3.20	3	4
2481699	2481964	266	4.65	2	15
2483624	2483625	2	10.00	20	20
2484529	2484583	55	1.89	2	2
2486206	2486234	29	28.69	31	32
2486985	2486993	9	22.00	24.5	26
2487414	2487614	201	3.58	3	11
2489049	2489368	320	12.88	8	50
2492351	2492401	51	21.47	22	56
2493740	2493800	61	0.10	0	4
2493816	2493836	21	2.67	3	4
2495397	2495460	64	2.81	3	5
2497021	2497741	721	0.64	0	10
2498585	2498831	247	5.00	4	19
2500371	2500385	15	106.60	9.5	603
2500812	2500930	119	111.09	4.5	1511
2501630	2501643	14	0.93	1	1
2505697	2505735	39	0.51	1	1
2506159	2506206	48	0.00	0	0
2507635	2507636	2	5.00	10	10
2509373	2509479	107	1.02	1	2
2510254	2510350	97	13.78	19	26
2510585	2510594	10	2.70	3	3
2510667	2510714	48	2.04	1	5
2511174	2511175	2	44.50	89	89
2511650	2511689	40	0.47	0	1
2512278	2512538	261	7.38	5.5	23
2515242	2515303	62	3.71	3	16
2516546	2516786	241	1.45	1	3
2517693	2517770	78	31.26	22	56
2519363	2519395	33	1.45	1	3
2520710	2520742	33	28.91	28	37
2522162	2522168	7	0.86	1	1
2522234	2522359	126	0.26	0	1
2523173	2523177	5	0.00	0	0
2525352	2525401	50	0.00	0	0
2527916	2527983	68	0.74	1	2
2528485	2528519	35	1.60	2	3
2528973	2528979	7	0.00	0	0
2529299	2529340	42	0.60	0	3
2529872	2530003	132	2.39	1	14
2530820	2530835	16	0.00	0	0
2531895	2531897	3	0.67	1	1
2531948	2531950	3	1.33	2	2
2532001	2532003	3	1.00	1.5	2
2532054	2532056	3	1.33	2	2
2532107	2532109	3	0.67	1	1
2532160	2532162	3	1.33	2	2
2532210	2532244	35	0.00	0	0
2533328	2533329	2	2.00	4	4
2533963	2534041	79	5.54	4	12
2534462	2534469	8	0.88	1	1
2535550	2535640	91	0.00	0	0
2538348	2538699	352	6.05	5	17
2539927	2540103	177	2.76	2	20
2541388	2541643	256	1.34	1	4
2544274	2544288	15	3.87	4	5
2544619	2544697	79	0.53	1	1
2545223	2545331	109	1.94	2	3
2545629	2545736	108	3.61	3	6
2546429	2546431	3	0.67	1	1
2546803	2546838	36	6.83	7	8
2548937	2549123	187	1.73	1	4
2551366	2551368	3	0.00	0	0
2551369	2551559	191	3.11	1	31
2552937	2553172	236	3.27	4	8
2554829	2554861	33	0.39	0	1
2554927	2554937	11	0.00	0	0
2555874	2555940	67	0.31	0	1
2556133	2556144	12	0.00	0	0
2557438	2557472	35	0.66	1	1
2558808	2558876	69	4.52	3	9
2559567	2559702	136	0.86	1	3
2562455	2562598	144	1.94	2	4
2563112	2563173	62	5.10	4	8
2564026	2564028	3	4.00	6	6
2564251	2564291	41	0.12	0	1
2565030	2565326	297	0.88	1	3
2566548	2566771	224	1.08	0	21
2567408	2567503	96	6.76	4	16
2568404	2568437	34	9.44	10	11
2568888	2569081	194	2.09	2	7
2570051	2570058	8	4.75	5	6
2572000	2572075	76	3.13	3	8
2573006	2573014	9	3.89	4	7
2573705	2573812	108	19.76	14	40
2574053	2574095	43	10.65	11	13
2575223	2575326	104	6.52	7	10
2575391	2575808	418	1.58	1	8
2577096	2577107	12	0.00	0	0
2578694	2578857	164	0.68	0	2
2579027	2579227	201	0.43	0	4
2579417	2579503	87	1.66	1	3
2579933	2580027	95	2.68	2	5
2580208	2580418	211	2.60	2	8
2581133	2581763	631	0.86	1	5
2581835	2581842	8	2.25	2	4
2582296	2583044	749	1.10	0	10
2583330	2583434	105	0.77	1	2
2583777	2583883	107	0.50	1	1
2584406	2584485	80	1.16	1	2
2584753	2585051	299	1.85	1	8
2585904	2585916	13	2.31	2	4
2588802	2588837	36	0.00	0	0
2591838	2591847	10	0.90	1	1
2594151	2594153	3	1.33	2	2
2596267	2596333	67	1.30	2	2
2596778	2597008	231	9.22	8	19
2599945	2599987	43	0.07	0	2
2600477	2600730	254	6.05	2	23
2601877	2601913	37	4.78	5	6
2603459	2603694	236	2.27	1	8
2604220	2604296	77	0.61	1	1
2604681	2604739	59	0.05	0	1
2605076	2605107	32	1.38	1	10
2608319	2608795	477	7.82	5	42
2609726	2609731	6	0.00	0	0
2610419	2610836	418	2.07	1	14
2611803	2611868	66	1.36	1	2
2612985	2613106	122	5.63	5	10
2614061	2614692	632	1.39	0	13
2617579	2617666	88	10.83	11	13
2618906	2619406	501	6.70	3	37
2619477	2619596	120	1.62	0	9
2620014	2620271	258	0.65	0	4
2620527	2620532	6	13.33	16	16
2622450	2622456	7	2.57	3	4
2623750	2623820	71	0.79	1	2
2625845	2625887	43	24.88	27	30
2626170	2626222	53	110.13	98	207
2626517	2626653	137	113.69	113	143
2626978	2627171	194	4.19	1	16
2628696	2628780	85	0.92	1	3
2630317	2630536	220	1.22	2	2
2632073	2632555	483	0.95	0.5	4
2632758	2632922	165	1.95	0	16
2634096	2634527	432	1.59	1	8
2636929	2637687	759	19.05	7	144
2639533	2639672	140	0.58	1	2
2641062	2641245	184	6.85	1	40
2642040	2642149	110	10.33	10	23
2642576	2642577	2	2.00	4	4
2644256	2644319	64	0.44	0	2
2646671	2646746	76	0.99	1	1
2648910	2648915	6	1.33	2	2
2651556	2651752	197	2.22	2	6
2651936	2652036	101	6.14	4	14
2652823	2652838	16	4.00	5	5
2653985	2654061	77	3.99	4	5
2655091	2655264	174	2.26	1	7
2655580	2655608	29	15.52	16	18
2656113	2656214	102	0.94	1	2
2667131	2667254	124	0.07	0	1
2670267	2670268	2	0.50	1	1
2675835	2675935	101	0.53	1	1
2677631	2677728	98	0.17	0	1
2678647	2678652	6	0.00	0	0
2680003	2680764	762	5.64	2	25
2683140	2683247	108	1.21	1	2
2684264	2684678	415	8.32	3	35
2687971	2688009	39	0.21	0	1
2689939	2690071	133	1.89	0	17
2692073	2692171	99	17.66	1	291
2692519	2692550	32	675.97	709	745
2692713	2692798	86	21.29	21	37
2693882	2693908	27	18.00	17	33
2694962	2694980	19	0.63	1	1
2697712	2697727	16	4.56	5	6
2698243	2698528	286	3.05	1	20
2700455	2700463	9	5.33	6	6
2700531	2700534	4	0.75	1	1
2703246	2703268	23	3.57	4	4
2703836	2704008	173	7.84	4.5	35
2704435	2704696	262	1.06	1	21
2705516	2706016	501	1.12	1	14
2707331	2707332	2	0.00	0	0
2708308	2708309	2	11.00	22	22
2709963	2710074	112	1.19	0	6
2710333	2710350	18	39.28	41	43
2711299	2711331	33	0.00	0	0
2712874	2712890	17	7.29	7	10
2713782	2714123	342	1.95	1	6
2715330	2715471	142	0.39	0	2
2716312	2716314	3	0.67	1	1
2716389	2716394	6	0.83	1	1
2718806	2719082	277	5.73	3	29
2719353	2719596	244	0.30	0	1
2720641	2720643	3	0.67	1	1
2720654	2720775	122	2.42	3	6
2721775	2721843	69	0.52	1	1
2721854	2721865	12	0.58	1	1
2723306	2723307	2	1.00	2	2
2724181	2724229	49	14.47	15	17
2725475	2725570	96	0.77	1	2
2726085	2726192	108	0.35	0	2
2726778	2726805	28	1.14	1	2
2727918	2727966	49	8.73	9	12
2728264	2728436	173	1.94	2	7
2732747	2733229	483	0.04	0	1
2734142	2734375	234	0.91	1	3
2736985	2737116	132	0.35	0	1
2738245	2738246	2	0.00	0	0
2739684	2739771	88	19.43	16	30
2740030	2740046	17	21.29	23	23
2740359	2740562	204	8.50	3	26
2740608	2740708	101	2.28	2	4
2744982	2745313	332	6.20	6	18
2745722	2745766	45	0.87	1	1
2750223	2750312	90	1.61	0	6
2751570	2751592	23	0.22	0	1
2751659	2751661	3	0.00	0	0
2752178	2752261	84	0.71	1	2
2752658	2752847	190	0.76	1	2
2752992	2753017	26	2.81	3	3
2753621	2753624	4	10.25	13	15
2756702	2756935	234	9.74	1	59
2758190	2758207	18	11.28	12	14
2759486	2759778	293	8.88	2	49
2760685	2760853	169	3.09	2	9
2762378	2762530	153	6.65	7	9
2763772	2763890	119	2.75	1	8
2765289	2765327	39	0.00	0	0
2765402	2765540	139	2.74	3	8
2765609	2765654	46	2.98	3	9
2766837	2766858	22	1.50	1	3
2767663	2767670	8	4.38	5	5
2768157	2768260	104	0.66	1	2
2768882	2768985	104	0.62	0	6
2771569	2771643	75	2.59	2	4
2772329	2772366	38	6.37	6	9
2773033	2773177	145	0.17	0	2
2773562	2773563	2	9.00	18	18
2775202	2775271	70	0.00	0	0
2775563	2775567	5	1.40	2	2
2776282	2776315	34	6.76	7	8
2776967	2776974	8	3.50	4	4
2782260	2782365	106	2.70	3	5
2784040	2784122	83	1.23	1	4
2784609	2784613	5	0.80	1	1
2785968	2786574	607	22.89	1	112
2786896	2786913	18	0.00	0	0
2792492	2792722	231	6.88	2	24
2793986	2794175	190	0.15	0	2
2794247	2794349	103	1.35	2	3
2795118	2795300	183	0.92	1	5
2797383	2797466	84	0.75	1	2
2801143	2801253	111	0.49	0	1
2806234	2806367	134	0.40	0	1
2806623	2806664	42	0.29	0	1
2808028	2808082	55	0.98	1	1
2808302	2808309	8	8.38	10	10
2808733	2808757	25	3.12	3	5
2810980	2810992	13	11.62	13.5	16
2812094	2812354	261	27.62	32.5	66
2814909	2814915	7	0.86	1	1
2816878	2816884	7	4.29	5	5
2819868	2819952	85	0.20	0	1
2821594	2821711	118	1.40	1	7
2822357	2822437	81	6.05	2	54
2824591	2824677	87	0.85	1	3
2825482	2825487	6	7.17	9	9
2827087	2827156	70	0.77	1	1
2827802	2827853	52	1.58	2	3
2827927	2828488	562	1.75	1	25
2829936	2830160	225	1.64	1	6
2830581	2830876	296	0.84	1	2
2831336	2831343	8	0.88	1	1
2832589	2832709	121	2.39	1	7
2833759	2834108	350	2.35	0	12
2835333	2835493	161	12.33	11.5	29
2835564	2835784	221	1.29	1	5
2837261	2837387	127	7.41	5.5	19
2837613	2837683	71	1.18	1	3
2839928	2840122	195	34.67	36	69
2849330	2849851	522	7.82	2	47
2850572	2851090	519	1.42	1	81
2851714	2851750	37	5.70	6	7
2852669	2852874	206	0.13	0	2
2854264	2854266	3	2.00	3	3
2854905	2854937	33	2.12	2	4
2857779	2857852	74	6.53	6	11
2858252	2858253	2	0.50	1	1
2858722	2858726	5	23.80	30	30
2859288	2859299	12	2.75	3	4
2860416	2860451	36	0.00	0	0
2861142	2861147	6	2.67	3	4
2863201	2863206	6	12.17	15	15
2864410	2864426	17	2.35	2	6
2864832	2865129	298	0.67	1	4
2866339	2866467	129	1.22	1	3
2868059	2868153	95	0.14	0	1
2868565	2868605	41	0.56	1	1
2869235	2869252	18	13.39	14	15
2869625	2869726	102	0.11	0	3
2870362	2870774	413	0.32	0	11
2871192	2871205	14	0.93	1	1
2873768	2873770	3	17.33	26	26
2876483	2876575	93	7.58	7.5	20
2876963	2877071	109	1.80	1	10
2877744	2877830	87	33.97	28	70
2878539	2878570	32	44.81	46	50
2879927	2880074	148	0.76	1	6
2881050	2881251	202	1.24	1	3
2881318	2881408	91	1.47	1.5	2
2882145	2882184	40	6.92	7	8
2882274	2882289	16	0.56	1	1
2883337	2883341	5	0.80	1	1
2884332	2884610	279	5.60	4	22
2886360	2886372	13	1.85	2	2
2889793	2889794	2	1.00	2	2
2894406	2894511	106	0.03	0	1
2895958	2896012	55	1.22	2	2
2897801	2897910	110	0.55	1	1
2898781	2898805	25	0.00	0	0
2899307	2899338	32	1.94	2	2
2900218	2900225	8	9.00	10	11
2900688	2900917	230	0.00	0	0
2902505	2902508	4	0.75	1	1
2903529	2903638	110	0.18	0	1
2904539	2904820	282	0.55	0	3
2906761	2906813	53	0.42	0	2
2907738	2907746	9	2.11	2	3
2907814	2907825	12	28.08	30	34
2910196	2910228	33	10.06	8.5	16
2910898	2911003	106	8.71	9	11
2912675	2912682	8	0.88	1	1
2914009	2914014	6	0.00	0	0
2915734	2915845	112	2.12	1	9
2916191	2916359	169	1.17	1	3
2917707	2917870	164	0.80	1	6
2921375	2921550	176	1.13	1	4
2923180	2923198	19	2.84	3	3
2925381	2925491	111	0.72	1	3
2926136	2926354	219	1.00	1	4
2926973	2926985	13	0.31	0	1
2927906	2927989	84	2.60	3	6
2929957	2930069	113	0.50	0.5	1
2930782	2930804	23	1.30	1	2
2931558	2931632	75	2.84	1	10
2932287	2932296	10	0.60	1	1
2933140	2933170	31	4.71	5	7
2934068	2934197	130	0.28	0	4
2934870	2935045	176	0.82	1	2
2936786	2936809	24	1.67	2	3
2937863	2937864	2	0.50	1	1
2938999	2939011	13	0.69	1	1
2943265	2943375	111	1.64	1	3
2944983	2945329	347	0.77	0	6
2945828	2945846	19	61.84	75	192
2946285	2946430	146	2.18	1	16
2947447	2947461	15	3.80	4	5
2948556	2948635	80	0.29	0	3
2949455	2949592	138	229.77	45	787
2950484	2950488	5	669.40	837	839
2951305	2951321	17	373.94	403.5	411
2952501	2952561	61	5113.48	4861	9325
2952991	2953506	516	302.08	16	1853
2954746	2955057	312	5.02	3	29
2955418	2955766	349	392.97	313	1089
2956889	2956892	4	65.50	87	89
2957430	2957571	142	10.77	9	21
2958868	2958908	41	47.20	51	53
2959188	2959334	147	46.23	40	84
2959818	2960104	287	1.66	0	19
2962439	2962469	31	10.16	14	26
2962710	2962712	3	2.00	3	3
2963388	2963585	198	0.98	1	3
2964240	2964404	165	9.19	2	41
2964849	2965025	177	4.86	3	23
2965356	2965477	122	6.55	7	11
2965835	2965938	104	0.73	1	5
2966395	2966532	138	2.36	2	6
2968404	2968532	129	1.52	1	5
2968848	2968892	45	0.29	0	2
2969059	2969493	435	1.41	1	15
2969566	2969752	187	20.41	5	256
2969826	2969854	29	2.69	3	5
2969926	2969941	16	0.62	1	1
2970014	2970122	109	1.34	0.5	5
2971547	2971565	19	0.95	1	1
2972025	2972105	81	0.67	1	1
2972106	2972108	3	0.00	0	0
2973461	2973463	3	0.00	0	0
2973464	2973794	331	0.62	0	15
2975232	2975241	10	1.00	1	2
2975773	2975927	155	18.35	25	37
2976552	2976585	34	0.00	0	0
2976907	2976988	82	0.77	1	2
2978656	2978659	4	3.00	4	4
2979307	2979325	19	4.58	5	6
2979686	2979690	5	9.40	12	14
2980816	2980962	147	55.04	0.5	391
2981752	2981852	101	0.02	0	1
2982084	2982096	13	12.92	13.5	16
2982349	2982698	350	10.76	6	37
2983872	2983895	24	0.00	0	0
2984652	2984732	81	4.54	5	9
2985252	2985261	10	23.40	26	27
2987613	2987681	69	0.57	1	1
2989266	2989290	25	21.08	19	30
2990590	2990705	116	0.98	1	2
2991114	2991183	70	17.71	14	31
2992626	2992633	8	0.00	0	0
2995060	2995114	55	1.13	1	3
2995943	2996002	60	1.33	1	5
2996051	2996053	3	0.67	1	1
2996102	2996104	3	1.33	2	2
2996735	2996738	4	0.75	1	1
2999966	3000111	146	1.20	1	4
3000607	3000613	7	10.57	13	13
3001901	3001982	82	1.35	1	3
3003267	3003279	13	3.08	2	7
3005648	3005844	197	1.46	1	4
3007060	3007062	3	0.67	1	1
3007113	3007115	3	1.33	2	2
3007166	3007168	3	0.00	0	0
3007219	3007235	17	1.88	2	3
3009207	3009343	137	1.28	1	3
3010684	3010696	13	4.38	5	5
3011366	3011398	33	4.82	5	5
3011765	3011888	124	2.68	1	8
3012621	3012828	208	1.23	2	4
3013606	3013611	6	25.33	30	31
3014145	3014172	28	0.79	1	2
3014656	3014662	7	13.43	16	16
3014963	3015202	240	1.29	1	3
3015851	3015862	12	14.92	19	25
3016733	3016857	125	1.21	0	10
3017653	3017834	182	10.48	8	29
3019419	3019457	39	6.05	7	8
3020455	3020572	118	58.64	59	95
3021545	3021547	3	5.33	8	8
3021794	3021838	45	0.84	0.5	2
3022283	3022460	178	6.62	3	34
3023430	3023564	135	20.66	7	87
3024255	3024269	15	36.13	39	44
3025326	3025440	115	1.90	2	4
3026845	3027064	220	3.74	2	14
3028037	3028097	61	8.80	8	16
3029121	3029171	51	9.94	10	16
3029856	3029866	11	2.18	2	3
3030359	3030412	54	3.81	3	5
3030875	3031039	165	1.50	0	6
3031535	3031787	253	0.57	0	3
3032496	3032519	24	6.42	7	8
3034617	3034634	18	2.06	2	5
3034881	3034908	28	10.18	11	14
3036100	3036130	31	8.03	8	9
3037289	3037373	85	2.09	2	4
3038912	3038930	19	1.32	1	2
3039798	3039824	27	0.41	0	2
3041459	3041569	111	1.34	1	4
3042473	3042541	69	6.75	2	17
3043016	3043025	10	30.30	37	41
3046522	3046820	299	1.33	1	7
3048550	3048561	12	0.67	1	2
3051422	3051618	197	1.02	0	3
3051790	3051805	16	0.94	1	1
3052010	3052022	13	0.00	0	0
3053187	3053232	46	0.00	0	0
3053680	3053913	234	5.29	3	29
3055489	3055514	26	6.31	7	8
3056346	3056419	74	8.26	7	16
3057230	3057250	21	6.67	7	7
3058061	3058192	132	9.86	12	23
3058529	3058601	73	2.90	2	13
3059229	3059261	33	0.55	0	4
3059784	3059786	3	0.67	1	1
3059853	3059854	2	1.50	3	3
3063632	3063637	6	2.50	3	3
3066189	3066221	33	9.70	11	13
3067122	3067192	71	2.21	3	3
3067943	3068188	246	0.00	0	0
3070081	3070169	89	0.13	0	1
3070847	3070874	28	1.68	2	2
3071534	3071545	12	0.92	1	1
3073110	3073129	20	7.35	7	9
3073607	3073679	73	1.84	2	3
3074469	3074635	167	0.00	0	0
3075444	3075587	144	1.08	1	3
3076718	3076893	176	0.73	1	1
3078076	3078157	82	0.13	0	1
3078983	3079308	326	1.33	1	3
3080455	3080580	126	6.48	3	21
3081031	3081118	88	0.69	1	3
3081590	3081603	14	20.64	21	27
3082339	3082351	13	14.85	12.5	38
3082754	3082890	137	0.72	1	2
3083368	3083373	6	1.67	2	2
3084301	3084484	184	35.27	11	113
3085553	3085712	160	5.91	4	102
3086181	3086214	34	4.38	3	16
3086752	3086819	68	23.18	1	112
3087933	3087949	17	47.24	56.5	78
3088982	3089044	63	2.89	2	8
3092595	3092707	113	14.30	12	24
3092776	3092950	175	0.62	0	2
3093464	3093478	15	38.80	49.5	52
3093746	3093904	159	86.74	27.5	260
3094898	3095110	213	0.43	0	10
3096872	3096958	87	0.00	0	0
3097643	3097653	11	4.18	4.5	6
3098936	3098963	28	1.54	2	2
3100167	3100174	8	95.00	108	114
3102204	3102363	160	0.91	0	5
3104909	3104974	66	0.03	0	1
3105041	3105055	15	0.00	0	0
3105617	3105618	2	3.00	6	6
3107305	3107310	6	2.50	3	3
3107635	3107767	133	1.30	1	2
3108395	3108415	21	27.19	29	32
3110063	3110166	104	3.68	4	7
3110735	3110779	45	3.58	4	4
3112287	3112464	178	1.96	1	10
3113457	3113657	201	0.00	0	0
3114810	3115045	236	0.68	0	2
3115301	3115407	107	3.96	4	6
3115717	3115743	27	5.70	6	7
3116745	3116816	72	0.00	0	0
3119034	3119061	28	0.00	0	0
3119104	3119184	81	0.00	0	0
3123574	3123624	51	1.12	1.5	2
3123964	3123966	3	1.67	2.5	3
3124981	3124995	15	0.93	1	1
3126142	3126239	98	0.54	1	1
3128961	3128972	12	9.00	11	12
3132712	3132891	180	0.61	1	2
3133537	3133708	172	1.24	1	4
3134591	3134595	5	2.40	3	3
3135538	3135787	250	0.22	0	1
3136597	3136619	23	6.65	6	13
3137231	3137270	40	1.18	2	3
3138018	3138098	81	2.35	2	5
3140482	3140486	5	0.00	0	0
3142220	3142308	89	0.00	0	0
3143626	3143634	9	1.78	2	2
3145169	3145170	2	12.50	25	25
3147871	3147958	88	19.15	20	28
3148256	3148384	129	9.17	5	21
3149974	3150170	197	0.97	0	10
3151199	3151201	3	3.33	5	5
3152948	3152964	17	3.00	3	4
3153032	3153038	7	16.00	19	19
3154629	3154653	25	1.40	1	2
3155869	3155873	5	0.00	0	0
3155925	3155927	3	0.67	1	1
3155979	3155981	3	0.00	0	0
3156033	3156035	3	0.00	0	0
3156087	3156147	61	0.84	1	1
3157519	3157520	2	0.50	1	1
3158142	3158164	23	3.30	3	5
3160519	3160521	3	3.33	5	5
3162059	3162267	209	1.33	1	5
3164113	3164151	39	3.67	4	6
3165190	3165204	15	2.80	3	3
3166582	3166683	102	0.80	1	2
3167800	3167951	152	0.84	1	1
3168172	3168181	10	0.00	0	0
3168381	3168582	202	0.63	1	2
3172998	3173090	93	1.25	1	3
3174015	3174058	44	0.09	0	1
3174641	3174746	106	0.83	1	1
3175370	3175453	84	0.00	0	0
3177263	3177536	274	0.28	0	3
3177816	3177821	6	4.17	5	5
3178083	3178457	375	8.27	2	42
3179310	3179367	58	29.78	42	53
3180529	3180547	19	39.68	34	99
3181760	3181769	10	0.00	0	0
3183009	3183137	129	1.51	0	12
3183823	3183904	82	0.00	0	0
3184565	3184719	155	0.94	1	2
3184820	3184846	27	0.00	0	0
3186932	3187029	98	0.20	0	2
3187609	3187662	54	0.81	1	1
3187975	3188007	33	10.76	11	15
3188869	3188875	7	0.86	1	1
3189395	3189850	456	2.38	2	9
3190676	3190700	25	1.92	2	3
3191619	3191643	25	10.80	11	14
3192199	3192201	3	1.33	2	2
3192252	3192254	3	3.67	5.5	6
3192305	3192307	3	3.33	5	5
3192358	3192372	15	6.80	7	8
3193156	3193392	237	0.74	0	7
3194149	3194165	17	10.35	11	11
3196848	3196863	16	1.62	2	2
3198283	3198291	9	13.44	15.5	17
3199105	3199118	14	7.64	9	9
3199980	3200265	286	3.20	2	12
3202018	3202419	402	0.61	1	2
3204288	3204380	93	0.90	0	3
3205230	3205264	35	10.09	10	12
3207940	3207941	2	0.50	1	1
3208326	3208575	250	0.72	1	1
3209404	3209405	2	0.50	1	1
3211743	3211802	60	2.88	2	9
3212106	3212161	56	0.84	1	2
3212954	3212969	16	4.00	4	5
3213852	3213911	60	21.85	26	34
3214251	3214627	377	4.60	3	17
3215570	3215592	23	0.17	0	1
3215658	3215664	7	2.14	3	3
3216355	3216360	6	0.83	1	1
3216889	3216904	16	0.69	1	1
3217145	3217154	10	5.00	7	8
3217641	3217826	186	4.81	3	16
3218268	3218338	71	1.76	1	8
3219212	3219273	62	2.63	4	4
3219859	3219862	4	0.00	0	0
3221696	3221766	71	1.06	1	3
3223522	3223567	46	0.98	1	1
3224678	3224707	30	7.23	6	12
3226283	3226362	80	0.00	0	0
3228241	3228253	13	2.77	3	3
3230678	3230737	60	2.37	2	4
3232504	3232870	367	1.63	1	7
3234137	3234188	52	1.48	2	3
3237804	3237817	14	0.79	1	1
3238497	3238600	104	0.00	0	0
3239468	3239828	361	0.78	0	6
3241169	3241221	53	2.42	2	10
3241957	3242197	241	2.06	1	16
3243279	3243696	418	15.99	12	64
3267729	3267736	8	5.25	6	6
3272201	3272213	13	1.85	2	2
3274900	3274948	49	0.45	0	1
3276215	3276379	165	1.71	1	5
3282713	3283334	622	1.14	1	4
3287830	3288462	633	0.61	0	8
3290504	3290623	120	0.00	0	0
3291323	3291502	180	1.00	1	2
3299952	3299970	19	1.89	2	2
3300568	3300595	28	3.50	3	5
3302453	3303102	650	10.89	1	112
3304246	3304440	195	3.17	4	11
3305251	3305278	28	0.14	0	1
3306533	3306665	133	2.46	3	5
3307389	3307579	191	1.08	1	6
3308543	3308667	125	0.05	0	1
3309397	3309469	73	1.44	2	2
3310295	3310713	419	0.56	0	3
3311998	3312100	103	1.68	2	2
3312836	3312952	117	7.74	8	20
3313199	3313237	39	1.56	1	4
3313670	3313772	103	1.28	2	3
3315120	3315235	116	0.39	0	2
3316454	3316528	75	1.28	1	3
3317459	3318329	871	2.80	0	35
3318813	3318834	22	3.14	3	5
3318887	3318900	14	0.93	1	1
3319465	3319467	3	0.00	0	0
3319566	3319568	3	0.00	0	0
3323044	3323070	27	0.00	0	0
3323701	3323708	8	3.00	3	5
3324474	3324572	99	20.32	24.5	40
3325701	3325882	182	4.97	3	15
3326947	3327022	76	1.54	2	2
3329944	3329948	5	1.60	2	2
3331610	3331865	256	7.46	0	45
3332026	3332070	45	35.16	32.5	57
3332752	3332786	35	0.57	1	1
3335790	3335959	170	0.91	1	4
3336503	3336795	293	0.58	0	3
3337915	3337994	80	5.08	4	17
3338997	3339117	121	0.40	0	1
3339760	3339853	94	1.34	1	4
3342080	3342164	85	7.68	8	13
3343818	3344032	215	1.32	1	10
3344627	3344653	27	0.00	0	0
3346073	3346146	74	0.55	1	1
3346846	3346858	13	17.00	18	19
3347717	3347981	265	21.32	18.5	63
3348471	3348476	6	0.50	1	1
3348617	3348658	42	16.98	17	20
3348728	3348804	77	7.78	9	13
3351066	3351268	203	0.53	0	2
3353466	3353482	17	14.18	16	16
3355067	3355098	32	0.09	0	2
3356539	3356749	211	16.18	12	35
3357465	3357601	137	1.24	1	3
3358565	3358611	47	0.00	0	0
3359269	3359584	316	1.94	1	7
3360584	3360623	40	3.80	4	6
3361128	3361129	2	1.50	3	3
3362984	3363209	226	2.92	3	8
3363273	3363347	75	1.47	1	6
3363684	3363692	9	5.33	6	6
3364530	3364708	179	0.82	1	3
3365828	3365835	8	8.00	9	10
3366448	3366643	196	0.12	0	1
3368791	3368822	32	10.59	12	14
3369852	3369883	32	0.16	0	1
3371728	3371814	87	0.05	0	1
3372469	3372544	76	1.57	2	2
3374618	3374650	33	1.94	2	2
3375662	3375757	96	2.83	1	12
3376385	3376489	105	4.98	5	7
3376850	3376938	89	0.00	0	0
3378241	3378328	88	0.61	1	1
3378413	3378710	298	1.13	1	4
3378999	3379035	37	0.70	1	1
3379327	3379375	49	0.98	1	1
3380991	3381350	360	1.55	1	8
3382672	3382784	113	8.58	9	17
3385064	3385162	99	1.92	2	4
3386917	3387001	85	0.66	1	1
3387067	3387074	8	0.88	1	1
3388029	3388069	41	3.83	4	6
3388868	3389100	233	0.69	1	3
3391500	3391533	34	0.79	1	1
3392776	3392811	36	0.00	0	0
3393199	3393379	181	0.30	0	1
3393926	3394018	93	2.71	3	4
3394919	3395378	460	0.82	1	2
3397139	3397213	75	2.55	3	6
3398288	3398424	137	2.68	1	7
3399406	3399418	13	0.92	1	1
3400181	3400191	11	3.09	4	10
3401916	3401932	17	0.00	0	0
3403160	3403199	40	24.55	23	34
3404919	3405135	217	23.44	1	155
3406213	3406284	72	6.90	8	13
3407686	3408021	336	0.90	1	8
3408304	3408403	100	0.72	1	2
3409376	3409508	133	7.97	8	11
3411081	3411216	136	1.24	1	4
3411955	3412084	130	10.94	8	39
3414179	3414231	53	8.00	7	13
3414682	3414718	37	15.46	16	19
3414956	3415434	479	127.76	52	506
3415987	3416080	94	0.35	0	1
3416693	3416704	12	1.83	2	2
3417743	3417798	56	1.02	2	2
3418660	3418725	66	4.36	5	7
3419374	3419491	118	3.37	2	22
3420968	3421740	773	4.53	2	21
3423211	3423261	51	2.65	3	4
3425425	3425583	159	3.54	4	6
3427105	3427242	138	1.04	0	7
3429517	3429824	308	0.93	1	3
3430248	3430386	139	1.67	1	5
3431313	3431427	115	11.70	11	19
3431836	3431839	4	5.75	10	11
3431910	3431978	69	1.12	0.5	3
3433620	3433691	72	1.54	2	2
3435571	3435797	227	1.42	1	3
3436320	3436328	9	0.89	1	1
3436683	3436778	96	0.88	1	1
3438971	3439071	101	2.35	0	10
3441350	3441352	3	11.00	16.5	17
3441752	3441769	18	1.00	1	2
3442595	3442655	61	0.85	1	1
3445986	3446039	54	1.02	1	2
3447276	3447403	128	1.79	2	3
3448424	3448503	80	0.07	0	1
3449989	3449996	8	7.25	10	10
3451748	3451780	33	2.82	3	4
3452885	3452924	40	35.75	36	61
3457270	3458210	941	0.66	0	4
3459096	3459115	20	3.70	4	4
3460805	3460813	9	0.44	0.5	1
3461732	3461759	28	19.96	26	42
3463889	3463972	84	0.65	1	1
3464447	3464546	100	0.33	0	2
3465684	3465777	94	1.05	1	5
3467089	3467209	121	1.95	1	4
3467924	3467966	43	5.86	4	40
3468332	3468412	81	83.72	2	2614
3469262	3469300	39	0.05	0	1
3469781	3469785	5	0.00	0	0
3470677	3470679	3	0.67	1	1
3471367	3471412	46	3.96	4	6
3471848	3471851	4	0.00	0	0
3473902	3474006	105	1.68	2	3
3475375	3475377	3	0.67	1	1
3476959	3477059	101	8.27	9	16
3477498	3477648	151	0.00	0	0
3478726	3478778	53	0.00	0	0
3479681	3479699	19	0.95	1	1
3479949	3480073	125	0.83	1	2
3480740	3480758	19	0.00	0	0
3481287	3481398	112	4.22	4	8
3482720	3482775	56	0.73	1	1
3483943	3483973	31	5.58	7	7
3484805	3484808	4	3.75	5	5
3485109	3485131	23	2.09	2	5
3486172	3486508	337	1.00	1	4
3487709	3488088	380	0.48	0	5
3488557	3488568	12	1.83	2	2
3489061	3489505	445	3.77	2	76
3490373	3490475	103	9.53	12	17
3491649	3491807	159	1.29	1	6
3492120	3492146	27	82.74	37	253
3494179	3494647	469	14.27	8	63
3496364	3496550	187	838.24	24	3439
3499913	3499942	30	506.37	516	891
3500747	3501333	587	8.31	2	116
3501730	3501793	64	24.45	26	33
3502934	3502944	11	18.73	21	21
3503275	3503392	118	1.73	2	8
3504173	3504194	22	3.95	5	6
3505281	3505362	82	21.52	6	82
3506767	3506789	23	8.91	10	10
3507993	3507996	4	2.25	3	3
3508062	3508094	33	0.88	1	4
3509064	3509117	54	16.93	19	25
3509544	3509653	110	0.03	0	1
3510053	3510087	35	3.80	4	6
3511315	3511681	367	2.19	1	9
3512066	3512076	11	1.82	2	2
3513336	3513337	2	1.50	3	3
3519164	3519281	118	0.98	1	2
3522221	3522233	13	2.31	3	5
3527383	3527390	8	4.38	5	5
3529161	3529337	177	2.16	2	5
3529977	3529989	13	1.08	1	2
3531136	3531207	72	1.26	1	3
3532911	3532942	32	1.62	2	2
3533903	3533912	10	0.90	1	1
3535349	3535430	82	1.24	1	3
3536055	3536101	47	0.40	0	2
3537236	3537237	2	2.00	4	4
3538360	3538504	145	2.06	2	4
3540743	3540881	139	15.68	16	26
3541362	3541442	81	0.54	0	2
3542043	3542137	95	0.79	1	3
3542843	3542859	17	0.94	1	1
3545298	3545446	149	2.05	2	6
3546305	3546389	85	1.18	1	2
3546795	3547617	823	0.68	0	5
3548905	3549253	349	0.88	1	2
3549686	3549690	5	5.60	7	7
3550141	3550373	233	0.60	0	3
3551042	3551160	119	0.60	1	1
3551202	3551226	25	0.00	0	0
3551227	3551229	3	0.00	0	0
3552582	3552584	3	0.00	0	0
3552585	3552709	125	0.00	0	0
3552710	3552712	3	0.00	0	0
3554065	3554067	3	1.00	1.5	2
3554068	3554297	230	1.88	2	10
3555260	3555421	162	1.25	1	4
3556685	3556854	170	0.30	0	4
3557062	3557310	249	13.15	13	20
3558343	3559317	975	0.39	0	4
3559441	3559562	122	14.34	1	348
3560022	3560110	89	1.55	1	7
3560178	3560193	16	2.00	2	3
3563170	3563263	94	1.90	2	4
3564284	3564363	80	4.22	3	62
3565780	3565787	8	0.88	1	1
3566685	3566695	11	7.82	8	10
3566894	3567023	130	0.83	1	1
3568365	3568400	36	10.00	12	14
3568677	3569108	432	30.74	25	101
3571209	3571334	126	2.74	2	7
3571587	3571601	15	3.73	4	4
3572541	3572601	61	0.00	0	0
3573667	3573730	64	1.02	1	2
3580198	3580637	440	4.59	4	13
3581310	3581314	5	3.00	4	4
3581618	3581626	9	14.33	16	17
3582503	3582531	29	7.00	8.5	9
3583708	3583800	93	6.30	6	11
3584656	3585003	348	8.84	7	31
3585947	3586273	327	0.59	0	2
3586832	3586843	12	3.00	3	4
3587537	3587797	261	4.35	3	15
3589379	3589393	15	21.40	26	27
3590615	3590627	13	0.00	0	0
3591490	3591492	3	7.33	11	11
3591567	3591645	79	0.94	1	2
3593370	3593525	156	0.00	0	0
3593788	3593803	16	7.12	8	8
3594233	3594467	235	0.26	0	7
3595431	3595712	282	11.72	3	40
3595965	3595981	17	3.29	3.5	4
3596015	3596028	14	1.86	2	2
3597532	3597550	19	15.68	17	19
3597764	3598050	287	9.83	7	26
3599549	3599850	302	2.28	1	7
3602438	3602563	126	2.81	4	6
3603320	3603376	57	0.07	0	1
3605716	3605750	35	47.14	45.5	81
3607032	3607111	80	46.76	46	62
3608252	3608363	112	5.07	4	21
3609755	3609780	26	0.88	1	1
3610369	3610373	5	2.40	3	6
3611187	3611299	113	3.03	3	4
3611939	3611958	20	9.05	9	19
3613114	3613120	7	9.43	12	12
3613601	3613663	63	6.81	7	13
3614396	3614456	61	1.90	2	3
3617601	3617681	81	5.41	6	8
3620529	3620609	81	6.41	5	11
3621252	3621569	318	98.21	36	403
3622209	3622248	40	7.20	7	9
3623089	3623158	70	2.06	3	4
3624908	3624909	2	1.50	3	3
3626611	3626613	3	15.00	22.5	23
3627347	3627418	72	0.26	0	1
3628076	3628082	7	0.86	1	1
3628148	3628159	12	3.42	4	4
3629645	3629751	107	5.97	5	17
3630564	3630570	7	3.43	4	4
3630736	3630737	2	1.00	2	2
3631986	3632096	111	0.14	0	2
3633582	3633674	93	0.09	0	1
3636265	3636274	10	2.70	3	3
3638707	3638810	104	0.09	0	1
3639300	3639424	125	4.82	4.5	13
3639842	3639871	30	2.93	3	4
3640139	3640542	404	3.79	3	11
3642879	3643176	298	0.15	0	3
3644836	3644897	62	2.50	2	4
3645975	3645978	4	6.75	9	9
3646882	3646894	13	1.31	1	2
3647807	3647884	78	2.97	3	5
3649379	3649419	41	1.05	1	2
3650107	3650233	127	4.97	2	14
3650513	3650525	13	18.00	19	21
3653345	3653447	103	2.35	1	8
3654630	3654636	7	13.71	16	17
3658087	3658113	27	4.07	4	7
3661167	3661211	45	0.33	0	1
3662010	3662061	52	0.12	0	2
3664885	3664927	43	0.49	0	7
3666247	3666356	110	1.46	1	4
3668157	3668168	12	9.92	11	12
3669386	3669585	200	23.50	24	38
3669997	3670033	37	4.16	4	7
3670409	3670444	36	18.28	19	24
3671792	3671844	53	1.09	1	6
3672295	3672327	33	4.18	5	5
3673573	3673601	29	0.00	0	0
3675084	3675185	102	0.92	1	1
3675993	3676065	73	0.40	0	1
3676729	3676774	46	4.04	4	5
3681314	3681319	6	0.00	0	0
3682085	3682109	25	1.28	1	2
3683022	3683050	29	0.34	0	2
3685961	3685982	22	1.09	1	2
3686898	3686911	14	0.57	1	1
3687575	3687684	110	4.48	3	8
3689440	3689456	17	9.29	10	10
3690936	3691140	205	0.29	0	2
3691618	3691638	21	2.62	2	4
3693987	3694053	67	0.97	1	3
3694858	3694863	6	0.83	1	1
3696466	3696469	4	2.25	3	3
3697091	3697197	107	1.57	0	6
3698095	3698120	26	0.96	1	1
3699381	3699403	23	2.30	2	3
3700328	3700704	377	14.97	2	107
3701014	3701086	73	14.81	1.5	76
3702182	3702183	2	2.50	5	5
3703863	3704059	197	0.85	0	3
3704869	3704894	26	5.08	5	7
3706770	3706771	2	2.00	4	4
3707561	3707567	7	0.86	1	1
3707633	3707641	9	0.00	0	0
3708068	3708073	6	4.33	5	6
3708314	3708437	124	0.32	0	4
3709712	3709714	3	0.00	0	0
3710377	3710381	5	0.00	0	0
3711734	3711736	3	0.67	1	1
3714330	3714391	62	0.00	0	0
3715706	3715776	71	0.24	0	1
3716992	3717089	98	0.13	0	1
3719744	3719936	193	1.26	1	4
3720780	3721256	477	2.15	1	8
3721695	3721730	36	8.17	9	9
3722598	3722620	23	1.52	2	2
3723629	3723655	27	0.33	0	2
3724546	3724549	4	1.50	2	2
3725842	3725970	129	0.47	0	6
3726088	3726126	39	27.79	30	33
3727474	3727487	14	5.36	6	7
3729353	3729363	11	2.73	3	3
3736933	3738157	1225	0.39	0	3
3742772	3743197	426	0.84	1	4
3743603	3743710	108	0.54	0	3
3753182	3753764	583	2.01	1	15
3754254	3754292	39	0.00	0	0
3755031	3755413	383	0.58	0	4
3755598	3755951	354	1.22	0	6
3767100	3767345	246	3.76	2	23
3768138	3768221	84	0.61	1	1
3768731	3768735	5	0.80	1	1
3768994	3769110	117	0.76	0	7
3769498	3769513	16	2.25	2	3
3770647	3770772	126	0.00	0	0
3771300	3771343	44	0.59	1	1
3772532	3772650	119	0.65	1	3
3773565	3773573	9	0.00	0	0
3777499	3777736	238	1.18	1	4
3778199	3778567	369	1.08	0	7
3780332	3780334	3	5.33	8	8
3781410	3781500	91	4.70	3	18
3784738	3784931	194	3.90	0	38
3786270	3786313	44	43.16	42	67
3787487	3787545	59	0.36	0	1
3787631	3787725	95	1.40	1	2
3788365	3788367	3	0.00	0	0
3788614	3788620	7	0.00	0	0
3790046	3790155	110	0.00	0	0
3790807	3790847	41	2.05	2	3
3792351	3792357	7	1.71	2	2
3793246	3793256	11	0.91	1	1
3794865	3794870	6	0.00	0	0
3795046	3795057	12	0.92	1	1
3796410	3796447	38	0.00	0	0
3797435	3797436	2	0.00	0	0
3798487	3799242	756	0.77	1	3
3799633	3799634	2	0.50	1	1
3799941	3799986	46	2.57	3	4
3801552	3801652	101	0.96	0	9
3803846	3803849	4	1.50	2	2
3803916	3803918	3	0.67	1	1
3804789	3804864	76	2.57	2	5
3805573	3805620	48	7.85	8	12
3807571	3807573	3	4.00	6	6
3808435	3808460	26	0.00	0	0
3809385	3809441	57	0.02	0	1
3811634	3811718	85	0.00	0	0
3812343	3812500	158	1.11	1	2
3814076	3814089	14	0.93	1	2
3814996	3815026	31	1.77	2	2
3816104	3816128	25	0.92	1	1
3817173	3817238	66	0.42	0	2
3818025	3818041	17	1.24	1	2
3820400	3820652	253	0.65	0	5
3821889	3822261	373	0.64	0	2
3823861	3823879	19	1.05	1	2
3824582	3824701	120	4.55	4	13
3825266	3825329	64	0.77	1	1
3826215	3826251	37	0.00	0	0
3826956	3826990	35	345.69	375	437
3828725	3828782	58	1.71	2	2
3829908	3829929	22	12.32	13	16
3831517	3831725	209	8.36	1	65
3832134	3832145	12	109.08	118	129
3833674	3833693	20	0.00	0	0
3834519	3834891	373	7.76	0	49
3835198	3835201	4	30.75	41	41
3835267	3835271	5	0.00	0	0
3836889	3836985	97	1.99	2	7
3837286	3837554	269	8.86	7	30
3841418	3841713	296	0.41	0	1
3842074	3842238	165	0.58	0	2
3842767	3843035	269	0.52	1	1
3843732	3843884	153	1.56	1	4
3845968	3847164	1197	0.49	0	1
3848804	3849293	490	1.07	1	6
3850297	3850371	75	2.76	3	5
3851752	3851791	40	0.38	0	1
3853211	3853214	4	1.50	2	2
3853926	3853938	13	1.31	1	2
3854791	3855014	224	3.27	2	14
3856887	3856910	24	1.17	1	4
3857385	3857396	12	7.50	8	9
3858237	3858258	22	6.95	7	8
3859660	3859664	5	1.60	2	2
3859974	3860023	50	6.22	6	8
3861368	3861494	127	2.57	2	5
3862388	3862623	236	5.77	5	25
3862924	3862946	23	0.96	1	1
3863262	3863316	55	0.00	0	0
3868236	3868351	116	0.35	0	1
3872494	3872616	123	0.93	1	3
3873403	3873451	49	0.88	1	4
3874130	3874403	274	8.34	8	15
3874734	3874821	88	0.61	1	1
3876859	3876889	31	1.81	1.5	3
3877430	3877463	34	1.97	2	3
3878505	3878658	154	6.92	3	25
3879262	3879272	11	19.91	22	22
3879690	3879695	6	10.00	12	12
3880068	3880285	218	14.28	13	26
3880397	3880431	35	24.23	23.5	36
3880651	3880906	256	28.84	10	125
3881762	3881836	75	0.71	1	1
3882830	3882833	4	8.25	11	11
3883440	3883524	85	1.12	2	2
3884919	3884974	56	4.93	5	6
3886067	3886072	6	1.67	2	2
3887081	3887143	63	0.00	0	0
3888800	3888807	8	0.88	1	1
3889339	3889361	23	0.00	0	0
3889866	3889947	82	0.00	0	0
3890737	3890778	42	0.00	0	0
3892131	3892370	240	4.20	2	91
3893718	3894092	375	9.72	2	47
3894387	3894425	39	63.05	68	74
3895605	3895789	185	27.61	23	61
3898883	3898908	26	5.27	6	8
3900400	3900492	93	0.20	0	1
3901180	3901323	144	0.00	0	0
3902104	3902149	46	1.28	1	3
3902810	3903077	268	9.08	7	28
3904614	3904621	8	37.75	44	44
3905564	3905771	208	1.05	1	2
3907005	3907666	662	66.32	23	541
3907988	3908071	84	0.92	1	3
3908234	3908235	2	2.50	5	5
3909736	3909754	19	1.68	2	3
3909820	3909889	70	1.11	1	6
3910945	3910946	2	1.00	2	2
3911673	3911674	2	3.00	6	6
3913367	3913379	13	4.62	5	5
3917996	3917997	2	2.00	4	4
3919198	3919219	22	1.18	1	2
3920060	3920096	37	1.81	2	6
3920859	3921086	228	1.51	1	5
3922038	3922064	27	18.30	19	23
3922257	3922470	214	2.04	2	9
3923671	3923697	27	0.67	1	1
3924817	3924889	73	0.58	1	2
3926396	3926568	173	3.12	0	18
3930712	3931004	293	4.07	4	7
3936708	3936876	169	9.50	11	20
3939255	3939616	362	1.70	1	23
3941759	3945091	3333	0.38	0	7
3945746	3945793	48	3.15	3	4
3950261	3950823	563	1.36	1	5
3952468	3952543	76	2.87	3	4
3953333	3953430	98	1.74	2	7
3954268	3954324	57	0.32	0	2
3955519	3955549	31	4.71	6	7
3956258	3956324	67	10.72	4	22
3957366	3957520	155	2.87	3	7
3958430	3958447	18	0.00	0	0
3959510	3959528	19	2.68	3	4
3960711	3960754	44	0.93	1	2
3961784	3961799	16	2.75	3	3
3962322	3962438	117	0.75	0	3
3963597	3963604	8	5.25	6	6
3964052	3964478	427	4.71	2	22
3965190	3965883	694	0.48	0	4
3967036	3967037	2	1.50	3	3
3968942	3969342	401	0.35	0	1
3970561	3970704	144	0.88	1	4
3972451	3972551	101	0.85	1	3
3974498	3974510	13	0.85	1	2
3975294	3975368	75	1.04	1	3
3977058	3977061	4	1.50	2	2
3977920	3978058	139	0.06	0	1
3979496	3979498	3	2.67	4	4
3980657	3980658	2	0.50	1	1
3984142	3984143	2	1.50	3	3
3985443	3985556	114	0.47	0	1
3986730	3986843	114	1.11	1	2
3987297	3987381	85	1.51	2	2
3988294	3988318	25	0.88	1	1
3989096	3989152	57	2.23	3	5
3989894	3989895	2	0.50	1	1
3991521	3991567	47	0.34	0	2
3994740	3994829	90	1.54	2	3
3995697	3995803	107	13.04	8	41
3996962	3997028	67	1.73	2	3
3997629	3997979	351	0.66	0	3
3999636	3999646	11	3.45	4	4
4001587	4001636	50	0.00	0	0
4003158	4003160	3	1.33	2	2
4008431	4008650	220	0.99	1	5
4008716	4008718	3	2.67	4	4
4009280	4009296	17	1.00	1	2
4011069	4011085	17	27.00	28.5	30
4012268	4012416	149	3.52	4	11
4013491	4013510	20	7.95	8	10
4014039	4014076	38	4.34	5	5
4016210	4016483	274	10.79	10	29
4017081	4017088	8	2.88	3	4
4018166	4018357	192	1.04	0	10
4019069	4019261	193	1.54	1	4
4020126	4020141	16	0.12	0	1
4021381	4021389	9	0.00	0	0
4022391	4022393	3	1.00	1.5	2
4023801	4023867	67	1.24	1	2
4025037	4025055	19	36.16	41	44
4025542	4025829	288	5.08	2	29
4026376	4026443	68	15.81	19	21
4027884	4027890	7	0.00	0	0
4028965	4028967	3	5.33	8	8
4029760	4029870	111	6.27	3	20
4033156	4033268	113	0.95	1	4
4034040	4034056	17	0.35	0	2
4035708	4035856	149	1.75	2	4
4036682	4036730	49	13.98	16	19
4038048	4038157	110	12.01	4	30
4040702	4040878	177	5.58	6	10
4040971	4040980	10	4.20	5	5
4041317	4041422	106	4.35	5	8
4042938	4042951	14	0.79	1	1
4043033	4043040	8	0.88	1	1
4043857	4043861	5	0.00	0	0
4044279	4044280	2	3.00	6	6
4046116	4046302	187	0.51	0	3
4047494	4047704	211	0.57	0.5	2
4048179	4048180	2	1.00	2	2
4050583	4050600	18	3.50	4	5
4052881	4052948	68	3.60	4	9
4053845	4053880	36	11.42	11	14
4054040	4054141	102	37.11	44	66
4054694	4054811	118	1078.83	1094	1763
4055121	4055196	76	302.34	308	346
4056373	4057732	1360	11.82	1	251
4059883	4059983	101	6.06	6	8
4060266	4060294	29	3.17	3	4
4060589	4060647	59	0.93	0	6
4061887	4061898	12	0.00	0	0
4062196	4062526	331	0.61	0	2
4063247	4063253	7	18.00	21	21
4067283	4067422	140	1.23	1	8
4067909	4067956	48	1.19	1	4
4069052	4069174	123	2.28	3	5
4070468	4070513	46	0.74	1	1
4071578	4071790	213	58.96	32	180
4072664	4072666	3	3.33	5	5
4073609	4073633	25	1.92	2	2
4075407	4075614	208	0.26	0	1
4077748	4077883	136	0.00	0	0
4078448	4078505	58	0.00	0	0
4079796	4079924	129	0.00	0	0
4080558	4080570	13	2.62	3	3
4080763	4081159	397	0.35	0	5
4081349	4081361	13	0.00	0	0
4081435	4081515	81	0.68	0	7
4082719	4082806	88	1.83	2	6
4087255	4087609	355	12.79	2	97
4088186	4088254	69	1.41	2	2
4088320	4088327	8	12.25	14	14
4088529	4088780	252	7.25	5	20
4091094	4091232	139	0.35	0	1
4091515	4091840	326	1.56	2	4
4092876	4093467	592	1.02	1	4
4093520	4093631	112	6.38	3	18
4094525	4094659	135	0.85	0.5	2
4095298	4095323	26	0.50	1	1
4095528	4095539	12	1.50	2	2
4096113	4096138	26	0.88	1	1
4097992	4098095	104	23.95	8	174
4099146	4099384	239	13.30	8	80
4099476	4099646	171	8.34	3	119
4100508	4100668	161	6.20	6	21
4100966	4101264	299	120.88	34	2036
4104518	4104530	13	0.92	1	1
4105455	4105458	4	0.75	1	1
4107082	4107791	710	1.18	1	14
4109745	4109782	38	2.39	3	3
4110479	4110826	348	5.02	5	11
4111343	4111345	3	0.67	1	1
4113513	4113520	8	2.62	3	3
4114340	4114473	134	3.04	3	5
4115155	4115156	2	3.00	6	6
4115892	4116001	110	0.83	0	7
4116377	4116477	101	11.43	13	16
4117150	4117191	42	6.12	6	7
4118050	4118058	9	28.67	32	33
4118512	4118529	18	43.83	48	53
4118689	4118775	87	1.25	1	9
4120953	4121197	245	4.28	2	16
4121552	4121915	364	4.27	3	12
4124346	4124416	71	61.73	66	99
4125374	4125438	65	2.52	3	3
4126477	4126540	64	2.33	2	8
4126615	4127024	410	1.83	1	10
4127272	4127294	23	1.52	2	2
4128723	4128750	28	3.14	4	5
4129081	4129322	242	1.16	0	4
4129689	4129892	204	12.12	12	20
4130355	4130356	2	0.50	1	1
4131710	4131738	29	2.97	3	4
4132390	4132517	128	4.23	5	8
4134590	4134600	11	0.91	1	1
4134723	4134725	3	0.00	0	0
4136046	4136121	76	3.22	3	4
4137112	4137205	94	2.05	1	9
4138136	4138201	66	10.70	10	16
4139753	4139804	52	5.33	6	8
4140461	4140492	32	1.94	2	2
4142020	4142043	24	0.96	1	1
4142743	4142747	5	15.20	19	19
4143918	4143950	33	1.52	2	2
4145612	4145613	2	0.50	1	1
4148184	4148317	134	11.93	12	27
4148960	4149090	131	2.44	3	6
4149478	4149590	113	2.65	2	24
4149909	4150029	121	1.81	2	3
4151038	4151179	142	2.32	2	5
4152215	4152217	3	2.67	4	4
4153481	4153739	259	12.61	4	50
4155672	4155739	68	10.71	12	14
4156727	4156980	254	0.56	0	6
4158220	4158226	7	0.86	1	1
4158920	4158930	11	0.91	1	1
4159819	4159888	70	0.74	1	1
4160498	4160511	14	4.57	5	6
4160911	4161047	137	1.42	1	3
4161771	4161814	44	1.00	1	2
4162256	4162305	50	0.46	0	1
4163716	4163735	20	2.95	3	4
4166729	4166820	92	1.43	1	4
4168126	4168153	28	18.71	14	30
4168282	4168344	63	7.75	2	32
4168431	4168535	105	6.16	6	9
4169298	4169466	169	2.05	2	6
4170167	4170213	47	1.00	1	2
4171141	4171420	280	7.25	5	15
4172612	4172954	343	1.40	1	5
4174761	4174872	112	0.06	0	1
4178068	4178284	217	2.56	1	9
4180613	4180679	67	1.69	1	3
4181718	4181757	40	0.00	0	0
4182832	4182933	102	0.72	0	2
4183990	4184011	22	5.27	5	7
4184510	4184525	16	25.94	31	33
4185888	4186088	201	2.30	3	6
4186575	4186633	59	5.20	5	8
4187693	4187698	6	1.67	2	2
4190278	4190283	6	1.67	2	2
4190515	4190832	318	0.48	0	4
4192177	4192178	2	1.00	2	2
4193243	4193390	148	2.11	2	4
4195371	4195439	69	0.84	1	2
4195800	4195885	86	0.93	1	2
4196096	4196170	75	1.24	1	2
4196504	4196723	220	2.88	1	12
4197105	4197235	131	3.18	3	5
4197593	4197627	35	0.06	0	2
4198175	4198204	30	3.10	3	4
4198595	4198855	261	13.82	1	89
4199087	4199127	41	0.49	0	3
4199215	4199246	32	0.03	0	1
4199703	4199720	18	7.72	8	9
4200219	4200384	166	1.07	0	5
4201886	4201893	8	4.38	5	5
4204415	4204425	11	2.73	3	3
4205371	4205537	167	0.86	1	3
4205838	4205861	24	5.08	5	8
4206915	4206995	81	1.86	2	3
4208874	4209046	173	0.55	0	2
4209524	4209581	58	11.67	10	20
4211007	4211079	73	1.63	2	3
4211782	4212292	511	0.80	1	3
4212980	4212995	16	32.25	34	35
4213938	4214069	132	1.24	0	6
4214427	4214614	188	0.15	0	3
4214885	4215199	315	1.85	1	17
4215773	4215880	108	0.05	0	1
4216061	4216077	17	0.00	0	0
4216267	4216403	137	0.20	0	1
4216728	4216864	137	2.94	2	22
4216935	4216967	33	1.82	0	17
4217054	4217133	80	0.00	0	0
4218193	4218240	48	2.56	3	3
4218823	4218848	26	1.00	1	2
4219671	4219684	14	12.79	14	15
4220930	4221088	159	0.73	1	4
4222665	4222693	29	0.72	1	3
4223678	4223698	21	5.05	6	6
4224893	4224984	92	0.73	1	2
4226983	4226988	6	1.67	2	2
4227523	4227528	6	3.33	4	4
4230098	4230255	158	0.39	0	3
4231234	4231319	86	5.47	3	10
4233595	4233609	15	0.00	0	0
4234534	4234779	246	0.32	0	1
4235263	4235373	111	11.00	12.5	20
4235737	4235778	42	2.02	2	3
4237162	4237164	3	5.33	8	8
4237927	4237929	3	0.67	1	1
4239861	4239862	2	0.00	0	0
4243145	4243232	88	0.01	0	1
4249808	4249877	70	0.47	0	1
4251003	4251084	82	3.28	1	9
4252864	4252992	129	0.35	0	1
4254325	4254379	55	1.75	2	2
4261144	4261152	9	14.44	17	18
4263064	4263354	291	13.09	4	41
4264363	4264562	200	8.62	8	20
4265460	4265572	113	4.66	5	8
4265636	4265641	6	13.50	16	17
4266656	4266952	297	3.10	1	12
4268834	4268924	91	5.46	6	10
4269831	4269839	9	0.89	1	1
4270335	4270365	31	3.52	4	6
4273473	4273738	266	3.78	4	8
4274591	4274797	207	2.95	3	5
4276415	4276570	156	1.63	1	4
4278083	4278393	311	0.55	0	2
4279213	4279229	17	15.47	16	18
4280013	4280032	20	5.60	6	7
4280786	4280791	6	6.00	8	8
4281569	4281646	78	1.45	2	2
4282400	4282448	49	0.98	1	2
4284329	4284418	90	1.56	1	5
4285823	4285972	150	2.68	3	4
4286684	4286720	37	4.86	5.5	6
4287933	4288259	327	3.81	3	8
4291527	4291638	112	8.30	10	12
4293172	4293224	53	4.28	5	9
4299603	4299811	209	0.83	0	8
4305006	4305055	50	0.00	0	0
4305683	4305756	74	2.28	2	5
4306809	4306866	58	0.07	0	1
4308912	4309046	135	1.19	1	3
4310394	4310400	7	3.57	4	5
4310812	4311008	197	4.01	3	15
4312667	4312764	98	1.14	2	2
4313539	4313566	28	1.25	1	2
4313978	4314177	200	1.13	1	13
4314721	4314737	17	1484.12	1628	1646
4315560	4315567	8	6.12	7	7
4316594	4317072	479	0.92	1	9
4317163	4318774	1612	2.17	1	22
4319264	4319280	17	0.94	1	1
4319638	4320703	1066	1.49	1	9
4321325	4321537	213	43.92	12	152
4322069	4322171	103	11.93	13	19
4322277	4322325	49	22.86	26	28
4323232	4323498	267	2.46	1	10
4323895	4324014	120	3.88	5	6
4324669	4324682	14	0.00	0	0
4324965	4325073	109	17.24	3	56
4325476	4325494	19	29.26	31	33
4325966	4326003	38	0.97	1	1
4327471	4327548	78	0.67	1	1
4328197	4328400	204	6.31	5	24
4329406	4329416	11	2.73	3	3
4329612	4330038	427	0.46	0	3
4336079	4336776	698	3.76	1	19
4338519	4338848	330	0.84	0	16
4340025	4340269	245	1.78	1	9
4341476	4341565	90	5.19	5	8
4341875	4341879	5	120.20	150	152
4342729	4342769	41	38.46	38.5	47
4345033	4345038	6	1.00	1	2
4346479	4346480	2	35.00	70	70
4348771	4348773	3	12.67	19	19
4348824	4348826	3	10.67	16	16
4350600	4350744	145	19.43	20	27
4351042	4351074	33	30.27	28.5	42
4352179	4352273	95	23.28	28	43
4352574	4352608	35	447.34	466	503
4352894	4353009	116	14.69	3	84
4356540	4356692	153	4.58	1.5	15
4357533	4357592	60	32.73	34	48
4359780	4360198	419	9.27	5	30
4361923	4362031	109	6.66	7	18
4364755	4364978	224	2.20	2	4
4366836	4366907	72	1.12	1	2
4372704	4372799	96	0.32	0	1
4373628	4373651	24	7.29	8	8
4373706	4373725	20	3.30	3	4
4374011	4374048	38	32.29	36	40
4374370	4374483	114	6.01	1	26
4375681	4375761	81	8.40	9	11
4375993	4376261	269	0.60	1	2
4380450	4380452	3	0.00	0	0
4381938	4381942	5	0.80	1	1
4382849	4383007	159	2.01	2	4
4383638	4383652	15	5.93	6	7
4383983	4384146	164	8.49	0	28
4386306	4386364	59	0.88	1	4
4386812	4387364	553	2.45	1	118
4390430	4390436	7	1.71	2	2
4390710	4390719	10	1.80	2	2
4391029	4391096	68	0.32	0	4
4391604	4391630	27	2.78	3	3
4393071	4393448	378	2.49	1	8
4400149	4400185	37	5.95	7	8
4400852	4400869	18	17.33	17	29
4401632	4401727	96	3.42	3	8
4403080	4403191	112	16.05	13	37
4404410	4404432	23	11.48	13	16
4405165	4405456	292	8.09	6	26
4408200	4408333	134	0.32	0	1
4408895	4408968	74	3.45	4	5
4410912	4411532	621	5.30	4	14
