#start	end	length	mean	median	max
1	99	99	9.67	8	20
1702	1889	188	48.88	27	120
2994	3233	240	41.29	28	147
5709	6159	451	17.11	18	62
6439	6483	45	4.73	5	7
6709	6731	23	5.87	6	7
6992	7248	257	7.28	8	13
7693	7769	77	5.04	6	7
8592	8672	81	11.89	13	16
8892	9188	297	11.03	9	28
9543	9598	56	6.11	7	8
11212	11416	205	0.70	0	4
12715	13396	682	2.60	2	5
16439	16485	47	7.74	8	10
18508	18846	339	1.70	2	4
19624	19660	37	9.59	11	11
19931	19946	16	19.81	21	25
20745	20749	5	5.20	6	8
22763	22783	21	37.57	39.5	44
23282	23735	454	4.91	1	36
24678	24792	115	6.48	6	10
25252	25568	317	3.97	2	15
27090	27205	116	9.47	9	13
27980	28034	55	18.85	19.5	24
29945	29971	27	23.96	25.5	30
32665	32713	49	108.20	117	123
33164	33315	152	23.40	8	71
33724	33807	84	41.68	41	60
35023	35029	7	41.71	49	50
38806	39210	405	12.37	5	57
39667	39981	315	6.43	4	19
41329	41464	136	13.04	5	64
41741	42126	386	182.11	13	653
44113	44889	777	9.57	9	27
46102	46153	52	12.75	11	18
47267	47780	514	30.26	14	100
48420	48459	40	92.62	94	112
49168	49392	225	19.92	18.5	37
50503	50816	314	9.19	4	29
51372	51425	54	4.06	2	15
52977	53088	112	19.23	17	33
53779	53891	113	51.17	43.5	79
54120	54371	252	33.77	33	78
54681	54795	115	44.59	42	74
55699	55840	142	9.95	7	45
56330	56388	59	40.39	41	48
56914	57130	217	11.84	3	76
58028	58195	168	3.57	2	9
59852	60227	376	7.00	3	27
61781	61860	80	7.11	7	11
63067	63171	105	5.64	3.5	14
64054	64055	2	3.00	6	6
65034	65130	97	2.29	2	3
65651	66051	401	2.57	1	20
68020	68069	50	13.46	12	23
68709	68765	57	19.04	21	24
69534	69573	40	22.00	24	28
70459	70474	16	7.31	8	9
71606	71875	270	40.69	14	194
72401	72556	156	55.05	54	83
73406	73482	77	151.88	111	321
73750	73884	135	410.46	460	685
74353	74357	5	349.60	435	454
74895	74941	47	420.13	455.5	501
76481	76551	71	715.62	721.5	1006
77428	77502	75	570.65	585.5	797
78895	79040	146	288.26	323	489
79464	79634	171	52.67	6	751
81405	81420	16	4.38	5	6
81649	82019	371	4.77	4	11
82809	83107	299	2.71	2	22
84200	84486	287	11.44	8	33
86886	87384	499	9.21	4	121
91306	91393	88	540.94	581	758
92531	93053	523	18.56	5	183
94206	94251	46	3.11	3	4
95041	95070	30	3.10	3	5
95680	95779	100	7.48	6	14
96209	96293	85	4.49	1	16
98733	99243	511	1.97	1	14
100648	100711	64	7.33	4	15
102892	103164	273	7.51	3	29
104683	105021	339	6.29	1	39
106081	106282	202	1.73	1	6
107357	107565	209	1.54	1	5
109285	109536	252	1.77	2	4
110923	110955	33	19.82	20	26
112072	112161	90	154.92	161	216
115087	115150	64	99.69	103	168
115529	115589	61	154.93	167	221
116706	116710	5	113.20	141.5	144
117110	117650	541	2.25	1	7
118053	118274	222	9.82	9	24
119325	119753	429	3.44	2	21
121836	121943	108	13.96	13	19
122844	123101	258	6.17	3	18
123175	123230	56	14.52	14	22
124508	124593	86	0.72	1	1
127968	127971	4	1.50	2	2
128783	128801	19	1.37	1	2
129003	129007	5	0.80	1	1
129218	129310	93	0.99	1	1
129748	129789	42	1.95	2	2
129985	130298	314	6.88	3	42
130791	131254	464	15.87	15	28
132335	132336	2	1.50	3	3
132784	132799	16	2.19	2	3
136153	136163	11	3.18	3.5	4
136500	136556	57	3.30	3	5
137064	137082	19	3.63	3	7
138253	138293	41	3.66	4	5
138927	138947	21	1.81	2	2
141543	141551	9	1.78	2	2
144029	144200	172	0.99	1	3
147437	147440	4	0.00	0	0
147783	147798	16	0.94	1	1
148003	148004	2	0.50	1	1
148482	148580	99	2.17	2	4
150278	150315	38	1.13	1	2
151126	151272	147	0.78	1	2
154092	154201	110	20.97	21	31
156464	157160	697	11.43	4	70
158577	159581	1005	158.07	17	1159
160113	161052	940	8.27	8	22
162204	162530	327	11.27	12	30
163098	163276	179	0.79	1	2
164198	164378	181	1.45	1	4
165318	165798	481	5.94	1	43
167524	167699	176	6.13	6	13
168324	168766	443	2.61	2	12
169823	169833	11	8.00	9.5	11
170446	170513	68	11.10	10	21
172373	172377	5	16.40	22	22
172597	172617	21	18.76	21	24
173647	173648	2	5.50	11	11
177164	177424	261	6.15	1	35
177746	177754	9	25.44	28	30
179309	179546	238	27.36	19	72
180699	181293	595	64.63	30	261
181504	181610	107	34.29	16	174
182307	182520	214	6.14	4	15
183421	183506	86	3.77	4	8
184326	184721	396	39.88	20	139
185016	185132	117	14.56	5	66
186195	186739	545	15.06	4	115
187058	187157	100	29.51	25	76
187722	187948	227	3.97	4	6
188807	188825	19	17.16	18	20
189873	189896	24	11.88	12	15
190269	190337	69	11.48	12.5	14
192600	192636	37	36.14	39	43
193168	193196	29	26.86	28	31
195207	195219	13	4.54	5	6
196881	196888	8	7.88	9	9
197954	197995	42	19.86	20	23
198389	198392	4	34.50	45	49
199110	199377	268	20.79	23	30
199894	199912	19	30.21	33	36
201188	201376	189	3.25	3	6
201905	202263	359	2.46	1	14
208113	208176	64	24.86	23	41
208900	209042	143	5.28	5	11
209110	209212	103	277.04	280.5	399
210629	210781	153	14.33	15	43
211133	211154	22	207.50	217	233
211983	212132	150	6.48	4	22
213585	213696	112	3.46	2	15
214390	215061	672	28.78	3	142
216202	216363	162	47.19	3	390
217567	217763	197	2.97	3	7
218436	218829	394	108.40	4	878
219121	219390	270	29.97	12	175
220549	220605	57	11.32	8	22
221095	221216	122	6.83	7	10
222473	223128	656	23.72	21	84
223756	223922	167	17.26	13	34
224823	225009	187	3.34	2	14
225472	225636	165	12.38	12	18
226219	226239	21	19.19	20	25
227412	227521	110	18.32	20	23
227595	227938	344	8.98	9	21
229025	229591	567	10.64	11	22
230003	230449	447	7.31	5	20
231851	231863	13	13.85	15	16
232005	232179	175	2.44	2	9
233047	233111	65	15.18	14	22
233745	233853	109	14.14	12.5	25
233912	233975	64	25.53	28	34
234810	234828	19	17.42	17	22
236083	237038	956	6.81	4	37
237984	238198	215	8.02	8	19
238793	239088	296	4.13	3	17
239773	240234	462	14.99	5	67
242509	242620	112	8.42	8	12
246206	246518	313	92.58	4	637
246699	246853	155	71.61	45	302
247949	248117	169	5.50	5	11
248622	248720	99	8.19	6.5	15
249414	249598	185	8.63	9	13
250229	250294	66	9.39	10	14
251114	251243	130	13.53	15	18
252330	252333	4	44.00	59	60
252925	252962	38	34.32	37	45
253767	253776	10	139.90	158	179
254059	254099	41	126.37	123.5	160
255096	255284	189	6.14	1	71
256572	257131	560	754.32	302	2976
258663	258729	67	97.81	46.5	388
258804	258846	43	320.70	337	411
258920	259226	307	1581.22	1587	3362
262106	262245	140	63.46	56	136
262359	263149	791	47.88	5	320
263233	263273	41	199.12	199	249
263345	263373	29	194.55	181.5	285
263446	263511	66	380.83	319	817
264700	264759	60	675.18	672	1007
264833	264874	42	379.74	353	508
265253	265256	4	359.25	474	492
265812	265957	146	493.64	491	795
266387	266389	3	383.67	575.5	577
267086	267386	301	945.55	961	2089
267882	267944	63	1722.57	1734	2273
268317	268690	374	130.90	144	308
272798	272821	24	109.79	111	159
277085	278068	984	4.37	3	37
279914	280195	282	297.36	10	955
280574	280749	176	425.12	382	909
281218	281339	122	251.08	257	334
283440	283485	46	720.61	792	849
284674	284821	148	280.48	317	386
285131	285307	177	285.54	277	410
285968	285969	2	167.50	335	335
286899	286903	5	414.00	517.5	518
287729	287741	13	868.85	951	1037
288015	288029	15	560.47	499.5	1032
288357	288370	14	660.64	640	1019
289169	289173	5	752.00	946	958
289588	289599	12	1008.08	1119	1159
290061	290364	304	512.08	446	1368
290731	290742	12	374.83	403	465
291046	291062	17	720.18	757.5	847
291600	291609	10	833.20	922	963
291913	291929	17	615.82	656	739
292323	292343	21	489.52	526	607
292872	292886	15	674.53	680	922
293250	293265	16	975.81	1026	1138
293782	293790	9	743.11	835	844
293980	294009	30	498.20	597	635
294442	294487	46	678.28	570	1077
295832	295843	12	700.33	791	799
296601	296626	26	456.73	439	664
297026	297175	150	390.14	336	653
297797	297921	125	312.96	305.5	520
298897	299045	149	146.31	137.5	242
299436	299570	135	13.69	3	103
301816	301904	89	28.87	18	68
302901	303148	248	16.85	11	55
303806	304054	249	42.27	12	187
304712	304840	129	28.59	22	65
307019	307025	7	23.14	27	28
308220	308388	169	17.40	15	35
309379	309391	13	26.23	29.5	34
310073	310160	88	12.55	8	23
311430	311438	9	18.89	23	23
311709	311747	39	17.10	19	28
312072	312155	84	11.58	11	25
314595	314782	188	1.78	2	3
316414	316448	35	2.03	2	3
319328	319366	39	16.13	17	19
321046	321087	42	30.10	31	48
322396	322493	98	22.63	24	32
323817	323879	63	15.43	15	28
325616	325645	30	21.57	23	28
326729	326798	70	11.46	11	14
327576	327723	148	14.97	11	27
328453	328647	195	44.26	39.5	73
329374	329645	272	16.14	5	105
334344	334450	107	14.01	16	20
335915	336007	93	7.25	6	17
337754	338111	358	2.76	2	8
338246	338473	228	33.90	32	63
339638	339668	31	16.42	16	20
339864	339914	51	10.61	11.5	13
341822	342128	307	4.48	3	20
343709	343727	19	31.74	34	36
344232	344298	67	38.51	42	52
345283	345392	110	80.45	75	199
346283	346451	169	16.99	9	50
348143	348168	26	41.35	45	52
348406	348424	19	52.53	55	68
350422	350464	43	58.72	61.5	69
351788	351940	153	16.24	19	34
353009	353086	78	15.46	17	26
353672	353771	100	9.05	11	15
355028	355194	167	24.99	20	62
355948	356034	87	28.79	26	45
356806	356810	5	20.00	25	28
357590	357638	49	27.86	30	35
358053	358086	34	36.03	34	46
358450	358574	125	58.00	39	118
358806	358834	29	81.38	82	95
359375	359430	56	41.89	44	58
360211	360526	316	9.28	6	30
361730	361753	24	11.08	13	16
362498	362719	222	23.24	19	60
363338	363339	2	22.00	44	44
364720	364744	25	47.24	49	64
365501	365599	99	33.29	31.5	50
366209	366274	66	33.97	22	74
366791	366811	21	54.57	58	102
366885	367057	173	28.44	15	81
368625	368725	101	19.74	19	27
369743	369748	6	1.17	1	2
370752	371224	473	1.74	2	4
373687	373693	7	0.86	1	1
373985	373996	12	2.33	3	3
375638	375719	82	3.62	3	10
375951	375992	42	10.36	10	15
376173	376295	123	6.89	8	11
376611	376729	119	10.87	4	27
377441	377517	77	24.99	24.5	36
377986	378340	355	4.62	4	9
379367	379368	2	4.50	9	9
379645	379751	107	0.17	0	1
380298	380314	17	2.82	3	3
383108	383112	5	0.80	1	1
383718	383723	6	0.00	0	0
383916	383963	48	0.40	0	1
384156	384162	7	0.86	1	1
384355	384445	91	0.79	1	1
384692	384721	30	0.97	1	1
384911	385171	261	7.48	2	24
387474	387548	75	12.32	13	16
388080	388505	426	10.60	9	41
389766	390166	401	15.69	13	49
391001	391354	354	42.47	43	60
391940	395985	4046	19.60	6	179
397171	397351	181	16.40	12.5	34
399484	399587	104	34.81	33	63
400203	400574	372	32.72	11	276
401217	401262	46	73.04	79	105
401800	401816	17	294.47	316.5	395
403305	403384	80	440.98	456	521
403886	403964	79	209.86	183.5	603
404445	404539	95	28.56	29	46
407437	407504	68	17.07	17	22
410172	410264	93	13.70	11	26
411405	411500	96	16.80	17	33
412566	412572	7	50.43	58	62
417435	417702	268	10.83	6	53
418552	418677	126	29.44	6	101
419635	420034	400	10.64	7	36
421055	421129	75	4.51	5	6
421280	421323	44	2.86	3	4
422299	422466	168	3.64	2	12
423388	423589	202	3.00	2	12
424073	424245	173	7.39	7	16
425377	425589	213	3.27	2	11
426451	426496	46	8.80	8	13
427076	427171	96	5.04	5	7
427784	427950	167	1.90	2	8
429235	429389	155	3.46	1	20
429990	430234	245	3.15	1	10
431492	431680	189	8.75	8	17
432056	432373	318	21.24	3	312
433970	434073	104	3.30	4	6
434863	435042	180	3.09	3	12
435637	435646	10	70.80	79	82
435956	436112	157	16.99	1	178
436959	436981	23	7.00	7.5	9
438062	438144	83	11.98	12.5	15
439462	440041	580	20.15	2	120
440291	440303	13	16.46	18	21
442128	442159	32	25.59	28	31
442784	442870	87	10.55	9	17
444536	445062	527	9.43	8	28
446155	446391	237	5.14	3	17
446755	446887	133	16.78	2	55
447008	447432	425	2.22	2	5
448612	448839	228	19.28	17	39
449563	449680	118	14.34	13	23
451469	451616	148	14.18	15	24
452211	452373	163	8.70	7.5	22
453220	453236	17	15.12	16	18
453861	453880	20	30.15	31	42
454670	454742	73	17.38	17	24
455769	455782	14	23.93	22	32
456371	456747	377	7.53	7	25
457996	458284	289	4.11	4	10
459776	460129	354	26.58	22	62
460841	460847	7	10.29	12	13
461532	461713	182	6.54	3	19
462086	462100	15	30.47	33	35
463404	463455	52	22.44	23	30
464749	464793	45	53.84	56	70
465271	465274	4	33.25	43	47
466064	466126	63	63.27	63	72
467819	467956	138	59.38	31	197
468731	469332	602	717.09	302	3005
470864	470930	67	93.16	46	366
471005	471047	43	291.12	313	373
471121	471427	307	1287.29	1430.5	2493
474307	474446	140	66.82	60	154
474560	474873	314	14.36	11	307
476545	476863	319	8.92	4	32
477491	477867	377	27.43	3	185
478294	478319	26	37.08	38	43
484373	484389	17	9.88	10	12
485557	485584	28	42.68	44	53
490865	490868	4	25.00	33	34
491808	491830	23	25.87	28	31
492581	492608	28	23.71	23	33
493839	493944	106	50.27	48	95
495136	495312	177	118.62	112	186
495817	496040	224	37.92	26	84
496986	497079	94	25.11	14	70
497587	497971	385	14.59	2	93
500759	500963	205	22.51	17	61
502203	502269	67	20.06	16	37
503574	503634	61	18.08	19	27
503842	503851	10	42.50	48	50
504605	504754	150	12.03	3	66
505361	505367	7	7.29	9	9
506256	506311	56	4.00	4	10
508675	508898	224	2.80	2	10
510192	510349	158	9.25	3	66
510424	510456	33	76.64	79	83
511453	511770	318	56.62	4	683
512080	512106	27	576.15	619.5	630
512368	512552	185	64.36	21	545
513672	513840	169	14.66	15	20
514957	515052	96	7.47	7	12
515650	515702	53	35.74	41	73
516333	516554	222	15.91	16	40
518289	518364	76	35.00	36	49
518965	519080	116	11.76	10	39
519630	519768	139	16.73	18	23
521134	521223	90	17.02	18	30
522121	522136	16	34.06	30	47
523000	523460	461	31.09	23	117
526458	526816	359	31.78	31	53
528038	528115	78	92.14	72	157
528419	528446	28	390.61	487	632
529176	529354	179	61.96	34	350
529829	529853	25	131.60	141	151
530790	530889	100	55.05	59	72
531391	531487	97	50.75	48	76
532880	532927	48	21.38	19	34
533828	533832	5	108.00	133	142
535198	535255	58	117.40	123	138
535721	535792	72	55.72	57	73
536243	536438	196	23.76	24	32
537631	537911	281	14.44	9	48
539897	540015	119	11.76	11	22
542146	542179	34	16.85	18	21
543047	543079	33	2.94	3	5
543836	544255	420	7.94	4	21
546163	546200	38	10.16	10	13
547655	547785	131	15.55	16.5	32
548779	548870	92	14.12	19	25
550380	550453	74	7.58	7	12
551468	551490	23	10.30	11	11
552277	552343	67	9.58	11	12
553397	553435	39	5.56	5	13
554261	554386	126	6.81	7	10
554885	554897	13	9.00	10	11
556504	556686	183	9.48	7	60
558985	559524	540	32.99	30	97
559945	559954	10	20.70	23	23
560528	560679	152	17.39	16	34
561852	561899	48	11.50	12	19
562755	563172	418	10.57	3	46
565192	565287	96	110.44	120	190
566296	566475	180	10.36	5	68
567166	567383	218	2.17	2	6
568704	568803	100	1.36	1	3
569812	569830	19	3.79	4	4
570362	570580	219	4.62	3	30
571007	571162	156	24.10	28	44
572063	572155	93	14.18	12	31
572951	572983	33	27.39	30.5	34
573671	573682	12	27.92	30	33
574148	574400	253	9.26	2	34
576993	577023	31	69.90	81	87
577573	577625	53	11.72	13.5	18
578763	578887	125	10.28	12	17
580157	580232	76	16.45	17	30
580653	580761	109	6.85	7	18
581656	581947	292	2.67	2	6
583811	583904	94	10.87	10	17
584529	585068	540	7.49	4	29
586431	586450	20	41.50	44	50
586952	587097	146	12.91	5	30
588535	588667	133	1.71	0	14
589622	589796	175	11.44	4	240
591102	591348	247	16.57	8	261
592240	592328	89	71.01	66	118
593067	593068	2	15.00	30	30
594466	594565	100	8.11	7	17
595508	595719	212	11.55	3	42
597618	597692	75	3.77	3	19
598106	598195	90	9.47	7	25
598616	598965	350	7.98	6	37
599024	599294	271	235.04	5	980
599721	599736	16	1042.75	1036	1521
600127	600330	204	63.11	7	334
600703	600806	104	14.60	11	34
601965	602111	147	6.92	3	24
603806	603897	92	11.29	11	22
604558	604623	66	12.62	12	17
605716	605905	190	2.49	2	5
606980	607001	22	10.91	11	13
608067	608169	103	5.84	6	11
608749	608834	86	3.26	2	12
609375	609789	415	4.22	2	25
611353	611400	48	17.23	15	31
611632	611638	7	34.71	40	45
612680	612860	181	9.90	9	19
614064	614118	55	12.62	15.5	18
615544	615783	240	2.28	1	32
616396	616496	101	14.18	4	37
618114	618313	200	5.90	5	20
619999	620281	283	7.00	1	34
621425	621439	15	27.20	28	38
623218	623235	18	21.11	23	25
624183	624466	284	3.44	4	6
625772	625901	130	1.14	1	4
628020	628220	201	2.99	3	9
631907	632183	277	4.80	3	20
633316	633389	74	84.07	94	141
633966	634185	220	52.82	28	204
635134	635152	19	25.00	26	34
637184	637294	111	34.83	29	157
637619	637899	281	49.37	5	232
639118	639235	118	4.58	5	7
640286	640465	180	2.02	2	3
642875	643023	149	7.89	7	27
643981	644805	825	111.23	31	1222
645292	645483	192	33.11	20	191
646345	646560	216	4.28	2	24
647374	647401	28	14.64	15	19
648110	648232	123	6.72	4	20
649457	649463	7	13.86	16	18
650550	650651	102	16.07	16	27
654574	654731	158	5.74	4	13
655938	656017	80	12.09	12	23
657089	657510	422	16.12	17	36
658975	659069	95	21.33	17	40
659907	659949	43	12.23	14	16
664165	664449	285	2.28	2	9
667294	667546	253	8.95	7	19
669194	669215	22	19.45	19	25
670116	670239	124	2.59	2	5
671260	671397	138	21.27	18	54
672463	672509	47	20.89	25	33
673048	673497	450	18.85	12	89
674059	674388	330	55.30	23	245
676348	676571	224	63.06	63	121
677706	677724	19	116.05	128.5	145
679573	679603	31	24.65	26	30
680417	680465	49	13.63	13	18
681677	681708	32	26.97	28	30
683967	683990	24	11.08	12	14
686047	686146	100	22.60	11	86
689221	689441	221	3.57	4	7
690135	690167	33	13.03	14	16
690981	691181	201	3.22	3	7
692031	692214	184	6.94	6	20
693640	693727	88	19.59	20	25
695777	695779	3	11.67	17.5	18
696935	697055	121	31.89	28	64
698286	698525	240	65.03	62	105
701202	701276	75	32.88	32	44
704622	704647	26	38.62	42	47
705680	705685	6	45.17	62	65
708964	708981	18	16.33	17	20
710418	710432	15	20.53	21	25
711582	712046	465	22.04	17	60
714016	714035	20	10.20	11	12
715539	715543	5	21.40	27	27
724060	724099	40	12.75	14	16
725423	725433	11	21.09	23	24
726070	726416	347	7.48	5	156
726490	726563	74	94.97	77	153
727311	727332	22	248.32	257	288
727843	727862	20	188.65	214	246
729153	729261	109	26.62	22	48
730749	730761	13	39.23	41	48
731437	731620	184	18.74	19	35
732089	732209	121	10.92	11.5	21
732954	733177	224	2.31	2	15
734693	734701	9	50.56	58	59
735179	735338	160	9.68	2	45
735906	735925	20	1.75	2	2
737110	737255	146	1.74	2	4
737811	737828	18	5.56	6	6
738306	738450	145	5.65	5	14
738946	738969	24	105.62	111	125
739357	739468	112	42.27	31	444
739769	740098	330	84.78	51	260
740738	740881	144	25.65	20	59
742067	742135	69	14.19	11	36
742934	742997	64	3.39	3	6
743802	744171	370	5.84	5	16
745525	745576	52	24.75	21	42
746756	746990	235	3.31	4	7
748158	748289	132	2.97	3	4
749043	749382	340	53.09	30	170
750355	751083	729	45.66	2	452
752293	752535	243	6.09	6	12
753751	754032	282	1.72	2	6
755611	755641	31	2.90	3	3
757994	758002	9	1.78	2	2
758561	758718	158	9.87	1	44
759517	759652	136	7.79	9	14
760055	760063	9	11.00	12	13
761036	761135	100	7.69	7	11
761772	761947	176	2.17	2	7
763343	763766	424	42.70	42	134
764133	764267	135	15.21	11	41
765054	765294	241	4.76	4	11
766216	766910	695	2.10	2	4
768937	769345	409	2.49	1	14
771071	771199	129	5.08	2	21
772253	772946	694	114.28	4	1523
773238	773285	48	3143.96	3332	3625
774924	775078	155	98.83	23	293
775940	776268	329	5.83	1	104
776437	776558	122	43.80	44	71
777843	778187	345	3.50	3	10
779724	779808	85	16.91	14.5	25
780838	780910	73	36.93	41	57
782186	782201	16	15.25	16	18
783063	783124	62	12.31	12	23
783974	784378	405	37.72	5.5	129
785438	785450	13	65.00	73.5	80
786878	786882	5	80.00	100	102
788691	788732	42	6.10	6	10
790800	790844	45	9.38	9	11
793093	793560	468	14.50	4	76
794932	795024	93	16.89	14	29
798313	798343	31	35.03	36	44
799577	799591	15	21.13	21.5	26
800168	800324	157	16.46	17	29
801249	801277	29	28.72	31	34
803107	803119	13	11.23	12	13
806041	806147	107	12.26	5	39
807258	807456	199	9.85	9	21
808477	808491	15	52.40	58	62
809626	809662	37	5.05	5	7
811747	812000	254	5.04	4	17
813393	813642	250	4.50	3	19
814636	814648	13	51.85	57	59
815531	815573	43	18.00	18	23
816963	817047	85	2.06	2	5
817690	817703	14	6.64	7	8
819082	819091	10	1.90	2	3
820796	820860	65	1.38	1	2
821164	821173	10	2.70	3	3
821474	821699	226	4.15	4	6
822612	822865	254	3.75	3	13
823178	823283	106	6.39	5	12
823974	823999	26	1.92	2	2
826003	826009	7	0.86	1	1
827621	827696	76	1.36	1	2
829002	829463	462	8.01	3	50
829791	829816	26	77.54	81	93
830468	830575	108	23.18	14	69
830831	830926	96	19.32	14	45
832316	832475	160	11.27	3	89
833390	833482	93	37.56	36.5	63
834311	834423	113	15.92	14	52
835204	835502	299	8.73	8	18
835662	835755	94	3.18	3	6
836377	836614	238	7.18	6	21
836801	837929	1129	4.47	5	8
838569	838646	78	3.01	3	6
838869	839218	350	22.07	4	112
839306	839337	32	127.38	146	151
841455	841535	81	69.05	72	94
842454	842830	377	24.95	23	50
843056	843127	72	13.24	13	19
844236	844798	563	6.21	5	19
845183	845271	89	7.11	6	15
845833	845911	79	4.47	5	8
846839	847268	430	1.86	2	8
847569	847810	242	9.23	9	14
849380	849945	566	12.94	11	49
851065	851164	100	25.84	9	62
852374	852428	55	30.09	30	47
853373	853440	68	47.35	49	71
854566	854769	204	2.66	2	16
854980	855329	350	2.37	2	5
856584	856688	105	2.24	3	4
857991	858098	108	3.07	3	6
859017	859886	870	6.65	5	30
860520	860548	29	21.41	22	27
861665	861685	21	31.81	33.5	36
862967	863143	177	4.82	3	16
865092	865273	182	6.70	6	13
867846	867944	99	25.72	27	49
869412	869940	529	103.10	93	268
871186	871327	142	65.11	59	106
873114	873228	115	40.59	40	65
874345	874566	222	16.52	14	40
875362	875547	186	13.94	12	33
876505	876806	302	12.71	5	42
879117	879179	63	18.33	19	23
879879	880092	214	5.80	5	16
881401	881559	159	6.03	4	49
882859	883019	161	23.29	25	37
883108	883822	715	5.08	4	36
884330	884496	167	7.05	6	15
885337	885401	65	27.14	27	37
886215	886229	15	28.67	28	39
886482	886827	346	5.92	4	19
887185	887199	15	4.67	5	5
887308	887328	21	2.76	3	3
888958	889145	188	7.05	2	69
890454	890923	470	2.00	2	4
891419	891718	300	12.75	13	29
891804	891860	57	9.33	10	11
893720	893723	4	15.00	20	20
894453	894679	227	12.93	1	62
895601	895609	9	45.22	51.5	54
896282	896343	62	43.05	43	87
896545	896613	69	178.41	191.5	246
898987	899074	88	22.49	11	125
899149	899265	117	12.10	3	139
899824	899953	130	48.20	9	597
901103	901656	554	107.27	12	603
901915	902200	286	7.01	4	89
902562	902636	75	64.45	53.5	148
903780	903883	104	17.03	16	24
904472	904682	211	53.26	22	176
904827	905177	351	4.94	3	45
905427	905732	306	23.74	4	90
905806	906045	240	13.07	13	24
907063	907176	114	6.23	6	20
908107	908240	134	4.93	2	32
910515	910628	114	5.82	4	22
913329	913545	217	14.55	5	38
914254	914402	149	5.12	3	37
915714	915759	46	8.22	9	10
917134	917234	101	12.49	12.5	22
918258	918277	20	6.05	6	7
919298	920180	883	2.79	1	24
920685	920838	154	9.77	7	22
922213	922484	272	3.03	1	27
923775	923913	139	19.21	20	30
924727	925000	274	3.65	3	7
926297	926482	186	7.67	7	21
928331	928472	142	1.50	1	5
930144	930262	119	6.54	6	12
930512	930527	16	14.69	14	20
933480	933494	15	11.47	13	14
935552	935681	130	7.28	7	14
936762	936957	196	5.17	3	21
937222	937377	156	15.42	14	26
938260	938339	80	1.76	2	2
939114	939205	92	2.42	2	4
941501	941602	102	3.53	3	7
942905	944364	1460	1.81	1	21
944767	945071	305	6.01	4	27
945507	945782	276	16.94	2	85
946183	946197	15	101.67	111	208
946909	946928	20	18.05	20	21
947625	947779	155	72.38	14	1166
948434	948959	526	274.91	8	1967
951690	951782	93	111.66	92	223
952383	952541	159	84.23	78.5	221
953622	953658	37	53.16	63	67
954739	954844	106	14.78	15	22
955769	955781	13	18.15	20	20
957078	957093	16	16.81	18	21
957778	957982	205	186.29	179	317
959711	959735	25	237.12	245.5	271
960060	960303	244	26.89	6	170
960595	960648	54	15.96	16	21
961819	961893	75	10.80	10	16
964241	964297	57	10.54	11	14
965288	965364	77	10.73	10	25
965686	965911	226	5.30	2	51
966812	966902	91	17.02	14	34
968181	968360	180	8.09	4	24
969282	969354	73	6.67	7	11
970222	970448	227	2.29	2	6
972124	972165	42	15.52	16	17
972958	973193	236	47.83	53	123
973941	973958	18	164.06	173	213
974892	975007	116	56.13	16	140
976796	976898	103	49.17	32	143
978183	978332	150	67.55	10	215
978819	978930	112	14.68	17	25
980086	980110	25	6.92	7	8
980594	980711	118	5.81	6	9
981861	982065	205	22.68	2	307
982318	982363	46	234.80	234	290
983075	983078	4	61.25	83	83
983874	984012	139	665.87	536.5	1217
984400	984490	91	49.00	32	165
985175	985288	114	3.39	3	9
986225	986439	215	17.90	17	31
986773	986807	35	16.20	17	20
989015	989136	122	18.37	14	43
989743	989822	80	6.41	6	8
991039	991190	152	3.87	2	17
992559	992670	112	12.27	7	32
993172	993403	232	2.04	1	13
994373	994513	141	19.29	19	38
996956	997117	162	2.47	2	4
997826	997973	148	2.07	1	16
998124	998239	116	8.43	6	16
998747	998870	124	5.44	5	15
1000263	1000415	153	11.44	11	18
1001796	1001961	166	3.28	3	5
1002178	1002668	491	0.90	1	7
1003041	1003152	112	5.84	5	10
1003933	1004068	136	5.10	4	12
1004204	1004237	34	8.59	10	11
1004712	1004913	202	4.47	2	31
1004987	1005057	71	80.58	93	112
1005131	1005239	109	57.31	44	100
1005561	1005845	285	15.12	3	131
1007043	1007151	109	9.56	10	19
1009425	1009524	100	11.97	12	26
1011978	1012082	105	9.90	12	15
1012847	1012887	41	14.71	14	28
1014151	1014271	121	13.66	14	24
1014911	1014928	18	19.67	21	22
1016039	1016298	260	6.37	5	34
1019674	1020452	779	31.77	29	83
1021401	1021408	8	27.75	33	33
1022446	1022490	45	9.33	10	11
1023481	1023546	66	8.50	9	11
1024887	1025173	287	53.51	27	148
1025816	1025918	103	152.73	164	233
1027339	1027341	3	43.33	65	65
1028329	1028403	75	35.52	33	57
1029334	1029380	47	107.49	124.5	140
1030128	1030279	152	175.29	149	338
1030517	1030682	166	180.11	160	759
1031919	1031932	14	176.93	214	221
1032401	1032497	97	42.87	51.5	67
1033095	1033183	89	78.73	87	110
1033793	1033800	8	95.75	109	114
1034851	1034870	20	45.70	49	55
1036407	1036416	10	25.00	27	31
1036660	1036864	205	8.89	9	17
1038656	1038674	19	14.00	14	21
1039569	1039715	147	16.27	15	33
1040997	1041059	63	5.75	6	8
1043559	1043571	13	34.15	37	39
1043992	1044036	45	6.51	8	8
1045063	1045101	39	15.72	15.5	28
1046500	1046766	267	9.64	6	97
1047322	1047570	249	31.80	27.5	106
1048768	1048847	80	2.48	2	6
1051116	1051196	81	5.31	6	8
1051788	1051941	154	264.63	64	854
1052032	1052078	47	416.83	401	703
1052164	1052240	77	59.90	64	89
1052349	1052515	167	8.17	9	17
1052913	1052955	43	5.60	5.5	12
1053716	1054069	354	5.17	4	28
1054826	1055969	1144	8.60	6	37
1056471	1056622	152	6.66	6	25
1057526	1057653	128	1.85	1	9
1058518	1058660	143	1.50	1	6
1059162	1059185	24	0.96	1	1
1060056	1060095	40	2.48	2	4
1060813	1061081	269	3.16	2	22
1063232	1063297	66	9.88	8	17
1065128	1065767	640	24.83	31	45
1066830	1067057	228	8.98	7	41
1068159	1068279	121	15.69	16	23
1068745	1068996	252	6.20	5	20
1069753	1069947	195	5.49	6	14
1070788	1070928	141	3.23	2	12
1073023	1073380	358	2.13	2	4
1075868	1076184	317	1.50	1	3
1077046	1077378	333	3.17	3	17
1078369	1079041	673	2.29	1	8
1081738	1081744	7	8.86	10	12
1083694	1083814	121	2.68	3	6
1084424	1084856	433	2.52	2	8
1086254	1086282	29	23.93	24	32
1087075	1087090	16	37.06	39	45
1088132	1088288	157	9.76	7	100
1089507	1089534	28	98.29	95	121
1091655	1091661	7	6.14	7	8
1093123	1093137	15	39.53	42	45
1095551	1095780	230	64.50	50	170
1096626	1096733	108	34.56	31	67
1098240	1098266	27	10.52	11	15
1100100	1100286	187	38.45	40	55
1100833	1100924	92	29.40	30	39
1101552	1101850	299	8.13	4	21
1105151	1105156	6	5.00	6	6
1108277	1108292	16	1.88	2	2
1109643	1109993	351	3.46	3	7
1110819	1111405	587	3.02	2	10
1113377	1113630	254	1.22	1	3
1114822	1115117	296	1.24	1	3
1115634	1115738	105	27.91	18	60
1116174	1116285	112	20.56	5	94
1116928	1117106	179	4.37	4	10
1117575	1117636	62	24.52	26	32
1117829	1117901	73	13.03	13	19
1120212	1120402	191	3.48	1	11
1129781	1131294	1514	1.28	1	5
1132978	1133099	122	0.93	1	1
1134753	1135342	590	1.85	2	6
1136627	1137030	404	7.10	2	34
1137955	1138211	257	1.95	2	4
1138524	1138806	283	16.27	15	32
1139017	1139207	191	21.78	18	52
1141137	1141213	77	22.09	22	26
1141573	1141829	257	3.81	4	8
1142775	1142882	108	3.76	4	7
1144089	1144261	173	1.06	1	2
1145084	1145122	39	1.59	2	2
1147135	1147147	13	0.00	0	0
1149028	1149196	169	0.39	0	1
1150229	1150469	241	0.55	1	1
1150853	1151477	625	2.15	2	11
1152429	1152483	55	2.85	3	4
1153408	1153837	430	0.72	1	1
1154810	1154997	188	0.75	1	2
1156942	1157289	348	1.30	1	3
1159960	1160147	188	2.04	2	11
1160610	1160642	33	1.58	2	2
1161453	1161530	78	3.22	4	5
1161789	1161969	181	1.46	1	3
1165295	1165745	451	6.83	7	13
1166220	1166252	33	14.45	17	18
1167288	1168789	1502	6.18	1	50
1169513	1169540	28	12.86	13	16
1170651	1170732	82	5.11	6	8
1171357	1171719	363	11.26	4	43
1172865	1172937	73	4.44	4	15
1175375	1175599	225	2.09	2	9
1176323	1176334	12	9.75	10	13
1176719	1176744	26	6.88	7	8
1177306	1177320	15	9.13	9	11
1178551	1179675	1125	0.98	1	3
1183420	1183534	115	6.03	5.5	12
1183850	1184186	337	1.37	1	10
1185726	1185887	162	2.86	3	5
1187388	1187620	233	2.33	1	11
1188815	1188857	43	1.51	2	2
1191005	1191305	301	0.81	1	2
1191879	1191979	101	0.41	0	1
1192385	1193289	905	0.29	0	1
1194556	1194577	22	0.00	0	0
1197293	1197391	99	4.62	1	17
1198001	1198320	320	3.67	3	13
1198702	1198827	126	3.95	4	7
1199491	1199546	56	37.82	39	50
1200411	1200830	420	14.28	11	48
1201842	1201901	60	40.30	37	62
1203411	1203531	121	3.33	2	13
1204486	1204621	136	3.12	3	7
1207109	1207687	579	1.02	0	5
1208591	1208888	298	1.18	1	4
1210200	1210373	174	3.16	2	6
1211496	1211979	484	13.84	14	37
1212421	1212840	420	3.14	2	38
1213519	1213548	30	4.90	5	8
1213915	1214024	110	4.39	4	6
1214706	1214960	255	3.98	3	12
1215726	1216110	385	2.16	2	5
1216684	1216933	250	11.11	5	55
1217264	1217346	83	23.80	22	32
1218085	1218935	851	8.22	7	42
1220205	1220435	231	4.84	4	14
1220886	1220919	34	40.53	43	47
1221358	1221996	639	7.74	3	51
1223860	1224057	198	4.97	4	9
1224976	1225151	176	1.94	2	6
1225998	1226252	255	2.84	2	15
1227897	1227994	98	16.03	17	25
1232567	1232705	139	2.20	2	6
1233237	1233527	291	3.42	3	7
1234374	1234455	82	12.16	4	61
1235083	1235252	170	27.82	27	48
1235451	1235637	187	6.45	6	17
1237117	1237715	599	15.40	14	49
1238046	1238116	71	2.55	3	3
1238837	1238949	113	4.55	5	8
1240206	1240226	21	14.71	16	19
1241031	1241301	271	5.76	5	18
1242907	1243056	150	10.65	10	31
1244284	1244718	435	8.25	5	27
1245859	1245883	25	44.76	47.5	51
1246538	1246591	54	25.02	24	34
1249844	1249964	121	28.24	29	40
1250439	1250452	14	33.29	38	42
1250939	1250989	51	18.98	19	24
1251533	1251750	218	12.45	12	21
1252411	1252582	172	60.12	22	274
1254470	1254584	115	35.83	14	153
1255446	1255480	35	32.29	31	44
1256834	1257548	715	18.78	12	53
1258578	1258692	115	21.50	10	86
1260561	1260578	18	8.17	8	11
1261425	1261443	19	13.16	14.5	15
1262146	1262175	30	14.90	15	18
1262881	1262949	69	3.17	4	5
1264258	1264384	127	5.17	4	15
1266446	1266801	356	9.37	10	25
1268314	1268385	72	7.14	8	14
1268827	1268996	170	14.37	13	27
1269396	1269463	68	9.25	9	12
1271237	1271678	442	2.35	1	13
1272375	1272445	71	0.72	0.5	2
1272740	1272943	204	6.23	3	20
1273880	1273913	34	4.88	5	7
1274235	1274712	478	2.18	2	5
1275079	1275209	131	3.82	4	6
1276080	1276099	20	19.85	21	22
1277081	1277470	390	10.38	8	38
1278935	1278992	58	3.52	3	6
1281312	1281622	311	2.30	2	5
1282010	1282137	128	2.20	2	4
1282756	1282849	94	1.38	1	2
1283444	1284769	1326	1.87	1	13
1285667	1285738	72	22.53	23	39
1286255	1286508	254	2.90	2	11
1287274	1287806	533	0.82	1	3
1289259	1289322	64	2.52	2	4
1289482	1289657	176	1.80	2	4
1290759	1290769	11	1.09	1	2
1291391	1291451	61	1.66	2	2
1292298	1292315	18	3.94	3	6
1295862	1296396	535	2.65	1	9
1296649	1297206	558	7.63	4	47
1298638	1298655	18	39.89	41	50
1299322	1299919	598	25.81	18	78
1300064	1300165	102	12.25	13	16
1300400	1300401	2	3.50	7	7
1300642	1301195	554	6.75	7	14
1301270	1301384	115	7.61	6	17
1301841	1301994	154	34.23	28	75
1302811	1303014	204	9.94	5	31
1303201	1303302	102	4.84	5	10
1304662	1304672	11	8.82	10	10
1305006	1305247	242	2.63	1	8
1306868	1307189	322	7.06	6	17
1307889	1308202	314	5.77	4	15
1309109	1309682	574	15.81	12	56
1310511	1310795	285	15.01	14	27
1310870	1310910	41	4.66	5	6
1312394	1312762	369	1.55	2	3
1312919	1313125	207	2.51	3	4
1313711	1314002	292	13.34	9	32
1314641	1314963	323	1.99	1	7
1315090	1315093	4	1.50	2	2
1315765	1315956	192	0.93	1	2
1316212	1316216	5	0.80	1	1
1316899	1316906	8	0.88	1	1
1317453	1317611	159	1.79	2	3
1317960	1318035	76	8.42	9	12
1318836	1318869	34	2.12	2	3
1320424	1320604	181	8.19	4	26
1321442	1321545	104	6.47	7	10
1322401	1322477	77	4.38	1	18
1322907	1323193	287	2.45	3	6
1323356	1323667	312	1.35	1	3
1324847	1324853	7	1.71	2	2
1326846	1326919	74	1.18	1	3
1328384	1328637	254	1.32	1	2
1328902	1329415	514	5.17	6	11
1332008	1332063	56	17.95	19	22
1332337	1332523	187	4.14	5	6
1333550	1334775	1226	3.21	2	11
1336614	1337289	676	1.52	1	5
1337650	1338030	381	3.31	2	12
1339855	1339876	22	3.27	3	6
1340981	1340984	4	7.50	10	10
1343834	1343950	117	17.97	10	63
1344629	1344770	142	68.44	10	192
1345686	1346319	634	4.38	3	14
1351093	1351338	246	8.31	3	28
1352737	1352905	169	10.32	9	25
1352979	1353191	213	342.23	359	471
1353265	1353426	162	183.90	183	331
1353500	1353580	81	116.84	114.5	165
1353655	1353738	84	58.01	53	89
1353812	1353888	77	52.69	59.5	71
1353963	1354039	77	79.19	88	110
1354113	1354193	81	106.28	102	138
1354268	1354489	222	6.27	6	12
1354955	1354982	28	6.64	7	8
1355880	1356149	270	5.48	2	20
1356552	1356638	87	7.80	8	12
1357410	1357546	137	2.43	2	12
1358447	1358718	272	219.46	98	688
1360024	1360409	386	59.05	2	722
1361982	1362454	473	24.64	25	55
1362722	1362870	149	4.19	1	43
1366203	1366450	248	6.07	5	17
1367258	1367405	148	6.88	7	12
1368711	1368925	215	7.81	8	18
1369994	1370006	13	26.46	29	31
1371381	1371520	140	8.10	7	16
1371782	1371824	43	5.47	6	6
1373757	1373953	197	3.57	2	11
1374431	1374474	44	20.02	22	25
1375912	1376042	131	9.44	10	13
1376967	1376979	13	14.62	17	19
1378117	1378216	100	10.72	8	18
1378571	1378572	2	25.50	51	51
1379398	1379446	49	21.14	23	28
1380662	1380956	295	8.21	7	24
1381887	1382019	133	5.79	6	11
1385536	1385595	60	29.03	31	39
1386898	1387023	126	14.61	13	23
1389795	1389900	106	13.00	7	30
1391530	1391552	23	17.35	18	22
1394127	1394304	178	5.17	4	14
1395112	1395580	469	168.83	2	759
1396319	1396494	176	94.94	78	363
1397374	1397477	104	70.58	50	325
1398255	1398343	89	88.48	80	142
1398902	1398959	58	200.64	224	253
1400567	1400585	19	32.00	36	39
1401780	1401795	16	26.19	31	36
1405550	1405616	67	94.40	94.5	128
1406121	1406137	17	128.47	139.5	149
1407221	1407301	81	9.46	8	26
1407809	1407862	54	81.96	88	105
1408649	1408655	7	59.43	69	71
1410467	1410480	14	18.71	19	23
1411261	1411357	97	11.08	10	24
1412171	1412628	458	3.39	2	33
1415029	1415184	156	23.51	24	70
1415617	1415645	29	11.86	11	16
1416594	1416711	118	9.58	10	18
1417165	1417261	97	27.03	24.5	75
1417697	1417701	5	15.80	20	21
1418023	1418238	216	5.06	4	11
1419176	1419533	358	2.68	1	96
1420992	1421000	9	67.11	76	83
1421643	1421793	151	16.00	12	43
1423411	1423603	193	15.73	16	24
1424357	1424614	258	5.10	5	9
1426058	1426185	128	11.80	11	17
1427659	1428083	425	3.50	1	26
1428651	1428771	121	7.28	7	14
1429552	1430199	648	7.42	7	71
1431204	1431276	73	3.68	2	9
1432216	1432529	314	5.91	5	13
1433232	1433385	154	6.10	5	13
1434868	1434884	17	4.71	5	6
1435731	1435889	159	2.27	2	5
1437359	1437477	119	3.26	2.5	6
1438998	1439075	78	1.79	1	4
1442273	1442677	405	1.62	1	4
1443869	1443942	74	3.92	4	5
1444297	1444398	102	6.45	7	11
1444491	1444906	416	1.70	1	4
1446221	1446244	24	2.54	3	3
1447172	1447400	229	7.00	3	50
1447608	1448007	400	38.01	13	249
1448440	1448854	415	18.67	6	71
1449296	1449539	244	15.75	16	30
1450782	1450873	92	47.08	48	73
1451552	1452176	625	8.30	4	91
1454688	1455067	380	6.56	7	11
1456094	1456143	50	16.12	17	20
1457359	1457579	221	4.66	1	31
1461051	1461169	119	5.17	5	15
1461878	1461908	31	13.94	14	17
1462392	1462544	153	3.59	2	12
1463907	1463984	78	16.99	19	31
1464717	1464978	262	8.83	6	22
1465273	1465650	378	4.64	4	9
1467130	1467218	89	69.96	68.5	105
1468425	1468493	69	28.07	25.5	47
1469331	1469567	237	12.37	7	37
1469652	1470128	477	6.47	4	45
1470315	1470450	136	2.91	2	5
1471387	1471400	14	2.50	3	3
1472268	1475113	2846	1.26	1	5
1476002	1476600	599	11.09	3	62
1476796	1476880	85	120.44	113	186
1477238	1478125	888	13.46	3	76
1478573	1478629	57	6.07	4	15
1479782	1480234	453	20.39	4	106
1481579	1481723	145	72.41	62.5	148
1482375	1482532	158	76.22	75	125
1483802	1484002	201	61.67	44	255
1486418	1486630	213	32.01	3	219
1486901	1486972	72	53.94	57	66
1487046	1487202	157	25.59	5	81
1487872	1488022	151	2.97	3	7
1489220	1489942	723	1.55	1	6
1490017	1490424	408	3.46	3	35
1492366	1492493	128	10.16	8	30
1493902	1493984	83	16.24	17	27
1495605	1495736	132	11.90	9	21
1497330	1497387	58	1.62	2	2
1498690	1499013	324	6.03	0	40
1503079	1503268	190	11.01	12	20
1505126	1505554	429	9.33	9	20
1506115	1506203	89	42.09	13	92
1506981	1507008	28	33.04	29	61
1507848	1507970	123	9.60	10	14
1508397	1508436	40	16.88	17	22
1510000	1510142	143	13.62	13	32
1511838	1512146	309	7.76	6	21
1514229	1514246	18	16.11	16	21
1514871	1514928	58	15.07	17	19
1516105	1516400	296	16.03	15	34
1516881	1517087	207	4.07	3.5	12
1518045	1518076	32	4.62	5	6
1518920	1519010	91	10.84	10.5	26
1520040	1520119	80	4.85	0	24
1521134	1521135	2	11.00	22	22
1521754	1521812	59	14.31	12	23
1522839	1522883	45	12.31	13	15
1523661	1523706	46	43.26	46	54
1524436	1524517	82	26.21	28	52
1524872	1525008	137	23.03	22	42
1526188	1526254	67	10.48	11.5	13
1527428	1527650	223	7.59	8	16
1528716	1528859	144	47.35	18	130
1529445	1529897	453	29.69	6	324
1530180	1530399	220	17.50	1	101
1531432	1531759	328	3.03	3	9
1532657	1532692	36	2.22	2	3
1533488	1533524	37	2.92	3	3
1535298	1535462	165	10.84	3	33
1536372	1536561	190	80.40	7	423
1536934	1536974	41	235.00	270.5	316
1537272	1537277	6	205.00	247	253
1537551	1537580	30	324.47	315	403
1538031	1538270	240	29.97	8	360
1539651	1539789	139	7.80	7.5	13
1540414	1540426	13	48.38	53	57
1541435	1541645	211	14.25	14	23
1542798	1543085	288	3.89	3	14
1543614	1543867	254	8.17	8	14
1544216	1545284	1069	8.08	7	77
1547094	1547421	328	44.88	42	80
1547881	1547955	75	35.03	37	55
1548850	1548856	7	88.14	102	105
1551876	1551884	9	17.22	20	22
1553034	1553232	199	10.35	10	18
1553602	1553618	17	14.18	15	18
1555311	1555476	166	6.51	7	10
1556071	1556190	120	15.84	16	24
1557427	1557482	56	22.34	21	31
1558806	1558815	10	46.30	38	76
1560265	1560482	218	8.92	8	23
1561752	1561773	22	9.32	10	11
1562029	1562040	12	20.67	23	23
1562512	1562603	92	8.95	8	13
1563789	1563845	57	5.53	5.5	10
1564419	1564589	171	11.27	11.5	19
1565058	1565477	420	3.88	2	14
1568073	1568205	133	22.45	20	46
1568629	1568740	112	5.19	5	13
1569380	1569443	64	17.53	18	25
1570230	1570318	89	5.82	6	9
1571672	1571676	5	10.40	13	13
1573426	1573614	189	23.47	9	113
1573873	1574026	154	206.54	151	558
1574870	1574910	41	3.95	4	6
1576965	1577135	171	17.06	3	63
1578396	1578600	205	23.77	12	105
1578925	1579369	445	24.13	3	121
1579467	1579717	251	4.36	3	22
1582301	1582389	89	38.30	35	93
1582714	1582758	45	60.56	62.5	74
1583353	1583401	49	47.59	48	57
1584605	1584677	73	6.93	7	11
1586300	1586307	8	28.00	32	37
1587214	1587227	14	137.43	150	164
1588320	1588329	10	22.30	25	27
1589104	1589172	69	15.32	16	25
1590028	1590102	75	5.33	4	14
1591495	1591614	120	22.04	4	116
1592308	1592591	284	77.58	59	472
1593015	1593057	43	542.53	601	678
1594192	1594338	147	62.58	68	80
1595329	1595407	79	21.65	20	41
1596722	1596739	18	130.56	146	153
1598078	1598132	55	123.44	130	143
1598760	1598806	47	76.17	79	88
1599950	1600220	271	15.42	12	117
1601565	1601675	111	138.10	84.5	395
1601928	1601987	60	42.17	29	117
1603182	1603232	51	59.02	67	86
1604643	1604660	18	23.50	22	34
1605561	1605604	44	19.11	16	35
1605794	1605964	171	10.76	11	16
1607111	1607250	140	16.60	14	74
1608595	1608604	10	74.10	80	88
1609199	1609326	128	13.46	9	57
1611307	1611478	172	10.14	8	43
1613807	1613950	144	6.79	2	20
1614686	1614814	129	693.32	697.5	1047
1615028	1615088	61	495.95	487.5	712
1617348	1617485	138	13.40	15	23
1618329	1618364	36	56.72	61	75
1619565	1619567	3	14.67	22	23
1620429	1620883	455	28.62	19	104
1622795	1622907	113	66.94	67	94
1624087	1624188	102	113.91	117	131
1624927	1624999	73	22.79	20	147
1625570	1625732	163	30.12	30	85
1626795	1627126	332	5.58	6	10
1628495	1628739	245	4.64	5	7
1629808	1629983	176	4.77	3	9
1630248	1630458	211	14.66	14	30
1632304	1633756	1453	4.82	2	28
1634501	1634588	88	10.09	7	32
1635732	1636070	339	6.04	5.5	16
1636485	1636589	105	0.78	1	2
1637037	1637442	406	1.18	1	2
1638655	1639712	1058	1.07	1	8
1640868	1640883	16	1.25	1	2
1645253	1645262	10	0.10	0	1
1646316	1647435	1120	0.60	1	2
1648974	1648984	11	0.00	0	0
1649609	1649622	14	0.93	1	1
1650295	1650830	536	0.16	0	2
1653162	1653196	35	0.97	1	1
1654277	1654496	220	0.08	0	1
1655526	1655589	64	0.89	1	1
1657637	1657656	20	0.00	0	0
1658254	1658734	481	0.45	0	2
1660478	1660504	27	0.85	1	2
1662304	1662356	53	0.00	0	0
1663644	1664153	510	0.40	0	1
1667794	1667816	23	0.30	0	1
1669496	1669619	124	0.99	1	1
1670754	1671102	349	0.46	0	1
1672039	1674190	2152	1.03	1	4
1675568	1676135	568	2.79	1	13
1676919	1677145	227	4.36	4	9
1678100	1678195	96	2.49	3	4
1678616	1678805	190	4.98	5	10
1678902	1679321	420	2.95	3	7
1679556	1679560	5	0.80	1	1
1680275	1680467	193	1.49	1	3
1681461	1681692	232	1.42	1	3
1681901	1682565	665	2.34	2	4
1683429	1683621	193	1.94	2	3
1685020	1685728	709	2.72	2	7
1686122	1686166	45	1.18	1	2
1687502	1687511	10	3.50	4	4
1687869	1687885	17	3.12	3	5
1688369	1688869	501	2.41	2	4
1692117	1692143	27	1.93	2	2
1693323	1693338	16	1.25	1	2
1694460	1694486	27	1.63	2	3
1695394	1696110	717	2.50	2	5
1696507	1697245	739	3.93	4	9
1697450	1698081	632	6.03	3	20
1698463	1698490	28	24.79	24	37
1698755	1699029	275	5.80	6	14
1699618	1699916	299	8.26	9	17
1700513	1700803	291	10.01	9	21
1701266	1701360	95	8.31	2	31
1702890	1703313	424	8.78	9	16
1704663	1705007	345	1.71	2	4
1705476	1705487	12	3.00	3	4
1706417	1706835	419	4.28	5	11
1707987	1708019	33	3.39	4	4
1708497	1708500	4	3.75	5	5
1712315	1712316	2	1.00	2	2
1712842	1712998	157	2.98	3	6
1714460	1714471	12	3.92	4	5
1714985	1715061	77	3.74	4	6
1716160	1716163	4	5.25	7	7
1716620	1716683	64	5.38	7	9
1717065	1717092	28	4.50	5	6
1717678	1717741	64	1.66	2	3
1718710	1718720	11	3.64	4	4
1720530	1720547	18	3.28	3	4
1721534	1721613	80	2.70	2	5
1722064	1722104	41	3.29	3	4
1724721	1724730	10	0.90	1	1
1725471	1725496	26	3.88	4	5
1726478	1726937	460	4.06	4	7
1727727	1727790	64	1.80	2	3
1729326	1729333	8	0.88	1	1
1730048	1730078	31	1.52	2	2
1731093	1731348	256	2.46	2	5
1733299	1733360	62	3.18	4	4
1733742	1733749	8	2.62	3	3
1734314	1734336	23	11.91	12	15
1735249	1735511	263	4.43	3	9
1736148	1736153	6	5.67	7	7
1736523	1737029	507	14.71	13	37
1737621	1737627	7	143.14	167	175
1738249	1738577	329	8.24	4	120
1740240	1740255	16	27.31	30	30
1742583	1742710	128	8.60	7	19
1743893	1743949	57	21.51	24.5	34
1744565	1744751	187	5.70	4	18
1745931	1746099	169	6.17	5	15
1746943	1747026	84	4.46	4	8
1748017	1748131	115	1.42	1	5
1749146	1749579	434	2.24	1	12
1750123	1750216	94	5.04	5	8
1751770	1751900	131	6.38	6	13
1754166	1754338	173	3.99	2	35
1755929	1756227	299	6.85	2	153
1757416	1757483	68	96.81	97	114
1758123	1758250	128	223.81	48	1321
1758452	1758500	49	35.98	30	57
1759788	1760294	507	16.07	8	88
1761387	1761530	144	30.80	32	50
1764421	1764525	105	14.38	15.5	22
1765810	1765898	89	15.24	15	24
1766799	1767113	315	3.55	2	14
1768590	1768673	84	6.64	6	13
1770225	1770229	5	18.40	23	23
1774486	1774718	233	10.12	10	24
1775337	1775477	141	10.89	12	18
1777209	1777311	103	0.62	0	6
1778383	1778495	113	0.58	1	1
1779405	1779649	245	1.18	1	3
1780412	1780440	29	2.24	2	4
1781440	1781539	100	2.31	2	4
1782815	1782822	8	4.88	6	6
1783789	1784132	344	3.98	3	10
1785177	1785234	58	8.12	4	17
1786021	1786042	22	16.36	17	18
1786403	1786441	39	9.74	10	12
1786874	1787053	180	7.09	7	11
1787735	1788133	399	3.04	2	8
1790897	1790926	30	12.43	13	14
1792640	1792649	10	13.60	15	16
1793466	1793531	66	36.23	37	43
1793811	1794541	731	9.17	5	43
1795370	1795579	210	8.03	6	78
1796123	1796405	283	34.29	3	183
1796868	1797181	314	28.32	3	450
1798280	1798388	109	106.43	102	154
1799001	1799232	232	16.03	15	42
1800208	1800234	27	9.63	10.5	12
1800520	1800728	209	3.85	3	10
1801185	1801229	45	1.38	1	3
1801533	1801667	135	2.42	3	4
1801968	1802124	157	3.32	3	6
1804558	1805423	866	5.37	1	27
1806240	1806737	498	16.32	16	45
1810673	1810769	97	11.67	11	19
1811754	1811777	24	7.58	8	10
1812447	1812577	131	3.21	3	5
1814392	1814590	199	6.18	5	24
1815665	1815819	155	9.56	9	17
1817401	1817635	235	2.70	2	6
1818383	1818791	409	1.87	2	6
1819848	1820190	343	1.62	1	6
1820845	1821957	1113	0.57	0	2
1823578	1823718	141	198.01	168	438
1825246	1825900	655	69.85	10	382
1826963	1828439	1477	4.99	4	16
1829151	1829448	298	11.68	7	30
1831312	1831313	2	15.00	30	30
1833125	1833143	19	34.74	35.5	44
1834816	1834944	129	12.85	8	43
1835278	1835295	18	14.44	16	19
1836775	1837175	401	7.71	7	14
1840435	1840443	9	31.00	36	36
1841158	1841262	105	10.78	6	28
1842178	1842211	34	22.24	24	29
1844116	1844182	67	12.97	15	19
1845121	1846224	1104	10.25	10	23
1847224	1847282	59	14.39	15.5	19
1848057	1848923	867	7.14	7	18
1850157	1850801	645	4.53	2	31
1852694	1852697	4	4.50	6	6
1854698	1854849	152	19.43	4	58
1855771	1855880	110	2.26	1	19
1856946	1857042	97	3.15	3	9
1857411	1857521	111	3.26	3	6
1859583	1859776	194	1.07	1	3
1864316	1864325	10	5.20	6	6
1872778	1872817	40	4.20	4	6
1878600	1878620	21	19.24	21	24
1881884	1882010	127	6.78	5	16
1883259	1883533	275	3.62	3	8
1884377	1884494	118	5.70	6	8
1885416	1885479	64	16.25	16	22
1885720	1885750	31	7.74	7	15
1887236	1887551	316	2.03	1	6
1888782	1888824	43	15.56	16	20
1889665	1889717	53	5.85	6	11
1890420	1891342	923	29.80	8	168
1891554	1891628	75	14.55	15	18
1891956	1892201	246	6.50	3	41
1893047	1893258	212	7.70	9	17
1894565	1894568	4	3.50	5	5
1894782	1894800	19	2.26	2	3
1894942	1894974	33	0.97	1	1
1897155	1897158	4	1.50	2	2
1898382	1898579	198	2.57	2	5
1899633	1899695	63	26.71	25.5	52
1900304	1900817	514	2.03	1	9
1901691	1901741	51	11.49	12	15
1902672	1902728	57	6.05	6	9
1903782	1903783	2	0.50	1	1
1905599	1905755	157	0.82	0.5	3
1906626	1906673	48	1.81	2	2
1907709	1907720	12	4.08	4	5
1908417	1908515	99	1.25	1	3
1909014	1909015	2	1.50	3	3
1909220	1909229	10	1.80	2	2
1910063	1910100	38	2.13	2	3
1910985	1911113	129	1.27	1	3
1912058	1912192	135	0.59	1	1
1912907	1912908	2	1.50	3	3
1914721	1914725	5	0.00	0	0
1918514	1918566	53	3.23	3	4
1918897	1918966	70	4.91	5	6
1920152	1920209	58	3.86	4	5
1920717	1920772	56	5.12	5	7
1921076	1921198	123	4.27	4	8
1924115	1924124	10	0.90	1	1
1924620	1924626	7	0.86	1	1
1925704	1926212	509	9.61	8	23
1926873	1926918	46	3.72	3	14
1927255	1927256	2	8.50	17	17
1927875	1927880	6	11.00	14	15
1928433	1928961	529	2.77	2	10
1929487	1929735	249	2.44	2	4
1929922	1929924	3	2.33	3.5	4
1930144	1930307	164	9.04	9	13
1930677	1931625	949	3.12	2	21
1931749	1931849	101	0.99	1	1
1932624	1932628	5	0.80	1	1
1933199	1933503	305	1.97	1	7
1934155	1934216	62	6.66	7	8
1935411	1935817	407	9.64	5	39
1935996	1936544	549	15.46	12	47
1936887	1936916	30	35.93	36	44
1937751	1937778	28	13.00	14	17
1937974	1938093	120	3.62	1	29
1939138	1939323	186	4.41	5	7
1940479	1940575	97	1.49	2	2
1942577	1942661	85	3.53	1	9
1943913	1944038	126	1.57	1	3
1945017	1945041	25	3.64	4	5
1945891	1945937	47	2.60	3	3
1946730	1946870	141	3.41	3.5	5
1947426	1947817	392	2.13	1	9
1947992	1948325	334	0.44	0	2
1949535	1949600	66	3.06	3	4
1949781	1949833	53	4.13	4	5
1950665	1950939	275	2.32	2	4
1952683	1952705	23	2.13	2	3
1953522	1954711	1190	0.66	1	2
1955603	1955823	221	0.74	1	2
1956832	1956896	65	3.12	4	5
1958436	1958474	39	4.64	5	7
1959477	1959522	46	3.76	4	5
1960459	1960473	15	2.60	3	3
1961401	1961459	59	1.66	2	2
1962804	1962901	98	0.70	1	2
1964651	1964770	120	6.34	2	19
1965725	1965836	112	5.56	5	10
1966302	1966579	278	1.77	1	6
1967765	1967846	82	5.66	6	9
1968558	1968779	222	4.36	2	23
1971697	1971705	9	2.67	3	3
1972450	1972591	142	4.29	3	9
1973837	1973906	70	15.66	16	22
1974243	1974332	90	11.67	11	21
1975107	1975178	72	13.47	15	18
1976481	1977522	1042	2.82	3	10
1979662	1979797	136	3.53	4	5
1980518	1980597	80	6.01	6	9
1982206	1982284	79	8.80	8	16
1983074	1983107	34	2.85	2	9
1983852	1983872	21	3.43	4	4
1984596	1984698	103	22.14	23	32
1985545	1985878	334	16.52	8	94
1986800	1986912	113	2.20	1	5
1988212	1988265	54	2.74	3	3
1989938	1990026	89	1.76	1	3
1990969	1991073	105	6.91	7	10
1992086	1992281	196	0.15	0	1
1993015	1993029	15	0.00	0	0
1993352	1993562	211	2.01	2	4
1993773	1993867	95	1.89	1.5	3
1994135	1994378	244	0.14	0	1
1994511	1994763	253	0.95	1	2
1995110	1995132	23	2.65	3	3
1995497	1995499	3	2.67	4	4
1995525	1995559	35	3.60	4	4
1995585	1995620	36	3.14	3	4
1995646	1995681	36	10.31	10	13
1995707	1996075	369	5.92	3	32
1996574	1997202	629	25.48	25	44
1997629	1997762	134	11.51	11	29
1998984	1999299	316	1.67	1	4
1999843	2000228	386	0.38	0	1
2000778	2000898	121	1.04	1	2
2001325	2001355	31	6.23	6.5	7
2001575	2001774	200	1.23	1	12
2003908	2003940	33	1.45	1.5	2
2004133	2004541	409	2.80	1	16
2005514	2005752	239	10.56	10	19
2005942	2006375	434	3.62	3	12
2010318	2010844	527	1.31	1	7
2012483	2012693	211	1.35	1	6
2013396	2013495	100	7.83	7	13
2014219	2014336	118	1.03	1	3
2016313	2016842	530	13.65	6	72
2018154	2018161	8	4.00	5	5
2021454	2021609	156	1.69	1	6
2022711	2022744	34	1.59	2	2
2023930	2024129	200	1.85	2	5
2024895	2025091	197	4.36	4	8
2030715	2030733	19	25.95	27.5	31
2031799	2032795	997	24.82	22	81
2033252	2033297	46	14.09	14	16
2033898	2033914	17	11.76	13.5	20
2035229	2035283	55	9.31	10	13
2035650	2036383	734	1.65	1	5
2037500	2037654	155	3.73	3	10
2038444	2038635	192	8.69	10	16
2039938	2040246	309	3.95	3	14
2041921	2041927	7	37.29	42.5	47
2043191	2043307	117	39.35	41	64
2045228	2046279	1052	19.63	6	357
2047171	2047217	47	11.66	12.5	18
2048262	2048288	27	53.00	55	66
2050889	2050898	10	62.70	70	73
2051853	2052235	383	20.13	9	62
2053163	2053223	61	1.67	2	2
2054283	2054302	20	1.60	2	2
2056117	2056280	164	1.32	1	3
2057313	2057526	214	2.16	2	4
2058232	2058320	89	8.75	8	14
2058651	2058706	56	8.96	9	11
2059394	2059547	154	14.80	15	20
2060049	2060267	219	6.84	2	65
2061180	2061187	8	3.25	4	4
2062016	2062223	208	17.29	17	31
2062644	2062769	126	14.44	13	23
2063829	2064272	444	5.97	3	24
2064708	2064870	163	5.10	3	19
2065345	2066176	832	41.96	4	336
2066465	2066867	403	10.76	10	33
2066941	2067039	99	16.00	5	40
2068048	2068170	123	5.38	5	8
2068318	2068573	256	4.72	4	9
2070413	2070584	172	3.35	3	5
2070897	2070923	27	0.96	1	1
2071140	2071245	106	0.51	1	1
2072782	2072955	174	0.76	1	1
2073133	2073440	308	0.77	1	2
2075059	2075309	251	3.91	1	16
2076015	2076198	184	5.24	4	16
2078316	2078486	171	9.54	10	15
2079043	2079324	282	12.18	12	20
2080204	2080397	194	2.02	2	7
2080722	2080842	121	11.41	9.5	27
2083407	2083474	68	21.75	22	27
2087446	2087484	39	27.33	28	36
2088649	2089020	372	22.93	21	38
2089909	2089938	30	27.27	27	41
2090734	2090912	179	27.91	18	106
2091903	2093342	1440	28.22	24	195
2094354	2094499	146	28.24	29	41
2096100	2096123	24	24.71	26	28
2097309	2097412	104	16.81	15	30
2098385	2098412	28	63.82	65	76
2100350	2100541	192	33.03	23	86
2101598	2101658	61	36.74	39	45
2101995	2102044	50	24.26	25	27
2106322	2106363	42	27.24	28	32
2107792	2108128	337	21.00	23	43
2109610	2109672	63	13.48	14	22
2111934	2112135	202	12.34	13	20
2112922	2112972	51	10.06	11	14
2113855	2114188	334	12.29	5	64
2115179	2115420	242	10.35	7	38
2116276	2116333	58	7.31	8	9
2117930	2118019	90	1.98	2	2
2118371	2118372	2	2.00	4	4
2118826	2118914	89	10.00	13	19
2119110	2119141	32	20.16	21	29
2120311	2120921	611	4.45	4	10
2121150	2121362	213	13.39	9	39
2121615	2121652	38	31.50	31	40
2121848	2121978	131	0.97	1	6
2122192	2122237	46	1.09	1	2
2124040	2124056	17	0.00	0	0
2125215	2125580	366	1.25	1	6
2126007	2126074	68	7.38	7	10
2126899	2127071	173	5.08	2.5	16
2127146	2127584	439	4.25	4	8
2128420	2128819	400	1.67	2	6
2129192	2130204	1013	8.50	7	37
2130544	2130545	2	20.00	40	40
2130984	2131290	307	1.65	1	5
2131834	2131850	17	13.82	15	15
2132592	2133019	428	2.31	2	5
2133857	2133934	78	1.00	0	7
2134961	2135070	110	9.66	10	18
2135863	2135979	117	7.27	6	23
2136637	2136738	102	2.75	2	6
2137738	2137864	127	9.96	11	26
2138600	2138937	338	13.53	13	34
2139631	2139849	219	2.16	2	8
2140771	2140834	64	11.88	11	16
2141585	2141742	158	8.93	8	14
2144206	2144423	218	7.50	3	26
2144508	2144644	137	9.39	8	16
2145698	2146098	401	3.13	2	15
2146183	2146337	155	12.22	11	22
2146422	2146538	117	2.90	3	5
2148258	2148261	4	3.75	5	5
2148886	2149246	361	0.93	1	3
2150471	2150682	212	12.70	6	55
2151478	2151661	184	13.27	10	28
2153414	2153463	50	10.30	11	15
2154379	2154707	329	5.03	3	33
2155260	2155430	171	19.81	17	43
2156148	2156203	56	42.61	45	58
2157593	2157614	22	13.00	11	21
2159475	2159491	17	28.35	29.5	32
2159996	2160018	23	8.91	8	13
2160871	2160907	37	44.08	49	53
2161898	2161909	12	50.08	54	59
2164263	2164268	6	30.83	37	38
2165514	2165591	78	44.96	49	81
2167020	2167093	74	33.38	35	39
2168018	2168192	175	41.67	39	65
2169158	2169243	86	95.88	87	234
2169439	2169949	511	99.54	15	398
2171793	2171842	50	2.48	3	4
2173211	2173348	138	9.85	10	17
2175029	2175170	142	8.34	5	22
2175630	2175734	105	10.90	8	30
2176164	2176361	198	8.90	8	18
2177460	2177576	117	71.15	44	175
2179005	2179095	91	60.15	63.5	155
2180365	2180490	126	124.22	126	204
2183356	2183362	7	175.71	205	207
2183443	2183676	234	39.88	8	383
2185495	2185887	393	6.55	2	34
2186395	2186449	55	17.35	18	24
2187977	2188046	70	6.89	7	9
2189262	2189282	21	11.76	12.5	15
2190843	2190927	85	7.78	8	12
2191882	2191920	39	35.10	40.5	45
2192287	2192402	116	25.02	22	100
2195325	2195462	138	143.83	136	234
2197394	2197700	307	39.27	41	83
2199414	2199477	64	21.59	26	34
2200558	2200846	289	48.09	55	147
2202044	2202157	114	3.88	4	12
2203058	2203455	398	17.05	10	46
2203855	2204064	210	18.95	18	42
2204329	2204495	167	20.79	20	38
2204811	2205001	191	25.28	27	34
2205716	2205971	256	234.89	2	1449
2206230	2206388	159	85.52	32	433
2206644	2206702	59	22.02	22	39
2206991	2207490	500	3.97	2	44
2208691	2208919	229	6.41	2	44
2210451	2210452	2	20.50	41	41
2211000	2213077	2078	7.63	8	19
2213543	2213574	32	1.53	2	2
2214364	2214508	145	3.05	3	8
2215786	2216246	461	0.52	1	1
2217110	2217142	33	0.00	0	0
2219111	2219349	239	0.63	1	1
2220988	2221059	72	0.94	1	1
2221804	2221806	3	0.00	0	0
2222926	2222928	3	0.67	1	1
2223334	2223335	2	1.00	2	2
2225168	2225173	6	0.00	0	0
2226137	2226140	4	0.50	1	1
2228046	2228317	272	4.21	4	8
2228798	2228966	169	1.35	1	2
2229375	2229386	12	0.92	1	1
2229825	2229921	97	1.80	1	3
2231920	2232207	288	0.43	0	1
2233048	2233050	3	0.67	1	1
2234337	2234729	393	1.01	1	2
2235012	2235095	84	0.04	0	1
2236152	2236203	52	1.71	2	2
2237665	2238247	583	0.70	1	2
2238554	2238621	68	0.00	0	0
2239804	2239991	188	0.00	0	0
2241450	2241456	7	0.86	1	1
2241982	2242027	46	0.98	1	1
2242391	2244466	2076	14.11	3	90
2245112	2245379	268	0.53	1	1
2246129	2246782	654	1.05	1	3
2248704	2248711	8	0.62	1	1
2249507	2249531	25	0.84	1	1
2252044	2252293	250	0.54	1	1
2252675	2253474	800	2.75	3	7
2253709	2253803	95	1.29	2	3
2254504	2254643	140	8.26	7	15
2255181	2256818	1638	103.21	2	983
2257119	2257498	380	1.74	2	7
2257796	2258002	207	0.32	0	1
2258252	2258426	175	1.26	1	3
2260954	2260992	39	3.21	3	4
2261635	2261736	102	0.86	1	1
2263055	2263485	431	1.30	1	2
2265394	2265409	16	2.25	2	3
2265887	2265990	104	1.14	1	2
2267587	2268617	1031	22.26	12	94
2272147	2272422	276	0.66	1	2
2273527	2273529	3	2.00	3	4
2273755	2273941	187	1.60	2	3
2274290	2274306	17	0.94	1	1
2275012	2276022	1011	1.81	2	5
2277931	2277940	10	0.90	1	1
2279554	2279681	128	0.91	1	1
2280249	2280298	50	1.26	1	2
2281346	2281351	6	1.67	2	2
2282156	2283216	1061	1.44	1	4
2283562	2284982	1421	18.26	20.5	61
2285706	2285792	87	2.70	2	5
2286072	2287089	1018	6.48	6	18
2287683	2287950	268	0.28	0	1
2288980	2288985	6	0.83	1	1
2289727	2290810	1084	0.61	1	2
2291590	2292626	1037	1.06	1	3
2294534	2295317	784	1.58	1	7
2296836	2296837	2	1.00	2	2
2298870	2298886	17	2.76	3	3
2300590	2300593	4	1.50	2	2
2302293	2302297	5	0.00	0	0
2302853	2302858	6	1.67	2	2
2304353	2304365	13	2.54	3	4
2304798	2304801	4	3.00	4	4
2305404	2305408	5	0.80	1	1
2307386	2307390	5	0.80	1	1
2309997	2309998	2	0.50	1	1
2310491	2310495	5	1.60	2	2
2310847	2310916	70	2.17	2	4
2312093	2312095	3	1.33	2	2
2312819	2312834	16	1.88	2	2
2314239	2314746	508	2.58	2	5
2316457	2317101	645	1.95	2	4
2317870	2318055	186	9.59	8	30
2318380	2318916	537	21.30	21	38
2318991	2319295	305	8.76	8	16
2319674	2319697	24	18.92	16	35
2320331	2320482	152	12.61	12	24
2322273	2322276	4	30.00	40	40
2323120	2323178	59	23.42	23	30
2324112	2324123	12	43.00	45	56
2326854	2326860	7	90.71	104	126
2328223	2328670	448	72.17	86	228
2330111	2330171	61	7.85	8	13
2330340	2330818	479	2.51	2	16
2332982	2333090	109	5.35	4	10
2333496	2333556	61	31.48	31	41
2333956	2334032	77	34.29	32	48
2336460	2336539	80	26.27	26	38
2337551	2337701	151	236.06	96.5	689
2338059	2338089	31	653.16	683.5	798
2338285	2338475	191	461.03	431.5	786
2338944	2339049	106	112.34	115	152
2340955	2341200	246	46.41	45	102
2341275	2341366	92	4.34	5	6
2343593	2343644	52	42.04	41	59
2343996	2344071	76	99.78	109	175
2344972	2345119	148	233.07	241	414
2345759	2345762	4	515.25	694	713
2346465	2346705	241	49.57	22.5	293
2347249	2347309	61	16.08	16	24
2347739	2347769	31	58.03	61.5	63
2348544	2348715	172	15.98	17	34
2350387	2350507	121	13.07	14	24
2351606	2351734	129	7.09	7	29
2353667	2353818	152	13.68	14	49
2354287	2354469	183	5.57	1	53
2354782	2354885	104	5.67	6	9
2356188	2356273	86	2.65	3	5
2356880	2356892	13	4.77	5	6
2357397	2357419	23	6.43	7	7
2358839	2359090	252	8.58	9	17
2359889	2359957	69	14.41	16	18
2360629	2360642	14	22.79	24	27
2361303	2361539	237	22.77	20	66
2361895	2362400	506	2.01	2	46
2363331	2363398	68	18.94	19	29
2364236	2364441	206	4.53	3	13
2365644	2365820	177	4.19	4	7
2367255	2367511	257	3.88	3	10
2368433	2369273	841	10.79	7	33
2370213	2370373	161	19.43	2	101
2371898	2371912	15	0.93	1	1
2374327	2374342	16	3.69	4	4
2375288	2375360	73	2.41	2.5	4
2377038	2377400	363	14.07	1	49
2378646	2378750	105	3.11	3	5
2379555	2379562	8	19.12	21	29
2381930	2382227	298	4.08	1	35
2385096	2385186	91	46.44	42	74
2386066	2386211	146	9.59	3	36
2388075	2388350	276	4.01	2	13
2388963	2389047	85	1.71	1	4
2391496	2391506	11	4.36	5	5
2393666	2394482	817	6.53	5	18
2394708	2394867	160	5.03	2	18
2395906	2395918	13	11.62	13	15
2397816	2398034	219	0.96	0	7
2399109	2399253	145	3.50	3	7
2400397	2400411	15	5.67	6	7
2401234	2401254	21	6.52	7	9
2403229	2403242	14	13.36	13	19
2406167	2406168	2	14.00	28	28
2407030	2407091	62	12.13	11	22
2407551	2407813	263	8.41	7	20
2408153	2408182	30	7.10	8	8
2408717	2408866	150	5.90	2	23
2410522	2410585	64	1.20	1	2
2413336	2413426	91	1.82	2	3
2414453	2414771	319	1.83	1	7
2417060	2417137	78	3.01	3	5
2417624	2417833	210	1.71	2	3
2418534	2418674	141	558.11	4	1851
2419035	2419205	171	91.75	17	1654
2419410	2419881	472	3.69	3	16
2422504	2422869	366	5.73	0	28
2424088	2424258	171	3.99	3	16
2424466	2424692	227	10.07	5	41
2426400	2426482	83	4.36	3	11
2426957	2427283	327	5.66	6	12
2428712	2428915	204	0.90	1	1
2430536	2430686	151	1.14	1	2
2432743	2432838	96	10.08	13	19
2433676	2433802	127	16.16	16	23
2434820	2435346	527	15.24	10	66
2436396	2436508	113	0.82	0	2
2437817	2438058	242	0.82	1	1
2438527	2439631	1105	2.10	2	7
2440046	2440106	61	4.56	5	6
2443275	2443513	239	4.74	3	19
2444432	2444756	325	1.20	1	4
2445333	2445395	63	3.79	3	7
2446437	2446684	248	1.89	1	7
2447573	2447832	260	5.08	4	14
2448858	2449044	187	6.23	5	16
2449297	2449303	7	1.71	2	2
2449532	2449797	266	1.35	1	3
2450096	2450175	80	2.41	3	3
2450758	2451071	314	2.70	3	5
2451396	2451731	336	2.26	2	5
2452242	2452461	220	2.30	2	4
2454145	2454948	804	1.16	1	2
2459541	2459992	452	1.15	1	3
2461706	2461938	233	3.52	3	8
2462605	2462750	146	1.10	0	16
2464041	2464120	80	20.07	25	33
2464706	2464889	184	9.18	9	13
2465277	2465499	223	3.30	2	12
2466139	2466239	101	4.72	4	7
2467564	2467650	87	15.43	2	116
2468689	2468797	109	12.88	13	22
2469407	2469553	147	15.84	15	24
2471090	2471478	389	8.30	2	81
2472757	2472815	59	1.86	2	3
2473383	2473729	347	0.63	1	2
2474900	2475004	105	5.27	5	10
2477390	2479129	1740	3.95	3	12
2479880	2480331	452	9.16	7	33
2482223	2482365	143	14.90	5	65
2482822	2482928	107	3.97	4	6
2483142	2483529	388	1.89	1	14
2484391	2484403	13	19.08	21	21
2484761	2484783	23	7.83	8	11
2486328	2486387	60	4.87	5	6
2490351	2490540	190	1.68	1	4
2491684	2492103	420	5.42	5	12
2493007	2493183	177	2.34	2	6
2493577	2493676	100	1.57	2	3
2494445	2494658	214	1.82	1	4
2496051	2496175	125	1.78	2	3
2496992	2497016	25	1.92	2	2
2498736	2499692	957	3.48	1	29
2500671	2500680	10	2.70	3	3
2501419	2501434	16	1.88	2	2
2504800	2504935	136	2.93	3	5
2505590	2505646	57	6.89	9	10
2509058	2509339	282	5.38	4	13
2510564	2511177	614	2.18	2	5
2511823	2512187	365	2.48	1	11
2513307	2513732	426	1.55	1	5
2514900	2515106	207	1.67	1	5
2519478	2519498	21	9.05	9.5	11
2529695	2529794	100	5.72	6	8
2532051	2532117	67	7.46	8	9
2533627	2533642	16	11.00	11	17
2534387	2534834	448	3.58	3	13
2536662	2536822	161	5.27	4	11
2537846	2537861	16	8.31	9	9
2540787	2540807	21	9.43	10	12
2541198	2541281	84	14.10	15	19
2543336	2543409	74	14.04	15	20
2544541	2544602	62	20.63	22	28
2547198	2547842	645	4.95	4	32
2551854	2552217	364	19.12	17	38
2552947	2554092	1146	6.52	4	22
2554488	2554756	269	1.67	2	3
2555045	2555096	52	12.54	12	16
2555673	2555683	11	14.64	15.5	18
2556485	2556607	123	10.92	11	15
2556813	2556897	85	15.86	16	19
2557735	2557795	61	7.25	8	11
2558319	2558350	32	19.38	19	23
2559395	2559555	161	11.78	11	40
2560540	2560586	47	43.15	47	57
2563813	2564067	255	22.97	21	36
2565355	2565449	95	26.42	24	46
2567607	2567742	136	5.28	5	13
2569618	2569620	3	7.33	11	11
2570191	2570214	24	19.46	21	25
2570590	2571045	456	3.46	2	27
2572215	2572308	94	8.84	9	14
2573125	2573205	81	6.43	7	10
2574408	2574446	39	4.44	3	9
2575035	2575063	29	5.90	6	8
2575316	2575395	80	16.02	17	25
2577701	2577752	52	10.88	13	15
2579094	2579145	52	6.96	4	32
2579946	2580035	90	5.01	5	8
2580489	2580490	2	2.50	5	5
2580842	2580943	102	1.57	2	2
2584116	2584363	248	3.04	2	9
2585408	2587392	1985	4.34	2	36
2587909	2587941	33	7.21	7	9
2588566	2588584	19	23.84	23	30
2590187	2590292	106	31.25	2	394
2590384	2590518	135	77.90	22.5	395
2591731	2592115	385	13.07	15	24
2593553	2593598	46	47.43	49	72
2594568	2594675	108	14.20	10	75
2595585	2595632	48	40.17	41	54
2597025	2597255	231	15.91	16	34
2597970	2598031	62	45.35	47	68
2598608	2598697	90	136.16	114	220
2599187	2599211	25	235.12	258.5	268
2600013	2600078	66	5.89	6	9
2600841	2601029	189	4.54	4	9
2601882	2602190	309	10.05	12	32
2603004	2603142	139	12.56	13	21
2603398	2603441	44	7.73	7	11
2604507	2604508	2	1.50	3	3
2604962	2605051	90	0.99	1	1
2606061	2606175	115	3.36	3	5
2606794	2607118	325	6.45	6	16
2608142	2608685	544	5.58	5	19
2609517	2609927	411	8.32	8	16
2610753	2611105	353	1.82	2	4
2612822	2612933	112	2.95	2	5
2614164	2615178	1015	7.29	7	19
2615689	2616864	1176	6.16	5	21
2617735	2617930	196	2.81	2	16
2618306	2618379	74	7.16	7	10
2619073	2619221	149	4.52	3	43
2620496	2620506	11	46.18	49.5	61
2621719	2622050	332	19.12	8	62
2622903	2623699	797	2.26	2	11
2624696	2630227	5532	1.40	1	8
2630978	2631001	24	0.46	0	1
2631392	2633281	1890	4.85	4	22
2633987	2634501	515	2.62	2	7
2637895	2638487	593	1.63	2	4
2641062	2647951	6890	0.68	1	5
2649284	2651540	2257	1.95	1	10
2652300	2656800	4501	3.19	3	12
2657344	2657764	421	0.47	0	2
2659019	2667965	8947	1.06	1	5
2668281	2668345	65	0.32	0	1
2669030	2673602	4573	0.61	0	4
2674158	2674986	829	0.50	0	2
2675764	2675996	233	0.23	0	1
2676825	2682137	5313	3.36	1	25
2684664	2685019	356	1.15	1	5
2685803	2687255	1453	5.19	4	14
2688545	2689752	1208	11.71	11	27
2691118	2691384	267	6.17	6	15
2692909	2693810	902	6.90	6	16
2696646	2696713	68	12.82	13	21
2701475	2705894	4420	9.07	4	44
2706609	2706610	2	3.50	7	7
2706911	2708608	1698	2.70	3	6
2709149	2709304	156	1.56	1	5
2710559	2716062	5504	3.98	1	55
2716444	2720057	3614	0.92	1	4
2722224	2722913	690	0.76	1	2
2724018	2725200	1183	1.14	1	4
2725636	2727988	2353	2.44	2	15
2728847	2729009	163	1.98	2	3
2730000	2730048	49	1.22	1	2
2730796	2733626	2831	1.30	1	5
2735184	2735433	250	3.32	3	12
2736322	2736343	22	6.18	6	7
2737097	2737871	775	2.00	1	12
2742672	2742841	170	0.00	0	0
2743628	2743699	72	0.67	1	1
2745482	2751670	6189	0.86	1	3
2752808	2755321	2514	0.80	1	5
2756225	2757953	1729	0.36	0	2
2760141	2761056	916	5.48	3	80
2763420	2763578	159	22.36	18	60
2767516	2767568	53	86.25	73.5	138
2769368	2769979	612	965.00	527	3685
2770751	2770757	7	34.00	39	42
2771901	2772005	105	32.87	33	47
2772906	2772952	47	27.04	28.5	33
2773511	2773586	76	10.07	11	34
2774787	2774798	12	32.58	37	39
2775459	2775552	94	5.09	5	9
2776186	2776273	88	9.42	9	14
2777102	2777225	124	4.42	3	30
2778132	2778261	130	2.14	2	6
2779117	2779299	183	7.30	8	13
2779822	2779862	41	42.49	45	53
2780811	2780864	54	70.30	76	90
2781258	2781368	111	13.10	14	50
2781786	2781870	85	81.29	59	181
2783152	2783251	100	61.60	53	102
2785762	2785954	193	5.02	2	70
2786765	2787002	238	2.46	1	10
2789595	2789849	255	4.53	5	7
2790636	2790642	7	33.00	38.5	41
2792639	2792929	291	2.67	1	14
2794082	2794093	12	4.58	5	5
2795786	2796019	234	3.30	1	39
2797122	2797265	144	5.28	6	9
2798790	2799092	303	9.08	6	26
2799765	2799933	169	3.40	3	10
2800138	2800165	28	30.71	32	35
2800505	2800574	70	9.47	9	15
2802441	2802514	74	15.58	14	25
2803040	2803148	109	27.73	29	55
2803470	2803566	97	61.40	61	87
2803972	2804026	55	54.69	48.5	90
2805248	2805334	87	16.90	13	56
2805869	2805994	126	10.46	9	20
2806475	2806568	94	9.16	7	21
2806782	2806985	204	6.09	5	15
2808405	2808460	56	9.20	9	12
2809181	2809373	193	6.40	3	46
2810181	2810295	115	24.10	24	67
2811433	2812120	688	24.14	6	187
2812700	2812951	252	31.73	11	133
2814719	2814872	154	90.40	94	156
2816505	2816573	69	51.03	45	78
2819268	2819533	266	23.46	4	136
2822671	2822977	307	21.50	13	79
2823836	2824076	241	5.42	3	29
2826162	2826272	111	4.46	4	10
2827755	2828090	336	1.32	1	3
2828724	2829174	451	1.15	1	3
2829694	2829857	164	0.91	1	1
2830299	2830827	529	4.98	2	49
2831074	2831148	75	60.48	63	82
2831929	2831981	53	6.66	7	8
2832642	2833027	386	2.99	1	13
2833574	2833648	75	6.79	7	10
2834273	2834857	585	3.23	2	17
2834932	2835108	177	3.05	1	17
2835883	2835946	64	11.78	12	16
2838053	2838227	175	2.49	2	7
2839713	2839754	42	6.60	7	9
2840895	2841061	167	20.86	17.5	69
2842475	2842853	379	43.19	19	213
2843316	2843430	115	14.37	12	36
2845071	2845361	291	4.76	4	13
2846352	2846370	19	18.26	19	21
2847367	2847468	102	10.99	12	21
2851699	2851724	26	0.96	1	1
2853090	2853141	52	25.25	26	31
2853415	2853660	246	19.49	18	32
2853733	2853947	215	13.35	11	36
2854443	2854738	296	20.93	18	56
2856164	2856213	50	46.14	50	56
2857546	2857593	48	6.54	7	8
2858374	2858562	189	23.59	19	53
2858767	2859294	528	44.63	17	218
2860780	2860837	58	10.26	11	17
2861639	2861701	63	13.57	14	17
2863076	2863130	55	12.35	15	16
2864352	2864358	7	9.00	10.5	11
2864989	2864996	8	20.88	24	26
2866683	2866773	91	8.02	7	13
2867467	2867473	7	24.71	29	30
2868995	2869335	341	0.86	0	14
2870122	2870277	156	2.19	1	6
2871745	2872277	533	1.21	1	5
2873442	2873610	169	11.63	7	28
2875054	2875672	619	12.71	5	56
2876645	2877062	418	3.88	3	13
2877151	2878499	1349	10.94	5	55
2880459	2880704	246	3.12	3	6
2880978	2881072	95	3.96	4.5	7
2881334	2881502	169	10.21	10	15
2881824	2881834	11	8.64	10	11
2886623	2886700	78	3.21	3	6
2889815	2890114	300	4.62	3	17
2892050	2892538	489	2.94	3	12
2894980	2895065	86	16.73	18	25
2897046	2897388	343	45.08	41.5	99
2898289	2898397	109	3.88	4	11
2898986	2899061	76	28.89	21	86
2900583	2900782	200	50.31	20	217
2901257	2901306	50	73.56	76	90
2902165	2902312	148	3.14	3	7
2902544	2902764	221	7.00	7	12
2903485	2903540	56	7.96	8	11
2904279	2904295	17	21.24	22	26
2904716	2905066	351	328.00	23	1311
2906048	2906162	115	6.67	7	13
2907033	2907119	87	4.40	5	10
2907603	2907758	156	4.55	3	16
2907999	2908255	257	10.25	5	26
2910493	2910554	62	5.65	7	8
2910891	2910969	79	9.54	10	16
2911519	2911778	260	9.10	10	23
2913867	2914125	259	13.21	1	107
2915323	2915598	276	11.65	9	139
2916568	2916682	115	16.85	15	28
2917526	2917571	46	18.96	19	27
2917833	2918039	207	74.24	31	460
2918184	2918416	233	78.00	12	478
2918804	2918940	137	7.35	4	99
2919054	2919193	140	58.19	39	385
2922073	2922379	307	1331.80	1443	2535
2922453	2922495	43	315.84	325	395
2922570	2922636	67	118.04	57.5	421
2924168	2924819	652	654.08	207	3059
2926035	2926222	188	15.72	14	79
2927051	2927113	63	7.70	8	11
2927786	2927968	183	9.85	9	18
2928590	2928723	134	17.36	14	45
2929873	2929988	116	20.09	15	39
2930769	2930864	96	12.84	13	21
2931318	2931367	50	7.28	7	10
2932550	2932579	30	23.60	28	31
2933231	2933447	217	13.96	11	36
2934237	2934273	37	4.97	5	6
2934991	2935020	30	10.77	11	12
2936128	2936184	57	7.18	8	12
2937418	2937491	74	17.53	14	31
2938439	2938488	50	27.18	29	41
2939620	2939632	13	12.38	14	15
2940827	2940894	68	27.51	28	42
2941327	2941528	202	13.39	12	26
2942117	2942155	39	55.49	57	61
2942453	2942454	2	36.00	72	72
2943910	2943951	42	171.45	171	218
2945443	2945465	23	102.43	107	116
2947509	2947528	20	168.30	174	202
2947838	2947857	20	69.25	72	84
2948518	2948634	117	66.12	60	102
2949121	2949139	19	103.95	107	131
2950202	2950204	3	28.33	42.5	43
2952533	2952635	103	103.03	101.5	139
2954432	2954553	122	111.15	111	166
2955805	2955816	12	194.75	210	227
2956417	2956438	22	252.18	269	285
2956916	2956984	69	167.72	190	236
2957342	2957500	159	37.89	32	162
2957583	2957695	113	39.46	24	87
2958071	2958153	83	41.08	38.5	65
2958907	2959045	139	49.22	52	73
2960063	2960173	111	31.88	38.5	102
2962301	2962618	318	32.49	29	81
2962886	2963167	282	43.25	7	314
2963666	2964114	449	6.41	5	22
2964784	2964828	45	12.49	13	16
2966359	2966445	87	8.14	6	31
2967988	2968263	276	9.24	8	25
2969125	2969144	20	23.60	25	28
2969787	2969909	123	22.97	12	113
2970924	2971014	91	32.80	35.5	46
2971504	2971623	120	27.99	26	58
2973385	2973722	338	32.08	4	136
2974706	2974737	32	122.59	123	144
2976021	2976341	321	2.49	2	6
2977275	2977321	47	0.55	1	1
2978354	2978364	11	2.73	3	3
2978920	2979117	198	27.76	3	100
2980410	2980443	34	23.62	26	32
2981065	2981424	360	3.66	4	9
2983288	2983324	37	7.35	7	10
2983739	2983781	43	12.33	13	14
2986964	2987160	197	21.61	23	46
2987479	2987642	164	21.84	5	71
2991262	2991388	127	1.39	1	4
2991968	2991983	16	0.94	1	1
2994066	2994166	101	0.87	1	1
2996101	2996339	239	4.91	4	14
2997312	2997573	262	29.11	5	145
2997973	2998015	43	33.79	31	77
2998397	2998528	132	10.77	11	29
2999306	2999531	226	8.79	9	16
3000180	3000465	286	8.35	10	24
3001192	3001301	110	15.68	16	30
3002577	3002742	166	14.34	13	28
3004416	3004419	4	12.25	16	18
3004858	3004907	50	21.84	26	33
3005376	3005418	43	11.88	13	14
3006058	3006067	10	20.40	23	23
3007535	3007806	272	9.17	9	19
3008107	3008371	265	2.75	2	6
3008699	3008902	204	4.17	4	8
3011176	3011189	14	13.21	14	15
3011769	3011994	226	15.94	15	30
3012406	3012550	145	12.77	11	23
3014381	3014536	156	1.74	1	9
3015299	3015422	124	3.81	3	8
3016263	3016471	209	4.18	4	7
3017750	3017833	84	20.81	23	25
3019016	3019105	90	19.93	24	34
3022652	3022897	246	2.88	1	8
3024691	3024867	177	28.50	12	89
3026308	3026528	221	23.61	21.5	53
3026913	3027008	96	14.05	14	19
3027168	3027266	99	16.26	12.5	33
3028479	3028680	202	3.78	1	18
3029254	3029399	146	5.50	6	8
3034014	3034234	221	9.03	6	27
3035438	3035663	226	15.28	13	34
3037491	3037752	262	10.41	11	17
3039268	3039425	158	8.66	9	14
3040056	3040300	245	13.82	15	41
3041779	3042109	331	2.78	2	12
3042542	3042673	132	10.17	8	23
3043040	3043079	40	93.22	103	110
3043437	3043709	273	18.77	1	82
3044550	3044694	145	6.62	2	22
3045868	3045935	68	17.35	17	24
3046641	3046945	305	7.42	6	16
3048155	3048376	222	13.56	2	54
3049328	3049575	248	22.36	20	56
3050011	3050158	148	4.75	5	9
3051086	3051177	92	4.82	5	7
3054197	3054400	204	17.62	4	133
3055892	3056230	339	3.88	3	23
3056948	3057019	72	1.21	1	3
3057929	3057965	37	3.08	3	5
3059175	3059241	67	39.69	44	76
3060578	3061137	560	8.17	8	18
3063505	3063776	272	3.99	4	6
3064977	3065064	88	11.33	10	19
3065521	3065784	264	7.45	8	13
3068107	3068182	76	21.33	23	31
3070163	3070366	204	13.14	10	25
3072332	3072539	208	20.56	7	205
3072948	3074497	1550	20.36	6	155
3075419	3075608	190	24.13	24	53
3077902	3077979	78	18.82	21	29
3079362	3079398	37	4.46	5	7
3079840	3079844	5	5.80	7	8
3080550	3080634	85	7.91	8	11
3080833	3081002	170	1.11	1	2
3081786	3081949	164	3.79	3	7
3082496	3082575	80	1.46	2	2
3083140	3083660	521	1.40	1	4
3084708	3084719	12	1.17	1	2
3085777	3086072	296	2.41	2	5
3086850	3086911	62	11.87	14	18
3089084	3089167	84	4.45	5	6
3089468	3089551	84	2.13	2	4
3090053	3090064	12	4.08	4	7
3091232	3091305	74	1.45	1	2
3092026	3092041	16	6.62	8	8
3096027	3096096	70	7.50	4	21
3096832	3096939	108	85.88	2	305
3098665	3098670	6	1.17	1	2
3098959	3098962	4	1.50	2	2
3099956	3100034	79	2.29	2	4
3100377	3100408	32	3.34	3	4
3103197	3103209	13	2.77	3	3
3105758	3106314	557	11.59	3	63
3107086	3107306	221	1.54	1	4
3109806	3109966	161	1.31	1	2
3110907	3111304	398	2.15	2	7
3111806	3112643	838	4.09	2	27
3113010	3113011	2	1.00	2	2
3114754	3115329	576	4.89	5	9
3115558	3116133	576	20.50	23	58
3116992	3117003	12	23.92	28	30
3118102	3118319	218	25.64	25	61
3118392	3118450	59	3.85	3	8
3119019	3119530	512	1.32	1	4
3120368	3120373	6	2.50	3	3
3120665	3121007	343	3.42	3	7
3121287	3121541	255	2.89	3	5
3122049	3122646	598	7.34	6	19
3124255	3124684	430	6.93	7	15
3126341	3127593	1253	2.72	3	6
3127861	3127984	124	6.30	7	11
3128192	3128348	157	6.10	6	8
3129477	3129516	40	33.55	36	39
3130054	3130279	226	16.57	15	32
3130718	3130970	253	4.56	3	10
3131328	3131400	73	15.62	13.5	24
3132603	3132854	252	4.06	4	11
3133233	3133394	162	6.09	4	17
3133896	3134032	137	12.49	13.5	25
3135401	3135421	21	2.81	3	5
3137478	3137662	185	4.55	4	8
3137858	3138118	261	11.41	9	35
3139246	3139312	67	7.49	6	21
3140636	3140660	25	41.92	43.5	46
3142413	3142914	502	17.16	13	153
3143179	3143245	67	22.15	24	36
3145266	3145500	235	3.99	3	8
3146053	3146434	382	5.71	3	17
3147209	3147391	183	5.01	4	18
3148789	3148821	33	19.03	20	24
3149587	3149706	120	11.07	12	17
3150751	3151545	795	24.80	5	134
3152629	3152792	164	51.73	20	177
3153129	3153184	56	30.23	23	63
3154868	3154972	105	12.81	14	18
3156149	3156200	52	4.75	4	7
3156702	3156781	80	48.65	10	258
3157307	3157534	228	30.33	3	196
3158972	3159048	77	3.29	3	5
3159805	3159918	114	2.54	3	4
3161221	3161295	75	14.00	14.5	19
3164760	3164761	2	10.00	20	20
3165728	3165923	196	60.25	29	185
3169017	3169269	253	6.36	6	14
3170098	3170271	174	2.82	2	11
3171676	3171783	108	8.00	4	26
3172489	3172511	23	31.17	34	42
3174789	3174879	91	21.27	21	27
3175447	3175559	113	23.11	23	30
3176085	3176212	128	48.28	51	62
3177299	3177634	336	81.42	58	227
3178292	3178788	497	20.92	11	81
3180943	3181041	99	8.05	5	16
3185107	3185131	25	14.28	17.5	19
3186971	3187206	236	7.43	4	33
3187393	3187399	7	49.29	58	60
3188267	3188480	214	15.79	14	34
3189318	3189364	47	33.49	40	67
3189749	3190008	260	16.31	14	38
3190669	3190873	205	5.07	2	24
3191300	3191417	118	3.19	3	5
3192891	3192993	103	2.99	1.5	7
3194514	3194681	168	0.84	1	4
3195768	3195773	6	7.33	9	9
3196731	3196940	210	1.90	2	6
3198284	3198299	16	8.25	9	10
3199353	3199431	79	3.63	3	6
3201298	3201348	51	5.67	6	9
3203281	3203874	594	12.92	6	57
3204534	3204593	60	209.77	226	303
3204773	3204886	114	13.71	13	44
3205346	3205545	200	36.90	6	128
3206257	3206361	105	17.43	16	26
3207250	3207954	705	5.30	5	15
3208279	3208385	107	35.34	29	71
3209844	3209864	21	36.38	40.5	44
3210279	3210312	34	60.50	59	79
3211822	3211933	112	13.24	6	55
3213023	3213028	6	14.67	19	20
3214175	3214207	33	60.24	61	95
3214580	3214666	87	12.69	8	32
3215441	3215497	57	20.70	17	39
3216812	3216836	25	23.72	24	28
3217797	3217889	93	14.08	14	22
3219155	3219177	23	18.87	19.5	24
3220855	3221080	226	8.80	8	20
3222020	3222183	164	49.18	5	335
3222266	3222392	127	110.53	6	390
3223653	3224270	618	1.66	1	9
3227145	3227259	115	1.98	2	4
3227584	3227595	12	4.42	5	5
3228610	3228659	50	17.88	19	24
3228747	3228942	196	13.68	14	23
3229447	3230296	850	13.22	10	42
3232118	3232601	484	4.13	2	32
3234582	3234762	181	9.10	9	14
3235336	3235403	68	18.50	20	25
3236241	3237123	883	3.71	2	18
3237841	3238001	161	11.25	9	35
3239254	3239307	54	13.19	15	19
3240337	3240423	87	17.11	18	25
3241816	3241837	22	35.27	36	45
3242288	3242422	135	14.15	13	30
3243137	3243138	2	62.00	124	124
3243910	3243936	27	37.74	36.5	62
3245107	3245119	13	30.23	32.5	39
3246068	3247332	1265	22.59	17	77
3248311	3248315	5	21.60	27	28
3248769	3248898	130	7.59	2	30
3249697	3250026	330	80.68	10	327
3250258	3250277	20	327.85	331	399
3250443	3250641	199	26.24	10	170
3252220	3252345	126	11.37	11	24
3254346	3254458	113	94.75	24	469
3255641	3256071	431	29.50	13	165
3258111	3258221	111	1.87	1	9
3259215	3259318	104	9.23	9	14
3262154	3262158	5	16.60	21	21
3262657	3262742	86	22.41	21	42
3263952	3264037	86	9.59	9	14
3264482	3264760	279	24.16	8	155
3267367	3267824	458	140.64	55	1416
3268148	3268213	66	16.86	18	29
3269807	3269888	82	3.21	4	10
3270252	3270277	26	3.38	4	4
3271238	3271275	38	0.95	1	1
3272547	3272553	7	6.86	8	8
3274942	3275574	633	30.41	2	285
3275800	3276013	214	137.59	145	340
3278240	3278410	171	43.44	41	75
3279665	3279877	213	23.81	14.5	116
3280454	3280715	262	370.10	178	2953
3280914	3281100	187	344.95	8.5	1652
3281608	3282017	410	16.15	6	80
3284127	3284242	116	2.62	2	11
3285533	3285651	119	2.66	3	8
3286120	3286264	145	3.06	3	5
3287303	3287367	65	9.23	9	13
3288208	3288366	159	5.75	2	36
3289111	3289254	144	5.69	6	12
3290686	3290939	254	4.10	3	13
3292194	3292239	46	5.26	5	7
3293281	3293289	9	6.67	7	11
3293815	3293891	77	9.14	9	12
3294597	3294835	239	37.18	30	195
3295412	3295657	246	120.06	7	1120
3297056	3297580	525	2.34	1	8
3298788	3298945	158	4.93	4	13
3299735	3299942	208	16.30	14	54
3300603	3300776	174	14.35	13	33
3301533	3301636	104	11.92	13	45
3302474	3302484	11	18.00	20.5	21
3304033	3304362	330	60.35	5	211
3304636	3304834	199	40.01	18	166
3305150	3305604	455	19.10	16	65
3306532	3306621	90	7.90	6	17
3307708	3307896	189	27.00	14	86
3308380	3308428	49	19.82	16	36
3309053	3309159	107	9.28	6.5	25
3309649	3309792	144	4.48	2	18
3311362	3311423	62	6.47	6	10
3312447	3312694	248	4.96	4	13
3313910	3313929	20	18.90	20	21
3315981	3316075	95	23.02	23	37
3316949	3317086	138	3.36	2	9
3317966	3318069	104	7.53	4	44
3318916	3318942	27	7.41	7.5	11
3319801	3319942	142	93.80	88	157
3320591	3320743	153	103.15	101	166
3321962	3321994	33	115.24	122	133
3323339	3323451	113	22.10	24	55
3324004	3324437	434	11.27	9	27
3325435	3325568	134	20.46	20	41
3326211	3326330	120	5.40	6	18
3327579	3327647	69	32.99	38	48
3328551	3328637	87	9.78	9	17
3329457	3329751	295	2.44	2	9
3331144	3331265	122	2.68	1	22
3332745	3332805	61	11.62	11	18
3333751	3333818	68	5.13	5	8
3334932	3335017	86	3.03	3	5
3337530	3337639	110	2.84	2	5
3338966	3339047	82	3.41	3	7
3341387	3341393	7	2.71	3	4
3342168	3342446	279	2.57	2	9
3342915	3342977	63	1.51	2	3
3343926	3343932	7	12.29	14	15
3344815	3344824	10	6.80	8	8
3345626	3345750	125	17.27	6	42
3346603	3346621	19	59.74	53	90
3347726	3348273	548	4.22	2	50
3349645	3349826	182	10.54	1	61
3351342	3351346	5	27.60	34.5	36
3354536	3354556	21	35.00	37	48
3355850	3356278	429	22.37	24	41
3356921	3357023	103	9.03	9	14
3357738	3357911	174	92.82	15	374
3358338	3358491	154	153.99	139	281
3359980	3360092	113	12.03	11	54
3361410	3361415	6	14.17	17	17
3362091	3362221	131	1.69	1	16
3363671	3363857	187	4.29	3	9
3364821	3364866	46	30.83	31	38
3366007	3366132	126	11.38	9	86
3367210	3367225	16	21.25	22	26
3368417	3368484	68	21.26	17	45
3369001	3369042	42	49.69	53	62
3369931	3370057	127	41.35	35	73
3371120	3371391	272	9.30	4	93
3372826	3373084	259	35.47	32	89
3374279	3374511	233	14.08	3	97
3375624	3375941	318	24.40	18	63
3376134	3376256	123	21.74	17	40
3377295	3377389	95	34.59	34	47
3377834	3377852	19	18.42	20	21
3379495	3379526	32	4.66	4	11
3381210	3381407	198	6.79	5	25
3381843	3381956	114	7.18	6	14
3383082	3384096	1015	5.28	4	15
3384457	3385191	735	7.71	7	20
3387001	3387204	204	0.68	1	1
3387811	3387988	178	2.07	2	5
3388691	3388968	278	8.62	2	70
3389848	3389917	70	249.74	252	345
3391082	3391156	75	103.32	66	306
3391871	3391908	38	6.18	6	8
3392992	3392993	2	30.50	61	61
3394074	3394274	201	22.17	18	55
3395031	3395062	32	0.97	1	1
3396638	3396883	246	1.41	1	3
3398540	3398633	94	1.49	2	2
3398708	3399084	377	6.03	6	9
3399484	3400644	1161	2.07	2	7
3407306	3407380	75	8.07	9	13
3407921	3407981	61	8.84	9	12
3412014	3412015	2	1.50	3	3
3413411	3413570	160	1.91	2	4
3414630	3415017	388	2.34	1	7
3416170	3416437	268	3.42	1	14
3417173	3417209	37	4.51	4	8
3419236	3419261	26	26.85	28	34
3420555	3421021	467	5.65	5	14
3422069	3422682	614	6.73	5	20
3423898	3424167	270	1.98	2	5
3425158	3425313	156	5.44	6	11
3426136	3426377	242	2.67	2	6
3427398	3427512	115	4.58	4	9
3428689	3429199	511	0.96	0	5
3430166	3430632	467	2.25	1	21
3433768	3433877	110	1.89	1	5
3435567	3435774	208	2.20	3	4
3436690	3436784	95	2.11	2	3
3439522	3439528	7	0.86	1	1
3441077	3441119	43	0.74	0	6
3441798	3441933	136	6.49	4	20
3443080	3443104	25	16.68	18	20
3443678	3443838	161	12.47	12	24
3444769	3445217	449	5.93	5	18
3445977	3445998	22	17.91	18	26
3447301	3447433	133	12.48	11	47
3448883	3449043	161	20.54	12	53
3450416	3450779	364	15.68	5	70
3452418	3452640	223	2.86	1	14
3453418	3453740	323	25.49	8	89
3453936	3454158	223	22.76	16	68
3454519	3454699	181	2.44	2	18
3456230	3456344	115	2.17	2	5
3457845	3457964	120	5.14	5	8
3458679	3458870	192	4.39	4	9
3459555	3459593	39	6.51	7	8
3460248	3460608	361	3.67	3	8
3461980	3462011	32	27.88	31	34
3463068	3463295	228	1.32	1	9
3464112	3464172	61	27.44	27	52
3464803	3465093	291	5.20	4	16
3465982	3466027	46	19.61	19	27
3467636	3467672	37	1.30	1	2
3469326	3469627	302	3.53	1	14
3470633	3470651	19	16.32	18	20
3472749	3472820	72	19.01	16	31
3473382	3473439	58	3.19	3	8
3474184	3474265	82	18.90	21	28
3475106	3475176	71	10.37	6	70
3475564	3475711	148	11.05	4	73
3476540	3476577	38	9.87	10	13
3477568	3477581	14	49.86	54	60
3478935	3479009	75	30.76	31	37
3481365	3481599	235	16.02	14	39
3482668	3482690	23	12.09	12.5	15
3483435	3483490	56	3.25	4	4
3485417	3485565	149	16.43	6.5	45
3485962	3486063	102	6.52	8	12
3486568	3486741	174	11.93	7	53
3487576	3487752	177	5.30	5	9
3488518	3488606	89	3.98	3	13
3489804	3489879	76	13.53	12	24
3492313	3492439	127	13.46	12	23
3494225	3494283	59	20.73	21	25
3494881	3495122	242	14.49	10	56
3496868	3497185	318	5.77	2	39
3498983	3499040	58	27.84	28	37
3499689	3499761	73	20.67	21.5	25
3500107	3500153	47	20.38	16	52
3500832	3500847	16	10.75	12	12
3502423	3502438	16	20.56	18	49
3503081	3503206	126	121.13	140	304
3504251	3504289	39	278.21	301	320
3505019	3505083	65	12.91	13	17
3505938	3505973	36	23.94	25	30
3509985	3510482	498	17.36	3	67
3512004	3512023	20	11.80	12	15
3512846	3512946	101	16.90	15.5	27
3513331	3513469	139	12.74	14	30
3514943	3514946	4	3.75	5	5
3515832	3516046	215	4.94	5	20
3517325	3517488	164	3.90	2	24
3518068	3518120	53	9.91	10	16
3518598	3518692	95	6.02	5.5	14
3520283	3520391	109	5.10	5	7
3522233	3522320	88	34.15	35	46
3522753	3523171	419	4.59	1	38
3524192	3524343	152	0.59	1	1
3525646	3525693	48	2.96	3	4
3527242	3527262	21	4.33	5	5
3528469	3528550	82	1.07	1	2
3530069	3530192	124	9.45	9	16
3530658	3531043	386	9.21	8	30
3531956	3532899	944	3.94	2	27
3533545	3533848	304	8.57	5	56
3534407	3534479	73	32.67	33	41
3535674	3535904	231	22.93	20	42
3538773	3539005	233	9.71	5	40
3540089	3540140	52	19.92	20	27
3541020	3541062	43	13.35	13	20
3541912	3541921	10	8.60	9	11
3542534	3542613	80	10.93	10	15
3543178	3543307	130	13.74	12	23
3545312	3545467	156	9.28	10	15
3546449	3546450	2	17.50	35	35
3546988	3546993	6	16.83	21	22
3547606	3547626	21	28.52	25	41
3549069	3549249	181	3.33	3	6
3550759	3550912	154	455.40	504	725
3551270	3551488	219	71.76	52.5	255
3551999	3552135	137	20.47	21	31
3553102	3553178	77	19.17	19	25
3554070	3554102	33	26.79	26	46
3554736	3554789	54	22.98	23	35
3555897	3555903	7	5.00	6	6
3556729	3556818	90	10.22	12	28
3559302	3559341	40	22.38	22	31
3560218	3560272	55	129.13	130	148
3560347	3560391	45	138.07	142	165
3561349	3561540	192	312.90	324	846
3562153	3562291	139	96.00	24	350
3562895	3562978	84	17.89	19	34
3564047	3564112	66	14.61	14	20
3564380	3564671	292	4.31	3	23
3565992	3566138	147	12.93	13	26
3566637	3566749	113	13.55	14	20
3567428	3567551	124	1.71	1	4
3568719	3569290	572	12.09	11	29
3570266	3570681	416	3.27	3	6
3572329	3572527	199	5.28	2	20
3572912	3572953	42	37.93	38	47
3573521	3573886	366	20.34	10	106
3574820	3575276	457	44.75	7	397
3577108	3577147	40	394.60	404	441
3578282	3578594	313	153.60	180	351
3580374	3580464	91	5.31	6	8
3583051	3583068	18	2.83	3	3
3585170	3585933	764	2.79	2	13
3586840	3586978	139	4.34	2	16
3590219	3590225	7	1.71	2	2
3592342	3592492	151	8.62	5	37
3593306	3593567	262	9.15	5	47
3594177	3594189	13	17.62	19.5	20
3595090	3595106	17	6.35	7	7
3596214	3596247	34	20.32	22	24
3596953	3597019	67	3.28	3	5
3597731	3597820	90	14.10	14	22
3598028	3598081	54	15.28	13	30
3598940	3599073	134	13.55	12	27
3599260	3599298	39	23.08	24	30
3599878	3599917	40	16.27	17	21
3600056	3600114	59	17.42	16	28
3601720	3601776	57	45.74	47	56
3603442	3603487	46	13.22	14	17
3603920	3604199	280	29.55	28	53
3605169	3605243	75	4.67	4	8
3606066	3606225	160	7.76	8	12
3606694	3606757	64	9.42	9	15
3607277	3607521	245	14.24	14	26
3608518	3608546	29	104.76	99	141
3609030	3609155	126	74.73	74	94
3609414	3609427	14	83.43	87	121
3609833	3609970	138	15.64	10	68
3610715	3611019	305	15.65	11	74
3612574	3612739	166	6.17	5	17
3613490	3613627	138	13.28	14	23
3615398	3615622	225	17.51	9	66
3615890	3615977	88	16.81	17	31
3616446	3616684	239	19.66	15	51
3617639	3617712	74	28.58	27	44
3619000	3619256	257	2.82	2	17
3620736	3620773	38	0.97	1	1
3621110	3621460	351	18.24	2	77
3621716	3621930	215	8.14	7	30
3623602	3624042	441	4.25	2	13
3624649	3624969	321	4.31	2	31
3625498	3625575	78	9.76	9	31
3626941	3626989	49	12.59	12.5	16
3628976	3628997	22	9.91	11	12
3630393	3630765	373	4.98	2	26
3631930	3631946	17	10.59	11	12
3633162	3633220	59	15.39	15	20
3635348	3635499	152	2.26	1	8
3636421	3636543	123	1.70	1	4
3639443	3639710	268	7.05	3	38
3641440	3641483	44	9.86	11	15
3641748	3641908	161	11.73	5	32
3642908	3643014	107	10.70	10.5	22
3643321	3643359	39	33.97	35	43
3644269	3644390	122	17.81	17	43
3645690	3645989	300	9.90	7	24
3646620	3646774	155	8.62	8.5	19
3647096	3647281	186	6.22	2	28
3648482	3648521	40	4.28	5	6
3649164	3649377	214	2.91	2	11
3650326	3650343	18	6.89	6	10
3651214	3651215	2	11.00	22	22
3652386	3652782	397	0.36	0	2
3654516	3655186	671	9.62	8	29
3655670	3655897	228	6.08	6	15
3656759	3657213	455	26.90	21	119
3658486	3658518	33	4.30	4	6
3659416	3659671	256	7.13	3	42
3660500	3660567	68	17.93	20	26
3661558	3661681	124	4.82	6	15
3662549	3662756	208	2.94	3	6
3664080	3664333	254	51.04	8	212
3664589	3664789	201	6.92	3	88
3665852	3665918	67	42.99	52.5	65
3668634	3668747	114	31.82	12	119
3669069	3669273	205	39.55	8	115
3671056	3671136	81	20.16	20	29
3671941	3671990	50	45.38	48	57
3672627	3672657	31	87.10	88	104
3673438	3673642	205	3.16	1	10
3675227	3675291	65	2.34	2	8
3676381	3676706	326	4.70	1	45
3678513	3678555	43	9.28	8	16
3680504	3680531	28	27.11	28	31
3681207	3681214	8	14.62	17	17
3681677	3681786	110	12.42	10	45
3683026	3683647	622	4.35	2	18
3686937	3686974	38	27.13	27	37
3688052	3688152	101	12.83	11	45
3688858	3689100	243	8.51	6	24
3690145	3690958	814	75.44	61	179
3696604	3696657	54	1.15	1	2
3697990	3698084	95	0.63	1	1
3699375	3699655	281	0.97	1	3
3701327	3701413	87	5.53	6	15
3704987	3705297	311	8.88	2	46
3706315	3706796	482	7.58	3	26
3708027	3709024	998	3.65	2	19
3709655	3709843	189	4.66	2	24
3710798	3710944	147	11.02	11	14
3711869	3711912	44	8.23	8	9
3712686	3713022	337	1.61	2	6
3713917	3714208	292	2.87	2	21
3715166	3715264	99	2.85	1	7
3716231	3716399	169	1.83	1.5	8
3717465	3717829	365	2.23	2	6
3718307	3718696	390	4.18	1	29
3719720	3719958	239	10.83	7	38
3721804	3722118	315	1.35	1	8
3725333	3725444	112	11.02	11	30
3725664	3725727	64	14.91	16	19
3725920	3725937	18	10.39	11	13
3727144	3727159	16	3.94	4	5
3727949	3727979	31	3.65	3	5
3729383	3729517	135	5.24	5	31
3730877	3730955	79	37.71	40	46
3732771	3733028	258	18.25	16	36
3733488	3733550	63	4.59	4	9
3735720	3735901	182	2.48	2	4
3736611	3736825	215	4.94	5	9
3737369	3737534	166	13.11	12	35
3738873	3739115	243	5.98	2	57
3739488	3739595	108	1.33	1	3
3740517	3740529	13	2.46	3	3
3741202	3741466	265	1.45	1	8
3747427	3747529	103	0.83	1	1
3750476	3750883	408	5.08	1	41
3752054	3752403	350	1.90	2	4
3752659	3752730	72	3.19	4	4
3752884	3752986	103	1.88	2	4
3753668	3753716	49	4.98	5	6
3755109	3755121	13	5.08	5	7
3755797	3756600	804	2.37	2	7
3756931	3757016	86	1.23	1	4
3758376	3758668	293	1.91	1	21
3759797	3760036	240	3.65	1	24
3761143	3761246	104	2.25	2	3
3762123	3762146	24	9.46	10	12
3763449	3763832	384	3.87	2	25
3765060	3765079	20	20.35	21	24
3767072	3767199	128	6.18	5	13
3767950	3768207	258	23.07	25	36
3769195	3769196	2	9.00	18	18
3770382	3770389	8	30.75	36	37
3771062	3771085	24	59.62	66	80
3771872	3771905	34	65.71	66	78
3772656	3772689	34	124.12	130	150
3773926	3773959	34	66.35	69	78
3774734	3774843	110	80.45	82	113
3775267	3775312	46	83.57	87	109
3775814	3776016	203	8.76	2	44
3777547	3777677	131	44.26	44.5	68
3778011	3778079	69	47.65	48	65
3778518	3778693	176	8.85	9	15
3779939	3779961	23	8.43	9	11
3780592	3780738	147	3.01	3	6
3781696	3781809	114	10.69	9	23
3783760	3783795	36	7.72	4	16
3784396	3784426	31	5.19	5.5	9
3784940	3785101	162	6.67	6	18
3786820	3786859	40	4.42	5	5
3787610	3788183	574	682.81	12	4271
3791331	3791335	5	14.40	18	18
3792245	3792251	7	18.71	22	23
3793260	3793376	117	36.57	21	105
3794991	3795385	395	7.36	3	88
3796727	3796868	142	9.30	8	19
3797130	3797333	204	18.48	3	53
3798312	3798670	359	7.38	8	21
3799199	3799212	14	17.00	19	21
3800017	3800304	288	7.04	5	20
3801073	3801499	427	22.98	7	74
3802337	3802348	12	9.33	10	11
3803000	3803240	241	6.63	5	23
3804639	3804694	56	20.04	21	25
3805421	3805854	434	4.28	3	12
3807481	3807494	14	5.71	6	7
3809342	3809635	294	12.58	12	31
3810400	3810542	143	32.24	35.5	52
3810879	3811171	293	12.26	10	28
3814630	3814639	10	17.50	19	21
3816080	3816081	2	4.00	8	8
3816547	3816935	389	11.03	12	21
3817968	3818151	184	8.58	6	24
3819826	3820057	232	6.04	1	17
3821732	3821788	57	3.21	3	6
3823205	3823250	46	8.26	8	11
3824280	3824330	51	96.73	96.5	141
3824619	3824917	299	15.52	3	59
3826187	3826784	598	8.57	7	58
3826968	3827396	429	12.95	13	26
3827601	3827640	40	10.55	11	13
3828409	3828828	420	11.56	11	28
3829168	3829329	162	11.00	4	59
3830518	3830788	271	78.77	67.5	210
3831671	3831755	85	6.80	5	15
3832620	3832661	42	16.17	17	20
3833388	3833406	19	8.58	9	10
3834325	3834413	89	3.27	3	6
3835665	3835783	119	11.97	10	33
3836945	3837485	541	62.70	31	286
3837900	3838245	346	24.29	7	99
3838780	3838801	22	54.36	57	59
3840134	3840275	142	97.11	56	306
3840816	3840844	29	359.76	374.5	404
3842126	3842638	513	11.34	3	170
3845004	3845261	258	13.21	11	36
3847016	3847024	9	17.67	21	23
3850219	3850443	225	4.62	3	15
3851500	3851603	104	4.88	5	11
3852372	3852429	58	39.29	40	50
3853267	3853396	130	27.95	31	52
3854867	3854872	6	23.00	28	28
3856361	3856455	95	7.46	7	12
3856906	3857151	246	16.63	18	34
3858193	3858372	180	25.09	18	61
3860022	3860123	102	6.82	7	9
3862386	3862399	14	1.57	2	2
3863546	3863625	80	16.60	18	25
3864454	3864907	454	4.35	4	12
3865358	3865379	22	11.05	12	13
3866010	3866153	144	8.33	6	16
3866886	3867198	313	22.28	18	52
3867272	3867335	64	13.38	14	16
3868023	3868025	3	30.00	45	45
3872463	3872721	259	17.43	13	54
3873577	3873712	136	21.57	7	82
3874355	3874582	228	7.00	5	19
3875564	3875589	26	29.77	29	42
3876091	3876323	233	12.36	11	26
3878027	3878259	233	5.18	4	25
3880912	3881074	163	9.18	6	23
3882131	3882515	385	6.61	3	42
3883530	3883541	12	13.83	15	16
3884424	3884436	13	11.15	11	17
3884839	3885030	192	3.64	2	18
3885104	3885546	443	13.61	12	40
3887158	3887309	152	6.85	3	25
3889376	3889692	317	13.39	13	25
3889753	3889887	135	5.32	5	12
3890302	3890398	97	8.58	9	12
3890951	3891150	200	21.62	17	61
3891499	3891904	406	19.34	4	124
3892073	3892229	157	4.89	5	9
3893124	3893375	252	1.62	1	8
3894348	3895609	1262	2.58	3	7
3895880	3895955	76	4.68	5	6
3896046	3896647	602	2.91	3	7
3897380	3897467	88	1.02	1	2
3898095	3898134	40	1.12	1	2
3898904	3899023	120	8.62	5	19
3900154	3900373	220	4.79	4	11
3901790	3902126	337	3.25	1	23
3902541	3902960	420	5.47	5	11
3903378	3903557	180	14.51	14	22
3905217	3905227	11	27.55	30	32
3905492	3905562	71	29.56	33	39
3906034	3906507	474	70.28	78	213
