#start	end	length	mean	median	max
1463	1685	223	1758.67	245.5	7997
1760	1809	50	146.24	161	206
1883	2129	247	1008.66	1139	1739
5010	5111	102	369.67	118	4853
5224	5271	48	28.65	27	60
5346	5530	185	3.18	3	6
6821	6924	104	0.93	1	2
7333	8011	679	1.72	1	6
9431	9689	259	1.71	2	7
11193	11360	168	2.24	2	10
11712	12124	413	1.47	1	4
12821	12842	22	3.18	3	4
13821	13838	18	2.61	2	6
14496	15030	535	2.88	1	36
16612	16987	376	2.27	2	6
22715	23028	314	47.04	1	423
24175	24294	120	1.30	2	2
25549	25618	70	1.27	1	2
27373	27394	22	2.14	2	3
29434	29462	29	0.00	0	0
30465	30521	57	7.07	7	16
31539	31725	187	1.96	2	3
32494	32768	275	0.49	0	4
33561	33635	75	1.49	2	3
35208	35288	81	1.07	1	2
36267	36268	2	0.50	1	1
37178	37181	4	0.00	0	0
42182	43364	1183	1.04	1	5
44967	45193	227	6.00	6	12
45464	45666	203	2.16	1	26
46411	46554	144	15.42	10	88
46798	46811	14	38.79	40	48
47997	47998	2	3.00	6	6
48995	49221	227	6.62	7	11
51575	51658	84	10.76	3	45
52760	52799	40	3.80	3	7
54069	54226	158	6.15	4	58
55343	55433	91	22.41	3	92
56070	56227	158	2.77	2	6
56690	56775	86	8.06	6	17
58013	58040	28	4.43	4	6
58410	58615	206	3.95	1	51
59711	59749	39	17.00	17.5	19
60986	61180	195	7.50	6	29
63122	63202	81	1.35	1	2
63380	63408	29	6.41	8	9
65026	65029	4	6.00	8	8
67083	67141	59	7.69	7	19
68729	68938	210	8.37	6	33
69176	69178	3	0.67	1	1
69518	69573	56	6.30	1	53
69931	70002	72	9.86	7	32
70525	70528	4	19.25	26	26
72335	72527	193	68.33	33	274
73131	73199	69	4.93	5	10
73545	73548	4	3.25	4	5
74290	74423	134	6.27	4	45
75336	75341	6	36.33	44	45
76184	76262	79	17.81	13	38
77490	77588	99	27.34	1	119
78897	79021	125	14.18	15	27
80198	80210	13	18.23	19.5	21
83493	83626	134	6.46	5	12
84263	84325	63	15.76	12	27
84905	85138	234	3.88	2	28
85502	85544	43	11.26	12	14
87120	87233	114	6.39	4	14
88111	88206	96	3.97	1	38
88657	88710	54	6.33	7	10
89047	89064	18	0.61	1	1
89323	89408	86	1.19	2	4
92242	92705	464	2.93	1	47
92779	92947	169	13.24	13	32
94394	94406	13	27.15	30	31
95706	95775	70	15.27	4	64
96517	96591	75	15.08	12.5	34
98598	98603	6	7.83	9	10
98874	98875	2	9.50	19	19
99287	99596	310	3.74	3	32
100800	100960	161	13.37	7	67
102350	102474	125	16.38	12	73
104010	104023	14	37.93	41	43
104336	104573	238	12.76	3	123
105814	105907	94	15.23	12	30
107294	107422	129	4.75	5	9
108983	109268	286	1.58	1	4
114403	114433	31	4.81	5	6
117752	117812	61	55.39	11	257
118131	118265	135	17.16	3	91
119172	119310	139	1.12	1	5
121164	121216	53	2.68	1	13
122747	122748	2	2.00	4	4
122992	123054	63	3.48	3	6
126088	126367	280	3.85	2	18
127280	127360	81	3.85	4	6
128132	128369	238	6.48	6	11
129375	129718	344	3.20	2	15
133865	134152	288	2.40	1	25
135209	135212	4	2.25	3	3
136200	136201	2	1.00	2	2
137708	137888	181	4.50	4	10
138616	138699	84	17.35	16	30
139966	140021	56	32.64	37	45
140181	140533	353	29.99	4	142
141215	141229	15	3.40	4	4
142058	142327	270	15.10	1	99
142706	142825	120	5.78	6	13
143315	143433	119	8.52	5	24
145680	145828	149	10.49	1	125
146180	146425	246	80.85	24	384
146579	146594	16	64.88	69	81
147384	147830	447	5.64	2	122
151870	152004	135	27.80	19	74
152689	152757	69	15.17	3	130
153763	153817	55	11.49	11	14
155036	155129	94	28.40	8	186
156480	156950	471	46.80	28	239
157638	157675	38	7.08	8	10
160241	160310	70	6.43	6	12
164642	164879	238	21.00	3	298
165096	165425	330	22.75	1	486
166112	166388	277	57.71	55	149
166863	166954	92	6.71	7	13
168716	168852	137	11.15	12	18
169804	170013	210	1.18	1	6
170512	170636	125	8.12	8	13
171387	171392	6	29.67	35	41
173321	173427	107	6.44	1	99
173674	174089	416	14.54	6	123
177174	177299	126	6.98	6	15
178667	178671	5	13.60	17	17
181518	181567	50	16.42	17	26
184542	184779	238	6.59	6	32
186694	186832	139	10.01	9	22
189110	189310	201	7.20	0	194
189713	189716	4	13.50	18	18
191022	191023	2	3.50	7	7
193823	193891	69	26.97	26	35
194837	194986	150	7.07	6	17
196004	196086	83	15.27	7	47
197734	197834	101	3.87	1	20
198765	198770	6	10.83	13	13
199398	199573	176	1.28	0	13
200843	200869	27	2.74	3	3
201353	201424	72	0.83	1	1
202397	202422	26	1.73	1	3
203122	203236	115	0.39	0	1
204137	204270	134	9.11	4	30
207853	207931	79	1.51	1	5
211039	211251	213	2.02	1	16
212203	212308	106	2.34	2	6
214789	215063	275	0.89	1	4
215517	215731	215	6.65	6	17
215819	216209	391	0.23	0	1
216711	216836	126	0.77	1	3
217035	217085	51	0.29	0	1
217377	217382	6	0.83	1	1
217674	217913	240	2.86	1	51
221228	221251	24	14.79	14	22
221894	222109	216	2.72	1	31
222590	222604	15	0.93	1	1
223412	223467	56	0.43	0	2
224272	224675	404	19.28	3	209
225672	225686	15	29.60	31.5	40
226074	226146	73	1.55	2	2
226462	226597	136	0.73	1	1
226934	226939	6	0.83	1	1
227255	227263	9	0.00	0	0
228746	228764	19	0.53	1	1
229653	229654	2	0.00	0	0
234659	234723	65	0.80	0	2
234958	235043	86	0.57	1	1
235416	235420	5	1.60	2	2
235859	235870	12	0.92	1	1
236249	236254	6	2.50	3	3
237722	237728	7	0.00	0	0
238017	238151	135	0.80	1	2
239484	239739	256	0.57	0	10
240481	240493	13	1.00	1	2
242716	242831	116	1.00	0	5
243702	244022	321	2.36	2	5
246103	246369	267	0.63	0	4
246850	246886	37	1.68	2	3
247514	247580	67	5.01	5	8
248157	248367	211	1.18	1	2
249055	249063	9	0.89	1	1
249613	250097	485	1.13	1	3
250458	250744	287	0.74	0	6
251451	251452	2	0.00	0	0
251846	251970	125	0.98	1	1
253138	253513	376	0.39	0	4
253787	253864	78	0.63	0	2
254105	254118	14	3.64	4	4
255163	255195	33	2.52	2.5	4
255269	255569	301	6.01	6	14
256605	256613	9	4.44	5	5
257669	257681	13	16.23	18	22
258639	258791	153	23.24	23	48
259362	259553	192	53.25	55	112
260088	260174	87	20.29	1	119
260526	260558	33	53.94	51	70
262674	262692	19	25.16	25	33
263347	263385	39	5.49	5.5	11
264142	264175	34	14.71	15	17
264587	264609	23	3.61	5	6
267040	267063	24	5.58	6	7
267397	267435	39	3.41	4	4
268153	268194	42	2.48	2	4
269839	270576	738	1.61	0	18
272173	272513	341	18.45	2	130
273213	273237	25	3.80	3	6
275379	275402	24	57.71	62	72
276970	277115	146	10.75	10	18
279053	279223	171	3.61	1	91
280046	280095	50	64.04	31	162
281020	281021	2	139.50	279	279
281781	281913	133	99.56	20	504
282490	282491	2	28.50	57	57
282699	282868	170	3.89	3	20
283682	283984	303	1.93	0	44
284564	284678	115	1.06	0	3
286980	287110	131	8.34	8	12
287714	287816	103	151.55	29	417
288990	289159	170	50.26	22	255
289802	289878	77	12.03	11	33
289952	290046	95	205.27	112	621
290239	290403	165	181.29	150	361
290935	291029	95	286.09	292	344
291480	291485	6	288.00	345	348
292182	292422	241	627.59	582.5	1055
292936	293007	72	1700.75	1692	1996
293383	293629	247	40.54	25	144
297761	297844	84	82.14	74	142
302090	302283	194	16.39	1	340
303208	303422	215	900.29	784	2020
303792	303806	15	395.00	413	469
304275	304301	27	356.63	364.5	413
306417	306493	77	348.90	349.5	400
307667	307741	75	384.63	389.5	686
308048	308063	16	591.12	628	662
309687	309811	125	260.23	245	436
310649	310654	6	369.50	446	449
310931	310936	6	484.33	580	588
311315	311316	2	346.00	692	692
312031	312047	17	462.76	492.5	536
312459	312700	242	284.35	137	1349
312905	312920	16	307.81	330	354
313161	313236	76	384.63	388	468
313603	313604	2	262.00	524	524
313908	313909	2	342.00	684	684
314468	314489	22	823.00	860	894
314793	314807	15	699.33	750	771
315204	315216	13	480.46	517	550
315748	315761	14	489.14	529	555
316119	316132	14	368.36	389	429
316694	316708	15	467.13	502	512
316895	317053	159	117.31	90.5	231
317537	317639	103	49.59	55	70
318996	319008	13	69.85	75	83
319660	319836	177	749.80	331	2910
320203	320218	16	383.12	397	452
320606	320723	118	205.55	191	516
321738	321840	103	167.08	168.5	201
322258	322518	261	6.48	2	36
323128	323185	58	2.66	2	17
324569	324609	41	1.71	2	4
325921	325954	34	5.79	6	8
327364	327365	2	9.00	18	18
328071	328299	229	80.42	68.5	264
329314	329464	151	13.80	12	83
330725	330728	4	0.75	1	1
332055	332069	15	2.80	3	3
332856	333067	212	0.86	1	4
333434	333744	311	4.15	4	11
334948	335206	259	0.37	0	2
337376	337756	381	0.51	0	2
338564	338611	48	25.02	24	43
338951	339117	167	7.74	5	40
339949	339950	2	4.00	8	8
340788	340888	101	5.77	5	11
342206	342291	86	49.64	1	208
342559	342568	10	54.30	60	69
343223	343335	113	63.65	45	171
345751	346142	392	3.18	2	58
346857	346892	36	36.00	31	74
347973	348179	207	23.71	5	301
348540	348554	15	239.67	256	279
348753	348870	118	139.75	77	332
350314	350456	143	77.73	2	368
351192	351537	346	7.10	4	89
352396	352400	5	35.60	44	46
353361	353473	113	19.87	18.5	50
354473	354742	270	4.89	0	97
355697	355789	93	4.95	5	9
356258	356474	217	11.64	1.5	225
357743	357883	141	3.59	4	6
359060	359086	27	3.89	5	5
360044	360056	13	20.54	22.5	23
360525	360799	275	10.00	1	47
362453	362978	526	18.87	15	46
365083	365226	144	2.80	2	7
365710	365719	10	0.00	0	0
367623	367771	149	0.31	0	1
368864	368893	30	0.00	0	0
369266	369640	375	0.82	1	4
370643	370812	170	9.65	0	132
376052	376157	106	7.94	8	13
376482	376483	2	3.00	6	6
376907	376992	86	1.07	0	3
379213	379338	126	15.88	16	27
379858	380073	216	9.74	2	64
380686	380800	115	20.73	18	40
382091	382199	109	48.54	2	157
382755	383048	294	59.91	1	336
383373	383390	18	170.89	179	202
385053	385064	12	46.33	51	52
386037	386214	178	8.47	8	12
386566	386635	70	5.33	4	10
387919	387969	51	2.27	2	4
389386	389586	201	15.34	8	134
392329	392492	164	8.50	2	80
393198	393374	177	9.46	7	20
395501	395907	407	44.13	44	92
396250	396283	34	30.94	32	37
401771	401855	85	18.36	17.5	47
403091	403145	55	10.22	4.5	67
404094	404460	367	11.62	11	29
405997	406087	91	8.40	9	17
406322	406330	9	10.00	11	12
408877	408885	9	31.00	36.5	41
409132	409735	604	7.14	1	135
410243	410428	186	0.62	1	2
412727	412975	249	0.79	1	2
414518	414542	25	10.40	11	15
415086	415378	293	3.55	1	69
416501	416541	41	7.51	9	11
417961	418132	172	11.05	12	23
419042	419114	73	7.89	7.5	15
420045	420048	4	9.25	12	13
420795	420824	30	11.00	11	14
421623	421825	203	14.58	11	48
422495	422508	14	104.14	129	138
425148	425149	2	7.50	15	15
425732	426068	337	1.78	1	25
426873	426907	35	4.43	3	9
428327	428457	131	13.92	12.5	28
428992	428998	7	19.43	23	24
429869	430175	307	4.24	1	116
430758	430840	83	9.01	3	75
431324	431544	221	7.26	6	15
432307	432356	50	6.76	7	9
432957	432970	14	15.14	17	17
433874	433991	118	8.16	5	27
435171	435328	158	16.75	2	95
435725	435847	123	21.25	19	36
437405	437637	233	4.29	4	11
437989	438150	162	9.98	0	146
439411	439614	204	6.14	5	20
441139	441350	212	4.28	1	58
442608	442634	27	54.70	58.5	61
444876	444944	69	7.26	7	9
445019	445036	18	42.44	43	71
446249	446346	98	27.49	26	39
447424	447476	53	18.13	21	32
448923	448967	45	3.16	3	7
450420	450491	72	7.35	9	11
452271	452397	127	12.40	12	94
453786	453791	6	17.83	22	22
455883	456003	121	5.39	3	20
458548	458767	220	2.63	3	5
459488	459589	102	18.34	3	69
460490	460537	48	7.81	7	13
462913	463013	101	5.26	4	12
463230	463304	75	41.27	11.5	208
464325	464456	132	25.45	2	278
465365	465544	180	4.26	1	64
466670	466676	7	11.86	14.5	16
467874	467927	54	28.37	18	108
468156	468238	83	14.59	9	103
468884	469001	118	6.86	1	62
469635	469644	10	5.30	6	6
471457	471692	236	1.36	1	7
472572	472655	84	6.98	1	30
473817	473996	180	6.35	0	106
474453	474763	311	8.35	7	19
475292	475307	16	7.31	7	10
477006	477422	417	8.95	3	47
478077	478175	99	51.43	44	153
479733	479856	124	6.97	7	11
479941	480232	292	22.51	3	80
481334	481390	57	25.04	28	37
482480	482533	54	14.15	11	47
483806	483886	81	3.91	3	7
484793	484974	182	59.77	3	359
485140	485216	77	116.78	6	373
485700	485752	53	39.40	4.5	126
486491	486623	133	82.39	84.5	125
486852	486938	87	167.69	9	477
487905	487914	10	29.90	33	34
488872	489234	363	5.02	3	28
489595	489685	91	6.97	5	55
490484	490924	441	10.17	7	38
491312	491613	302	3.46	4	8
493975	494020	46	3.35	3	6
495320	495483	164	6.24	1	20
497367	497370	4	3.00	4	4
498679	498696	18	1.61	2	2
499198	499202	5	1.60	2	2
500049	500088	40	4.92	5	6
500653	500661	9	14.89	17	20
501640	501645	6	6.83	8	9
502612	502621	10	6.10	7	7
504077	504099	23	9.87	11	13
505369	505717	349	5.66	4	26
506357	506364	8	6.12	7	8
507748	508003	256	19.09	4	112
508826	508897	72	54.76	50	87
509099	509290	192	324.03	255	751
509606	509867	262	1.93	0	19
510756	510816	61	13.59	13	18
511054	511099	46	41.96	41	56
511727	511744	18	72.50	78	82
512441	512636	196	12.85	1	265
512718	512991	274	4.16	3	11
513913	514054	142	0.97	1	2
515682	515823	142	0.87	1	3
516799	516828	30	3.93	4	5
517372	517417	46	2.43	2	4
518231	518283	53	3.13	3	5
518962	519355	394	2.21	2	5
520766	520769	4	2.25	3	3
522188	522393	206	4.69	3	15
523060	523579	520	11.93	1	79
524519	524601	83	5.08	4	23
525418	525734	317	4.86	5	12
527223	527493	271	15.03	14	26
528190	528234	45	16.09	19	21
529273	529419	147	1.01	0	15
530332	530438	107	4.04	4	6
531633	531707	75	4.00	4	5
532182	532398	217	1.75	1	10
534502	534619	118	1.03	1	9
535019	535061	43	5.09	6	7
535590	535591	2	1.50	3	3
536594	536667	74	47.03	4	182
537250	537326	77	3.04	2	8
538011	538126	116	14.28	5	106
538931	538995	65	17.80	5	218
540114	540144	31	0.19	0	1
541813	541841	29	4.24	4	8
542906	543050	145	4.11	3	22
543510	543682	173	4.84	5	8
544862	545192	331	12.95	13	26
545928	546041	114	15.95	15	63
546396	546481	86	22.07	23	31
546842	547131	290	3.13	1	56
547933	548204	272	16.74	16	37
548553	548588	36	32.92	22	77
548820	549412	593	26.15	2	264
550151	550279	129	1.18	1	3
550544	550602	59	5.75	5	12
551389	551877	489	1.24	1	4
552250	552258	9	3.56	4	4
553140	553281	142	0.75	1	1
554073	554165	93	4.53	4	12
554415	554719	305	9.59	1	103
555146	555304	159	23.23	21	47
555740	555769	30	2.80	3	3
556058	556549	492	2.65	3	5
557738	558384	647	0.54	0	5
559534	559599	66	0.95	1	1
560488	560554	67	4.97	4	8
560628	560736	109	21.91	1	253
561781	561821	41	26.07	25	36
562368	562466	99	144.57	9.5	484
563622	563660	39	28.08	26.5	42
564111	564242	132	11.36	2	87
564669	564693	25	8.24	8.5	12
565039	565101	63	14.97	11	47
566896	566897	2	8.50	17	17
568755	568808	54	3.87	4	7
569136	569139	4	11.25	15	15
570558	570605	48	8.06	7	14
571239	571315	77	14.23	2	71
571571	571681	111	17.92	15	31
573896	573940	45	0.00	0	0
575303	575762	460	1.03	1	24
578316	578451	136	19.16	17	29
579334	579523	190	2.35	2	6
580667	580690	24	10.71	12	13
581132	581295	164	14.21	11	31
582805	582975	171	19.29	1	343
583570	583575	6	6.00	7	9
583918	583986	69	28.13	26	49
586948	587068	121	1.69	1	18
587498	587719	222	22.40	16	82
588863	588943	81	5.94	1	35
590123	590152	30	13.07	13	20
590627	590961	335	21.39	6	296
592246	592354	109	127.58	88	291
593768	593903	136	3.88	1	18
595956	596013	58	20.66	23	28
596698	596756	59	31.22	29	71
598415	598416	2	13.50	27	27
599227	599259	33	17.79	17.5	24
600858	601038	181	25.91	25.5	64
602470	602635	166	6.18	6	10
604145	604157	13	16.69	18	19
606021	606220	200	5.15	0	81
608201	608385	185	17.59	19	29
609007	609594	588	24.51	1	217
610774	610889	116	15.22	16	26
611814	612039	226	10.42	8	21
612244	612423	180	3.93	4	6
612916	612943	28	4.14	4	6
613418	613898	481	1.79	2	4
616323	616370	48	27.33	26	56
617082	617220	139	33.82	9.5	258
618190	618405	216	28.54	5	194
618694	618886	193	39.58	9	283
619229	619260	32	21.97	21	29
619741	619782	42	30.45	31	45
620092	620301	210	30.40	1	184
620752	621116	365	0.41	0	3
621600	621616	17	0.82	1	3
622004	622009	6	1.67	2	2
623099	623290	192	0.17	0	2
623873	624197	325	314.66	2	1499
624402	624497	96	271.01	5	1168
624813	624856	44	3.00	2	5
625832	626073	242	1.08	1	6
626962	627061	100	0.41	0	3
628159	628242	84	1.81	2	4
629182	629872	691	2.38	2	9
630275	630297	23	0.00	0	0
630574	630648	75	0.00	0	0
631381	631398	18	0.00	0	0
631693	631701	9	0.00	0	0
632404	632520	117	0.26	0	1
632716	632779	64	1.61	2	3
633464	633934	471	0.79	0.5	4
634385	634625	241	1.18	1	3
635376	635421	46	0.98	1	1
635617	635736	120	0.80	0	3
636589	636720	132	5.76	6	9
637412	637687	276	13.29	12	27
639062	639540	479	6.70	5	77
641053	641173	121	29.74	32	65
644696	644852	157	1.06	1	2
645348	645362	15	0.00	0	0
646170	646226	57	0.88	1	1
647031	647336	306	4.91	5	11
648240	648312	73	0.62	1	1
648628	648766	139	0.74	1	2
649082	649108	27	0.70	1	1
649424	649432	9	1.78	2	2
650915	650932	18	0.00	0	0
651821	651822	2	0.00	0	0
656842	656967	126	0.63	0	2
657151	657287	137	1.14	1	3
658112	658123	12	1.83	2	2
658502	658507	6	0.00	0	0
659063	659064	2	0.50	1	1
660164	660236	73	1.90	2	3
661536	661550	15	0.93	1	1
663635	663636	2	0.50	1	1
665344	665347	4	0.00	0	0
665822	665866	45	2.44	3	3
666764	666872	109	1.29	1	3
668102	668307	206	1.41	1	5
668989	668997	9	0.00	0	0
669631	669790	160	0.42	0	1
670127	670404	278	2.52	2	7
670753	670761	9	2.56	3	3
671062	671394	333	0.48	0	2
672120	672244	125	0.34	0	2
674054	674131	78	0.56	0	2
674360	674361	2	1.00	2	2
675385	675420	36	2.33	2	3
675495	675540	46	3.57	4	4
676009	676327	319	17.61	19	40
676637	676894	258	3.55	1	95
679076	679416	341	2.83	2	8
680128	680135	8	10.25	12	13
680406	680508	103	13.82	15	21
680824	680948	125	2.31	1	34
681207	681462	256	23.23	23	42
681604	681643	40	10.28	9	27
683441	683850	410	0.68	0	4
683923	684378	456	6.68	3	23
687841	688025	185	9.79	1	152
690375	690397	23	5.70	6	7
691541	692463	923	14.47	3	135
692677	692948	272	77.61	53	279
694008	694910	903	91.47	12	569
695415	695420	6	8.83	11	11
696414	696416	3	5.33	8	8
698564	698580	17	8.47	8	12
700066	700156	91	4.44	4	8
701588	701602	15	20.40	23	31
702683	702781	99	3.81	4	6
703361	703795	435	0.87	1	18
705191	705249	59	19.07	19	24
705718	706073	356	3.21	3	9
706578	706720	143	10.55	3	41
707885	707888	4	5.50	7	8
710390	710405	16	13.94	15	15
711581	711622	42	47.02	50	56
714789	714970	182	28.49	18	88
716627	716856	230	47.90	2	317
717775	717891	117	80.70	77	159
718726	718755	30	45.80	47	51
720394	720406	13	2.62	3	3
722167	722304	138	5.91	3	114
722932	723138	207	22.28	13	52
723835	723993	159	2.91	0	39
725080	725179	100	8.38	9	14
726185	726398	214	23.04	19	52
726717	726901	185	6.06	1	78
727652	727668	17	21.00	23	23
727906	728139	234	16.58	17	26
728806	728855	50	16.80	17	23
730617	730628	12	16.58	18	22
731955	732463	509	15.08	19	28
735272	735282	11	2.73	3	3
735508	735654	147	56.12	12	201
736399	736429	31	15.58	13	32
738045	738046	2	4.00	8	8
739439	739607	169	10.28	8	23
740064	740168	105	6.82	5	30
740823	740866	44	10.59	11	14
741220	741746	527	7.85	6	24
742791	743131	341	35.85	2	376
744368	744521	154	8.12	7	18
745935	745970	36	14.64	15	17
747180	747207	28	32.21	33	36
747646	747647	2	8.00	16	16
748731	749065	335	2.42	2	37
750098	750103	6	16.00	19	20
752645	752646	2	5.50	11	11
753364	753491	128	3.70	4	6
755836	755837	2	0.50	1	1
756642	756777	136	4.13	2	12
758077	758080	4	4.50	6	6
759404	759415	12	4.25	4	6
761143	761704	562	4.27	3	27
762800	762821	22	23.68	24	34
763953	764031	79	5.10	4	15
764794	764991	198	12.42	7	46
765697	765994	298	3.42	3	67
766796	766851	56	26.45	21	51
766924	767168	245	16.13	14	35
767622	767734	113	3.84	4	8
771374	771406	33	4.61	5	6
772498	772735	238	16.55	14	33
773519	773652	134	5.13	2	34
775168	775297	130	6.45	5	10
776201	776297	97	9.72	5	37
777162	777315	154	27.83	29	82
777859	777874	16	110.50	120	122
779178	779482	305	1.85	2	4
780757	781011	255	7.81	1	30
782128	782377	250	1.84	1	16
785030	785080	51	11.75	12	17
786958	787064	107	45.57	56	77
787989	788077	89	46.01	46.5	105
790108	790119	12	16.17	18	20
791764	791844	81	8.96	9	12
792523	792832	310	431.50	397	1164
794216	794279	64	4.78	6	8
795498	795536	39	4.72	5	7
795888	796018	131	3.92	2	34
797549	797702	154	10.60	10	20
798048	798471	424	2070.78	161	8002
798868	799184	317	12.10	7	157
799410	799507	98	87.50	106	135
801593	801596	4	12.00	16	16
802038	802131	94	5.76	5	25
804259	804594	336	1.87	1	10
804680	804682	3	67.67	101.5	103
804757	804824	68	198.22	195	277
805956	805966	11	63.09	70	73
806321	806326	6	104.67	126	126
809195	809386	192	29.01	20	69
811586	811602	17	92.41	98.5	107
812812	812884	73	34.67	33	55
813326	813354	29	85.38	86.5	102
815128	815148	21	144.67	149.5	160
815545	815668	124	123.98	20	339
816047	816156	110	5.59	1	58
818476	818489	14	2.21	2	4
820163	820250	88	8.09	7	22
821049	821052	4	5.25	7	7
823110	823111	2	6.00	12	12
824687	824689	3	14.00	21	21
825683	825838	156	18.28	2	62
827474	827622	149	6.29	3	56
828025	828136	112	26.24	26	38
828998	829070	73	10.47	1	92
829548	829812	265	6.72	1	41
830353	830389	37	6.32	7	10
831269	831569	301	1.34	1	12
832641	832702	62	22.15	27	34
832856	832984	129	45.38	28	167
834287	834396	110	42.84	14	331
834709	834808	100	1.48	1	3
837953	837958	6	5.00	6	6
839123	839366	244	4.64	1	27
840036	840315	280	1.14	1	3
843624	844095	472	4.90	4	17
844624	844697	74	13.68	4	81
848208	848229	22	14.68	15	18
848542	848770	229	5.07	4	14
849023	849419	397	0.90	1	3
850842	850876	35	2.09	2	4
852095	852179	85	1.87	1	4
853218	853321	104	0.73	0	3
854890	854905	16	8.88	9	10
856427	857014	588	2.68	2	11
857096	857217	122	0.77	0	15
858001	858191	191	5.61	7	10
858636	858839	204	4.53	3	11
859907	860043	137	10.55	5	49
860761	860902	142	5.61	1	56
861281	861507	227	13.55	14	19
862144	862145	2	10.00	20	20
862731	862969	239	67.27	2	340
864977	865111	135	55.74	51	96
866330	866362	33	4.88	3	10
867870	868099	230	3.38	3	10
869896	870306	411	9.68	0	70
872041	872148	108	8.26	1	45
874036	874410	375	7.97	8	18
874846	874847	2	5.00	10	10
875766	875781	16	11.69	12	14
876739	876807	69	2.86	1	21
877243	877249	7	1.71	2	2
878345	878348	4	6.50	9	9
879456	879638	183	16.64	16	30
880275	880292	18	2.00	2	3
881256	881270	15	21.13	23	25
882459	882609	151	6.03	7	16
883486	883672	187	8.59	5	26
885197	885532	336	4.97	2	34
885983	885995	13	3.31	4	4
886686	886750	65	2.45	2	5
887405	887450	46	5.46	6	18
890046	890051	6	27.33	33	33
890721	890734	14	9.86	9	22
891130	891210	81	14.91	13.5	49
893268	893356	89	11.73	11	40
894644	894706	63	28.48	29	34
895781	895786	6	12.33	15	15
896774	896910	137	4.57	3	9
897748	898038	291	6.33	6	12
899998	900560	563	20.92	1	272
903185	903197	13	2.77	3	3
904374	904800	427	314.07	1	3027
905419	905664	246	79.12	6	1923
906748	906749	2	11.50	23	23
907683	907690	8	37.12	41	47
908546	908550	5	4.00	5	5
909544	909606	63	22.33	0	109
910153	910228	76	9.41	3	57
911402	911407	6	12.83	15	16
912983	913316	334	2.40	1	10
913815	913894	80	0.33	0	2
914255	914729	475	4.19	0	76
917043	917211	169	35.85	11	127
917977	918040	64	6.44	6	12
918827	919131	305	17.54	2	80
919690	919692	3	102.67	154	154
921229	921253	25	172.68	181	195
922121	922140	20	297.45	319	335
923566	923577	12	230.58	259	269
923974	924401	428	11.99	3	168
925419	925552	134	7.49	2	36
926576	926577	2	10.00	20	20
927037	927078	42	1.98	2	3
927997	928026	30	10.37	7	47
928468	928695	228	3.17	1	23
929587	929739	153	14.95	13	63
930655	930777	123	6.47	2	76
931027	931045	19	19.00	20	22
932099	932217	119	83.83	1	278
932503	932600	98	82.27	71	130
934242	934512	271	4.86	2	60
935086	935221	136	28.43	13	201
936206	936535	330	6.88	5	53
937352	937444	93	4.44	5	9
937748	937931	184	2.72	3	4
939171	939219	49	36.47	38	41
941748	941762	15	18.93	18.5	24
943140	943217	78	6.95	6	14
944253	944311	59	15.32	18.5	23
945635	945636	2	6.50	13	13
946141	946147	7	2.71	3	4
946910	947086	177	7.72	3	22
947951	948122	172	3.90	4	9
949260	949269	10	1.70	2	2
952645	952680	36	23.47	21	36
953716	954066	351	29.38	1	326
955021	955209	189	19.67	4	73
956797	957263	467	49.00	1	419
957720	958219	500	4.95	4	14
959723	959906	184	20.16	4	125
961569	961676	108	7.24	4	15
962619	962767	149	1.30	1	11
963359	963385	27	6.56	6.5	8
963623	963756	134	1.62	1	7
964486	964562	77	23.03	9	170
964812	964899	88	44.55	42	101
965826	965891	66	11.42	12	15
967200	967363	164	45.72	10	181
968540	968570	31	10.45	10	13
969072	969083	12	10.58	12	12
969696	969699	4	20.50	27	28
970522	970666	145	7.14	2	47
971267	971385	119	48.13	23	294
971926	971942	17	87.65	93	98
972402	972792	391	5.67	3	26
972867	973053	187	2.82	3	5
973846	973974	129	4.02	3	11
974134	974265	132	3.75	3	8
974896	974972	77	4.29	4.5	6
975435	976153	719	2.39	2	12
978161	978175	15	0.47	0.5	1
979706	979785	80	1.16	1	2
980490	980494	5	0.00	0	0
981324	981815	492	0.39	0	3
983621	983625	5	3.20	4	4
984220	984221	2	0.50	1	1
985482	985753	272	2.74	2	10
987262	987338	77	1.38	1	3
989154	989505	352	3.41	1	21
990286	990481	196	4.17	2	12
991244	991250	7	17.86	21	21
991905	991972	68	16.43	17	24
992933	993118	186	10.83	9	26
994625	994633	9	10.67	12	12
995636	995641	6	12.17	15	15
996617	996634	18	12.89	14	15
997583	997595	13	13.62	14	18
998340	998595	256	4.27	4	9
1001178	1001412	235	1.56	1	22
1001935	1002023	89	6.74	7.5	12
1003467	1003513	47	7.96	8	14
1004702	1004703	2	3.00	6	6
1005727	1005920	194	2.09	1	14
1007241	1007353	113	0.57	0	2
1007606	1007643	38	1.21	1	2
1009774	1009897	124	0.47	0	1
1010423	1010543	121	5.14	2.5	15
1011096	1011170	75	1.84	2	2
1011330	1011404	75	3.01	0	12
1012512	1012513	2	0.50	1	1
1013724	1013865	142	0.47	0	2
1014424	1014505	82	1.01	1	2
1014866	1015270	405	3.72	2	18
1015649	1015653	5	4.80	6	6
1016746	1016859	114	8.85	8	20
1017292	1017365	74	9.45	3	21
1017864	1018150	287	3.99	3	16
1018679	1018709	31	8.71	9	10
1020368	1020380	13	0.08	0	1
1020936	1021230	295	0.77	1	2
1022452	1022618	167	147.25	0	2237
1023660	1023736	77	181.08	46.5	710
1024736	1025029	294	4.11	3	24
1026047	1026076	30	24.77	26	28
1027761	1027764	4	11.25	15	15
1028767	1028859	93	35.08	37	48
1030315	1030449	135	7.50	0	96
1030648	1030776	129	143.50	89	428
1035848	1035994	147	2.05	2	4
1037726	1037771	46	4.57	4	7
1038015	1038090	76	16.39	17	32
1039138	1039300	163	25.91	6	86
1040195	1040754	560	7.14	4	42
1041553	1041639	87	63.71	63	112
1043458	1043631	174	4.16	2	71
1046379	1046577	199	10.18	0	56
1047967	1047976	10	3.60	4	4
1049731	1049764	34	2.59	1	10
1051712	1051789	78	23.13	24	72
1052360	1052446	87	9.01	9	15
1055237	1055244	8	28.75	33	33
1055539	1055595	57	27.58	24	46
1055932	1056213	282	43.32	43	79
1056721	1056910	190	8.75	6	46
1057658	1057741	84	20.64	9	86
1058756	1058813	58	9.95	10	17
1060740	1060856	117	5.33	2	15
1063731	1063854	124	53.25	1	191
1064587	1064634	48	12.48	13	36
1065925	1066169	245	6.76	1	131
1068248	1068251	4	1.50	2	2
1070310	1070319	10	0.90	1	1
1071557	1071681	125	0.77	1	2
1073992	1074100	109	0.24	0	1
1075886	1075991	106	1.01	1	2
1077672	1077762	91	0.40	0	2
1078455	1078537	83	0.78	1	1
1094492	1094552	61	30.25	26	93
1095216	1095337	122	69.93	26	282
1096799	1096885	87	14.49	13	26
1097498	1097518	21	19.52	21	24
1098875	1099009	135	1.57	1	3
1099433	1099435	3	4.67	7	7
1102005	1102235	231	2.81	1	35
1102971	1103151	181	120.02	34	415
1103383	1103881	499	13.25	3	119
1106320	1106431	112	8.08	8	13
1106834	1106882	49	0.63	1	1
1108125	1108199	75	0.44	0	2
1109373	1109376	4	0.75	1	1
1109608	1109614	7	1.43	2	2
1110176	1110243	68	0.19	0	1
1111438	1111534	97	0.75	1	1
1112132	1112133	2	0.00	0	0
1112862	1112901	40	0.75	1	1
1113313	1113314	2	0.50	1	1
1113831	1113855	25	0.96	1	1
1114474	1114485	12	0.50	1	1
1115116	1115117	2	2.50	5	5
1116437	1116438	2	0.00	0	0
1120327	1120332	6	0.00	0	0
1121543	1121644	102	16.06	16	32
1122971	1122983	13	77.46	84	89
1124373	1124388	16	110.12	114	128
1125376	1125600	225	17.23	6	180
1125901	1126181	281	8.38	8	27
1127109	1127212	104	26.42	13	181
1128404	1128554	151	8.52	1	127
1129645	1129890	246	27.27	11	97
1131139	1131216	78	45.86	5	162
1132330	1132369	40	5.40	4	8
1132790	1132954	165	2.19	2	3
1133189	1133261	73	11.33	2	55
1134537	1134573	37	27.38	4.5	85
1135456	1135522	67	6.21	7	8
1135934	1136517	584	3.71	1	41
1140172	1140546	375	21.38	16	63
1141045	1141280	236	2.25	3	4
1141932	1141941	10	0.90	1	1
1143025	1143089	65	0.35	0	1
1144290	1144946	657	1.18	1	2
1145784	1146146	363	5.22	5	14
1147956	1147957	2	20.00	40	40
1149320	1149422	103	25.50	9	181
1150110	1150143	34	5.50	4	13
1150702	1150727	26	41.85	7	170
1151883	1151975	93	58.52	51.5	241
1152585	1152652	68	76.56	21	728
1154327	1154425	99	10.43	9	19
1157241	1157255	15	12.60	14	15
1158042	1158264	223	55.56	13	298
1159149	1159161	13	72.85	79	80
1159762	1159768	7	54.71	64.5	70
1160981	1160982	2	25.50	51	51
1161892	1161893	2	26.00	52	52
1162104	1162116	13	46.85	50	53
1163410	1163416	7	44.43	53	54
1163774	1163935	162	25.10	21	45
1165898	1165903	6	17.33	21	21
1166312	1166341	30	83.87	91	143
1167377	1167380	4	46.00	61	62
1168900	1169061	162	32.23	30	74
1169365	1169372	8	60.38	69	71
1171533	1171534	2	19.50	39	39
1173074	1173086	13	62.23	68	69
1174521	1174539	19	33.05	41.5	53
1175266	1175278	13	5.69	5.5	9
1177720	1178519	800	7.50	2	41
1180074	1180301	228	152.44	8	885
1181904	1182065	162	3.96	2	46
1182843	1182881	39	5.00	4	17
1184016	1184185	170	23.58	4	153
1184396	1184408	13	65.15	65.5	94
1186585	1186681	97	6.62	6	13
1187879	1188004	126	19.48	20	32
1189444	1190332	889	8.10	3	43
1190942	1191015	74	10.82	10	21
1192246	1192423	178	3.72	2	13
1193711	1193729	19	9.89	10	14
1194510	1194717	208	4.47	2	52
1196146	1196163	18	10.39	10	17
1198251	1198598	348	43.51	4	595
1198749	1198837	89	119.78	3	528
1199096	1199108	13	0.08	0	1
1202374	1202441	68	1.00	1	2
1204227	1204362	136	11.79	12	18
1204618	1204992	375	10.67	6	76
1207306	1207358	53	4.04	4	5
1210489	1210512	24	19.33	21	23
1211449	1211806	358	3.53	1	24
1213387	1213443	57	9.26	10	11
1214656	1214804	149	3.80	0	14
1215372	1215771	400	0.73	1	5
1216807	1216963	157	7.40	2	31
1217753	1217908	156	788.22	232	2888
1218665	1218790	126	233.07	237	435
1219280	1219512	233	12.11	10	49
1220101	1220335	235	26.86	5	218
1221464	1221595	132	44.23	46	71
1222028	1222239	212	43.89	23	146
1224040	1224205	166	28.05	24	65
1226070	1226180	111	18.17	16.5	42
1227288	1227334	47	15.70	19	23
1228271	1228299	29	55.86	56	78
1228741	1228758	18	73.28	79	119
1230587	1230598	12	6.42	7	7
1231190	1231336	147	2.40	3	5
1232429	1232485	57	4.68	1	35
1233290	1233458	169	37.54	28	125
1234164	1234176	13	16.85	18	21
1236758	1236764	7	6.71	8	8
1237877	1237976	100	4.00	4	6
1239734	1239755	22	2.95	4	4
1240554	1240669	116	4.92	5	9
1241360	1241361	2	2.00	4	4
1242085	1242097	13	4.62	5	5
1242893	1242905	13	1.38	1.5	2
1245695	1245755	61	1.97	2	3
1246797	1247174	378	2.06	1	13
1247862	1247874	13	5.15	6	6
1248256	1248294	39	13.49	14	16
1248793	1249030	238	10.53	1	62
1250024	1250169	146	3.70	4	8
1251244	1251311	68	25.94	2	137
1251387	1251469	83	4.25	4	6
1252313	1252321	9	23.67	27	28
1252622	1252714	93	15.23	12.5	46
1253684	1253692	9	28.00	32	32
1254803	1254830	28	272.32	302	329
1255035	1255214	180	158.60	106	418
1255806	1256029	224	33.10	25	89
1256525	1256619	95	27.16	28	33
1257022	1257130	109	26.22	20	70
1257881	1257889	9	6.67	8	8
1259027	1259152	126	1.71	0	14
1259429	1259526	98	3.01	2	10
1260238	1260333	96	7.48	6	41
1264530	1264783	254	3.04	1	31
1264904	1265056	153	14.58	13.5	35
1265495	1265562	68	5.19	1	19
1265920	1266115	196	5.91	5	15
1268266	1268271	6	16.33	20	20
1270993	1271237	245	7.80	1	38
1271499	1271614	116	2.98	3	5
1272539	1273028	490	1.55	0	49
1275449	1275660	212	58.29	39	143
1276285	1276338	54	31.09	34	42
1276897	1276981	85	21.42	23	33
1278746	1279042	297	18.23	16	33
1279958	1280449	492	3.35	2	29
1281290	1281398	109	16.06	17	25
1281849	1282160	312	14.80	14	34
1282569	1283009	441	7.56	2	113
1283478	1283621	144	7.94	3	28
1286725	1286933	209	21.87	11	79
1287570	1287832	263	20.16	4	170
1289637	1290282	646	46.69	10	253
1292010	1292062	53	4.36	4	6
1292747	1292811	65	1.63	2	2
1293994	1294018	25	5.24	5	7
1296030	1296070	41	4.93	5	6
1296908	1297042	135	10.25	0.5	236
1297517	1297614	98	41.68	46	83
1299183	1299327	145	19.66	5	71
1300105	1300183	79	16.46	17	24
1300508	1300584	77	6.82	1.5	35
1301719	1301737	19	3.32	4	6
1302857	1302864	8	8.75	10	10
1305483	1305873	391	44.04	46	87
1307596	1307659	64	41.58	43	89
1307930	1307933	4	24.50	33	33
1308735	1308774	40	20.80	21	27
1309645	1309646	2	10.00	20	20
1310730	1310742	13	17.54	19	20
1311829	1311960	132	25.76	28	45
1313578	1314040	463	0.51	0	2
1314314	1314482	169	0.43	0	1
1314840	1314936	97	0.39	0	1
1317280	1317484	205	0.62	1	2
1317830	1318468	639	1.90	2	7
1319261	1319385	125	0.88	1	2
1320295	1321302	1008	0.94	1	5
1321681	1321993	313	0.10	0	1
1322744	1322933	190	0.81	1	3
1325789	1326561	773	5.04	3	20
1326775	1326904	130	2.22	1	22
1327409	1327640	232	4.33	1	76
1328571	1328803	233	29.68	27	76
1330761	1330959	199	27.24	2	367
1332205	1332286	82	37.50	33	118
1332659	1332700	42	73.00	74	127
1336550	1336564	15	29.93	31.5	35
1338506	1338763	258	24.10	3	302
1339361	1339515	155	50.35	47	200
1340068	1340170	103	8.68	1	27
1341491	1341578	88	6.52	4	62
1343415	1343516	102	15.75	6	258
1344162	1344209	48	61.40	63	70
1345554	1345614	61	28.49	29	32
1347076	1347319	244	1.23	1	4
1350444	1350445	2	0.00	0	0
1351469	1351474	6	1.00	1	2
1352978	1353301	324	2.31	2	5
1354244	1354335	92	6.80	2	30
1355074	1355161	88	11.24	11	21
1355726	1355797	72	64.35	69	83
1357357	1357367	11	17.27	19	19
1358550	1358558	9	61.44	68.5	86
1359891	1360059	169	7.05	5	26
1360195	1360290	96	15.29	9	83
1362688	1362689	2	21.00	42	42
1363380	1363467	88	34.20	5	151
1363933	1363965	33	87.30	90	104
1366673	1366798	126	2.33	2	4
1368620	1368834	215	1575.82	12	7264
1369435	1369670	236	457.22	9	5487
1370118	1370493	376	3.49	3	6
1371435	1371653	219	11.99	12	45
1373151	1373278	128	8.59	7	13
1376409	1376414	6	4.17	5	5
1377633	1377773	141	0.33	0	3
1379060	1379592	533	19.75	7	193
1380175	1380471	297	10.10	10	24
1380796	1381080	285	1.72	2	4
1382952	1383170	219	14.72	1	170
1384620	1384660	41	22.63	23	26
1385330	1385351	22	57.86	62	64
1386951	1387179	229	27.23	24	77
1387525	1387845	321	2.91	0.5	97
1388791	1388803	13	6.85	7	8
1390093	1390369	277	2.40	1	11
1392217	1392244	28	58.57	67	74
1392572	1392721	150	25.87	1	123
1393934	1393969	36	2.69	3	4
1394735	1394902	168	7.54	4	19
1396804	1396917	114	8.59	9	16
1398244	1398480	237	2.53	3	6
1398874	1399431	558	2.87	1	21
1400749	1401017	269	4.29	2	21
1404067	1404222	156	1.21	1	3
1405227	1405774	548	0.41	0	3
1406555	1406571	17	0.18	0	1
1407223	1407230	8	0.88	1	1
1408810	1409509	700	4.62	3	21
1409861	1410064	204	0.91	1	3
1410613	1411143	531	6.73	6	18
1411414	1412707	1294	2.32	2	14
1412999	1413286	288	5.48	5	9
1413358	1413395	38	4.63	4	7
1413759	1413840	82	3.71	3	6
1415860	1415996	137	11.15	9	24
1418217	1418488	272	0.99	0	26
1420354	1420506	153	10.09	8	20
1421143	1421361	219	2.93	2	9
1423000	1423050	51	58.18	64	118
1424140	1424175	36	29.50	24	51
1424440	1424453	14	20.71	22	25
1425660	1425729	70	26.74	5	115
1426396	1426932	537	6.69	3	158
1428397	1428500	104	2.11	1	11
1429425	1429455	31	11.77	11	16
1430002	1430165	164	10.99	1	67
1430895	1431033	139	4.84	2	16
1431994	1432068	75	6.47	6	14
1432957	1432962	6	62.00	75	77
1433422	1433830	409	12.58	2	312
1434374	1434467	94	7.24	4	37
1434918	1434944	27	9.00	9	10
1435230	1435362	133	6.77	7	12
1436740	1436968	229	2.34	1	35
1437677	1437760	84	9.30	9	12
1438943	1439331	389	9.99	1	235
1440226	1440309	84	112.46	110	171
1441069	1441319	251	75.52	1	272
1443140	1443168	29	37.76	42	56
1443964	1444232	269	2.60	1	28
1446042	1446267	226	14.89	14	26
1449532	1449544	13	18.69	21	21
1450703	1450704	2	7.00	14	14
1451344	1451544	201	8.99	9	36
1453401	1453665	265	4.73	5	11
1457161	1457239	79	3.68	4	5
1457753	1457898	146	18.98	9	74
1458901	1459017	117	33.28	15	128
1459585	1459784	200	16.39	15	52
1460673	1460727	55	4.27	2	18
1463197	1463660	464	5.74	4	21
1464909	1465005	97	74.94	76	94
1465237	1465396	160	58.64	3	180
1466906	1466909	4	6.75	9	9
1468284	1468340	57	12.09	6	43
1472075	1472128	54	11.83	15	19
1473494	1473495	2	6.00	12	12
1475577	1475792	216	2.36	2	13
1476468	1476578	111	6.08	6	11
1478032	1478068	37	3.19	3	4
1479245	1479345	101	0.26	0	1
1479418	1479510	93	31.61	21.5	75
1479583	1479749	167	5.37	4	19
1481582	1481698	117	6.92	0	105
1481891	1481991	101	52.70	53.5	87
1483383	1483388	6	37.67	46	47
1486623	1486624	2	6.00	12	12
1487252	1487253	2	6.00	12	12
1492467	1492559	93	14.51	15	21
1493322	1493772	451	18.88	13	74
1495425	1495739	315	10.12	10	29
1497306	1497307	2	1.50	3	3
1498241	1498311	71	4.79	3	22
1500744	1500963	220	0.52	1	1
1501339	1501477	139	13.78	2	114
1503017	1503134	118	13.93	5	107
1503738	1503742	5	7.20	9	9
1504706	1504711	6	6.67	8	8
1505483	1505484	2	5.00	10	10
1506583	1507075	493	15.37	2	79
1507328	1507334	7	0.43	0.5	1
1507971	1508342	372	0.83	1	2
1508415	1508871	457	1.76	1	53
1511278	1511541	264	19.09	8	78
1512628	1512736	109	7.91	5	35
1513865	1514032	168	15.18	14	75
1517108	1517117	10	36.30	40	43
1518291	1518438	148	21.45	22	34
1519006	1519587	582	5.10	5	15
1520059	1520105	47	8.15	7	11
1522041	1522084	44	0.39	0	2
1523177	1523229	53	0.21	0	2
1524859	1524944	86	0.79	1	1
1525743	1525749	7	1.29	1.5	2
1526770	1526832	63	1.56	1	3
1527199	1527212	14	0.93	1	1
1528269	1528301	33	1.09	1	5
1529397	1529469	73	0.73	1	1
1531150	1531757	608	0.46	0	3
1533520	1533551	32	2.72	3	3
1533741	1533762	22	0.05	0	1
1535035	1535193	159	21.54	20	36
1536640	1536835	196	8.10	2	77
1537808	1538339	532	2.72	1	28
1539447	1539473	27	2.48	3	3
1540593	1540594	2	0.50	1	1
1541585	1541663	79	1.84	1	4
1543014	1543354	341	0.65	1	2
1544675	1544695	21	23.24	26	35
1545647	1545835	189	14.97	11	35
1546619	1546631	13	49.31	54	56
1549002	1549032	31	34.16	34	44
1549513	1549543	31	58.94	60.5	71
1550072	1550206	135	10.48	1	121
1552406	1552478	73	2.79	3	4
1553649	1553748	100	12.22	9	59
1554427	1554748	322	9.35	9	17
1559943	1560041	99	29.21	29	57
1561311	1562079	769	12.91	5	128
1564483	1564998	516	84.90	15	912
1565431	1565458	28	67.71	58	110
1565870	1566030	161	3.29	3	7
1568470	1568622	153	5.32	2	127
1568821	1568923	103	10.31	3	120
1569083	1569748	666	35.96	11	323
1570169	1570298	130	16.81	1	216
1572144	1572149	6	5.17	6	7
1572768	1572867	100	7.02	7	10
1573441	1573456	16	10.06	9	17
1573913	1574018	106	26.44	29	39
1575486	1575711	226	6.51	6	21
1577931	1577932	2	3.00	6	6
1580075	1580093	19	4.74	5	5
1582364	1582443	80	4.61	4	8
1583278	1583724	447	7.81	7	28
1584550	1584809	260	97.97	73	360
1586696	1586844	149	4.93	2	30
1587286	1587293	8	20.00	23	23
1588257	1588531	275	12.31	12	29
1589696	1589909	214	10.93	0	183
1590714	1590978	265	4.32	3	27
1591987	1592215	229	5.92	5	56
1593155	1593224	70	8.51	8	11
1594263	1594596	334	3.51	3	14
1594840	1594846	7	7.71	9	9
1596038	1596122	85	6.31	7	8
1597271	1597277	7	12.57	13	18
1598166	1598358	193	51.80	63	149
1599034	1599129	96	27.23	1	82
1600498	1600644	147	5.90	1	44
1601656	1601835	180	37.51	3	731
1603018	1603148	131	95.90	21	515
1603929	1604023	95	12.35	13	17
1604732	1604737	6	11.67	14	14
1607038	1607044	7	10.43	12	13
1607642	1607701	60	1.98	2	3
1608323	1609144	822	1.00	1	4
1609226	1609412	187	2.87	1	32
1609875	1609891	17	18.65	20	21
1610576	1610577	2	3.00	6	6
1611955	1612028	74	7.80	2	31
1613214	1613215	2	4.00	8	8
1614737	1614749	13	6.46	6.5	11
1617474	1617587	114	1.56	0	25
1618278	1618284	7	6.43	7.5	8
1618711	1619068	358	7.65	8	16
1622476	1622548	73	49.49	35.5	81
1624298	1624366	69	0.26	0	3
1625452	1625614	163	18.73	10	57
1626068	1626092	25	75.96	65.5	105
1627119	1627145	27	22.93	24	26
1627956	1628095	140	15.02	15	20
1631480	1631638	159	16.31	4	144
1632530	1632899	370	1.59	1	25
1635138	1635373	236	18.56	7	229
1635614	1635675	62	94.82	107	121
1636039	1636265	227	43.59	37	131
1637089	1637357	269	30.57	32	106
1639374	1639448	75	20.73	2	93
1639746	1639773	28	5.93	4	13
1640743	1641317	575	7.70	2	79
1642317	1642527	211	13.68	7	90
1642681	1642709	29	73.79	79.5	87
1643196	1643267	72	21.01	21	40
1643700	1643756	57	12.05	8	32
1644648	1644752	105	5.56	1	68
1646250	1646776	527	4.32	1	72
1647431	1647675	245	1.81	2	7
1647886	1648122	237	3.40	3	6
1650979	1651097	119	34.87	31	106
1652232	1652436	205	11.32	1	84
1653841	1653919	79	9.15	9	18
1654493	1654701	209	5.21	5	24
1655956	1656037	82	5.76	5	9
1657076	1657163	88	61.48	4	166
1660446	1660538	93	4.65	3	15
1660998	1661410	413	9.09	2	78
1663260	1663457	198	40.51	14	221
1664232	1664603	372	6.56	3	133
1665729	1665839	111	9.11	3	32
1668387	1668480	94	4.73	3	19
1669714	1669764	51	15.82	16	19
1670914	1671083	170	14.62	10	46
1671825	1672162	338	15.42	10	49
1673294	1673426	133	9.47	4	74
1674552	1674751	200	211.77	208	357
1675973	1676109	137	240.64	11	1133
1676677	1676869	193	57.76	2	400
1678720	1678918	199	18.56	11	111
1678993	1679030	38	27.24	27	40
1679105	1679196	92	29.13	0	231
1679959	1680128	170	0.42	0	1
1680468	1680502	35	0.00	0	0
1683962	1684119	158	0.00	0	0
1684450	1684594	145	0.01	0	1
1685204	1685277	74	0.41	0	1
1685920	1685925	6	0.00	0	0
1688077	1689112	1036	0.34	0	2
1689596	1690254	659	0.32	0	1
1690624	1690671	48	0.31	0	1
1691092	1691094	3	0.00	0	0
1691410	1691413	4	0.00	0	0
1691753	1691778	26	0.00	0	0
1692886	1692960	75	0.20	0	1
1694706	1694747	42	0.00	0	0
1696759	1697024	266	0.35	0	3
1697334	1697389	56	0.29	0	1
1697894	1697977	84	0.20	0	1
1698717	1699689	973	0.93	0	15
1700620	1704124	3505	1.08	1	52
1704518	1704747	230	8.23	3	92
1706528	1706704	177	1.27	1	2
1708259	1708727	469	9.60	5	69
1709613	1709693	81	37.81	16	402
1710816	1710870	55	82.44	25.5	270
1711834	1711868	35	15.49	8.5	45
1712736	1712766	31	2.61	3	3
1714625	1714667	43	3.51	4	5
1716164	1716317	154	5.58	6	10
1719100	1719529	430	4.11	3	78
1720931	1721017	87	23.11	7	94
1721243	1721335	93	27.15	9	108
1722041	1722383	343	15.93	1	450
1722864	1722869	6	328.83	395	395
1723332	1723538	207	79.75	3	571
1724328	1724905	578	8.03	1	103
1725437	1725764	328	14.20	9	46
1728164	1728363	200	28.50	26	87
1729153	1729382	230	0.20	0	3
1730379	1730542	164	20.55	0	94
1732040	1732314	275	4.16	4	7
1734814	1734862	49	317.45	282	620
1735034	1735287	254	93.23	1	827
1736104	1736241	138	16.09	18	26
1737969	1737974	6	4.67	6	6
1740087	1740408	322	8.30	5	41
1742555	1742578	24	2.12	2	4
1742891	1742921	31	59.48	61	72
1743291	1743311	21	5.05	5	7
1744391	1744502	112	0.13	0	1
1744986	1745041	56	7.75	7	21
1745228	1745557	330	13.80	11	31
1746250	1746535	286	7.06	5	41
1747115	1747254	140	5.74	4	30
1750540	1750568	29	35.69	37	42
1750971	1751176	206	13.95	13	24
1753591	1753605	15	14.87	17	17
1754113	1754133	21	6.67	7	8
1755229	1755230	2	4.00	8	8
1757234	1757380	147	48.59	19	121
1757684	1758111	428	11.39	1	312
1759246	1759261	16	4.31	5	5
1759583	1759604	22	3.91	4	5
1761315	1761318	4	1.50	2	2
1762339	1762344	6	2.50	3	3
1764492	1764495	4	0.75	1	1
1764901	1764957	57	2.95	3	9
1767055	1767067	13	1.85	2	2
1767638	1767643	6	1.67	2	2
1768613	1768771	159	2.25	2	4
1769066	1769199	134	5.10	6	14
1770357	1770358	2	2.50	5	5
1770623	1770624	2	1.00	2	2
1772561	1772616	56	2.14	2	7
1773334	1773343	10	3.30	4	4
1774010	1774018	9	7.11	8	8
1775351	1775528	178	28.33	9	228
1777008	1777248	241	19.02	1	169
1778902	1778934	33	16.88	18	22
1780162	1780188	27	0.67	1	1
1780984	1780992	9	1.78	2	2
1782220	1782229	10	2.70	3	3
1786319	1786428	110	4.03	4	8
1786729	1786730	2	1.00	2	2
1788509	1788518	10	11.70	13	13
1789305	1789360	56	16.82	4	88
1790114	1790124	11	10.45	11.5	12
1791394	1791420	27	16.11	18	19
1792090	1792093	4	8.25	11	11
1792508	1792509	2	9.00	18	18
1792894	1792985	92	2.68	1	14
1794150	1794432	283	2.48	2	5
1797621	1797907	287	66.81	4	403
1798538	1798733	196	45.95	51	94
1799232	1799405	174	1.63	1	6
1801040	1801149	110	70.92	6	290
1802458	1802561	104	11.03	11	21
1803432	1803435	4	3.00	4	4
1804264	1804273	10	5.40	6	6
1805270	1805273	4	4.75	6	7
1806042	1806097	56	3.89	4	6
1807529	1807745	217	2.57	2	6
1807815	1808033	219	110.15	5	682
1809129	1809281	153	26.88	11	204
1811939	1812327	389	38.81	3	227
1819361	1819559	199	8.92	10	15
1821801	1821804	4	5.25	7	7
1824426	1824471	46	9.20	9	10
1825345	1825346	2	11.50	23	23
1826688	1826722	35	4.71	5	6
1828558	1828581	24	0.00	0	0
1829824	1829851	28	2.39	3	3
1830257	1830269	13	0.92	1	1
1833812	1834148	337	1.76	1	7
1834917	1835171	255	17.01	14	53
1835652	1835701	50	47.92	52	69
1836359	1836471	113	13.54	13	48
1837171	1837194	24	5.83	6	7
1837980	1838096	117	58.91	61.5	127
1838367	1838689	323	25.01	14	143
1840310	1840311	2	28.00	56	56
1840510	1840515	6	21.17	26	27
1843493	1843555	63	3.87	3.5	6
1843628	1844019	392	5.85	4	18
1845743	1845773	31	11.13	11	14
1846548	1846785	238	7.55	5	21
1848274	1849075	802	0.38	0	3
1849147	1849399	253	0.99	1	3
1851114	1851234	121	0.52	0	2
1852066	1852142	77	1.78	2	3
1852214	1852328	115	7.50	7	16
1853034	1853173	140	4.26	4	10
1853522	1854205	684	520.23	1	7999
1854602	1854624	23	1214.43	1190.5	1534
1854850	1854864	15	1539.27	1647.5	1766
1855432	1855757	326	196.00	3	3776
1857090	1857116	27	72.04	58.5	121
1857199	1857399	201	8.15	1	81
1857868	1857957	90	13.98	13	23
1859514	1859642	129	13.90	11	38
1859979	1860062	84	31.48	27	88
1861470	1861664	195	12.20	4	103
1864630	1864927	298	5.10	5	13
1867372	1867576	205	2.24	1	23
1868252	1868400	149	50.90	55	68
1871435	1871560	126	194.90	90	1452
1871852	1872061	210	98.53	2	500
1872959	1872974	16	6.31	7	7
1876862	1877725	864	129.42	1	3426
1878824	1878942	119	158.99	120	1034
1879132	1879204	73	18.70	10	58
1880876	1881030	155	11.12	7	25
1881283	1881421	139	7.92	3	63
1881635	1882043	409	65.91	68	130
1882359	1882686	328	4.63	1	131
1883116	1883376	261	18.35	16.5	37
1884346	1884472	127	0.90	1	2
1887155	1887156	2	3.50	7	7
1887810	1887973	164	13.99	3	96
1889258	1889396	139	13.75	13	49
1890240	1890251	12	35.58	39	44
1890990	1891184	195	24.58	0	291
1892124	1892162	39	9.56	6	25
1893942	1894241	300	1.59	1	25
1895622	1895668	47	11.34	10	61
1896647	1896678	32	38.34	38	69
1898460	1898570	111	1.64	2	3
1898868	1898886	19	8.79	9	10
1899370	1899371	2	8.00	16	16
1900875	1900951	77	10.88	11	19
1902209	1902348	140	12.37	9	34
1902979	1903170	192	5.26	1	51
1903780	1903822	43	3.60	2	11
1905125	1905199	75	9.16	3	26
1905737	1905802	66	12.56	6	55
1907138	1907273	136	0.61	0	2
1907904	1907913	10	26.30	29	32
1909258	1909279	22	6.36	5	20
1910709	1910710	2	31.00	62	62
1911083	1911209	127	13.50	3	60
1912473	1912599	127	51.28	46	80
1913230	1913398	169	15.36	2	80
1914005	1914122	118	5.28	1	75
1917652	1917786	135	2.03	2	5
1918255	1918333	79	2.89	3	5
1919651	1919693	43	5.84	7	7
1920603	1920664	62	2.40	2	5
1920737	1920762	26	2.46	3	3
1921186	1921200	15	34.27	36	41
1921705	1921742	38	1.66	2	2
1922247	1922250	4	0.00	0	0
1923310	1923313	4	0.00	0	0
1923866	1923867	2	0.00	0	0
1925026	1925114	89	0.88	1	3
1927402	1927566	165	2.05	2	6
1928902	1929124	223	0.63	0	3
1929335	1929612	278	1.34	1	3
1930240	1930261	22	3.59	4	4
1931501	1931644	144	5.27	1	19
1931714	1932094	381	1.95	2	7
1934156	1934695	540	2.19	1	60
1934942	1935300	359	3.57	1	35
1935508	1935580	73	5.19	2	32
1936064	1936159	96	3.30	3	6
1938695	1938710	16	7.81	8	9
1939980	1939987	8	4.88	6	6
1942157	1942438	282	6.80	8	13
1942526	1943573	1048	0.64	1	4
1944138	1944351	214	0.21	0	1
1948385	1948473	89	5.12	4	16
1950067	1950101	35	11.86	11	19
1950507	1950646	140	2.11	1	12
1951745	1951756	12	8.75	9	11
1952516	1953029	514	1.47	1	18
1954140	1954542	403	2.34	2	8
1954975	1955063	89	0.98	1	2
1956096	1956380	285	7.30	7	15
1957722	1957723	2	2.00	4	4
1958885	1959021	137	3.83	3	18
1960303	1960589	287	5.90	2	69
1962036	1962048	13	36.08	40	48
1963618	1963758	141	66.77	28.5	322
1964284	1964323	40	12.25	1	87
1965512	1965737	226	6.28	3	18
1966764	1967153	390	4.44	4	15
1967997	1968225	229	3.36	2	9
1969426	1969598	173	2.38	1	30
1972126	1972273	148	10.97	11	18
1972835	1973045	211	23.57	22	56
1973370	1973790	421	8.25	6	44
1974529	1974661	133	20.02	4	162
1976060	1976109	50	81.76	78	121
1976761	1976930	170	10.55	1	104
1978311	1978339	29	2.97	2	6
1980284	1980459	176	65.82	39	162
1980706	1980720	15	126.80	135.5	138
1982486	1982611	126	114.06	110	208
1982786	1982801	16	697.88	749	756
1982949	1982952	4	145.50	196	200
1983013	1983081	69	160.80	72	449
1984785	1984786	2	4.00	8	8
1986293	1986370	78	7.64	7	11
1988323	1988477	155	6.72	5	15
1989615	1989669	55	4.16	4	6
1990534	1990680	147	6.23	8	14
1992166	1992233	68	6.69	7	12
1993071	1993233	163	2.05	1	6
1993708	1993741	34	7.15	8	8
1996360	1996519	160	34.43	19	189
1997492	1997498	7	56.43	68.5	74
2000192	2000196	5	4.00	5	5
2001061	2001311	251	1.98	1	16
2001843	2001847	5	26.00	32.5	33
2003030	2003034	5	16.40	21	21
2005221	2005296	76	21.97	22	27
2005915	2005923	9	95.89	111	118
2007760	2007909	150	16.25	4	200
2009302	2009362	61	7.48	8	11
2010155	2010529	375	3.69	2	18
2012293	2012365	73	7.66	4	21
2017539	2017602	64	21.64	24	27
2018494	2018539	46	35.41	36	40
2020642	2020662	21	36.24	38	41
2021443	2021572	130	9.06	3	89
2022215	2022293	79	6.77	7	10
2022756	2022779	24	14.08	14	18
2024162	2024225	64	7.94	8	13
2025096	2025437	342	218.90	103	892
2025873	2026280	408	23.83	2	546
2028946	2029314	369	0.35	0	1
2031241	2031306	66	0.73	1	2
2032585	2032886	302	1.26	1	7
2035098	2035101	4	2.25	3	3
2036806	2036967	162	1.81	2	3
2037838	2037895	58	6.88	9	10
2038211	2038237	27	12.56	10	30
2038541	2038593	53	4.17	5	6
2038894	2038907	14	3.07	3	4
2039733	2039861	129	1.08	0	7
2040975	2041011	37	3.73	4	5
2042320	2042382	63	1.75	2	3
2042903	2042920	18	51.83	53	76
2043083	2043279	197	41.79	26.5	153
2044657	2045158	502	4.26	4	8
2045798	2045849	52	47.33	35	98
2047206	2047281	76	3.05	3	8
2048363	2048366	4	16.75	22	23
2050239	2050245	7	0.00	0	0
2052378	2052393	16	0.38	0	1
2052844	2052995	152	0.64	0	2
2053200	2053375	176	5.16	6	9
2053910	2053919	10	3.80	4	5
2054619	2054832	214	17.02	11	48
2056024	2056159	136	15.17	5	42
2057168	2057185	18	5.94	6	7
2057588	2057612	25	3.92	4	6
2061623	2061624	2	3.00	6	6
2063989	2064024	36	20.19	20	29
2064694	2065079	386	27.91	8	177
2067447	2067538	92	9.70	10	12
2069272	2069348	77	1.10	1	2
2069916	2070078	163	1.84	1.5	4
2071099	2071290	192	2.85	3	5
2072566	2072567	2	2.50	5	5
2073513	2073606	94	5.53	6	11
2077159	2077431	273	6.89	2	51
2078530	2078686	157	13.29	12	52
2080354	2080372	19	5.37	5	7
2081429	2081484	56	6.80	7	10
2081923	2081928	6	2.17	3	3
2082991	2083150	160	7.28	5	46
2083472	2083586	115	14.82	2	76
2084007	2084287	281	4.34	4	11
2084738	2084794	57	25.68	32	37
2086274	2086428	155	64.38	31	185
2087449	2087450	2	71.50	143	143
2088630	2088687	58	84.07	14	364
2090044	2090050	7	56.43	67.5	79
2090837	2090867	31	25.52	5.5	82
2091204	2091502	299	3.21	2	19
2092880	2092898	19	5.89	6	8
2094813	2094866	54	8.33	2	28
2095746	2095850	105	3.82	4	6
2096091	2096172	82	12.67	14	20
2097463	2097775	313	4.62	2	64
2098400	2098564	165	22.92	10	77
2100206	2100386	181	10.78	9	27
2101167	2101249	83	2.20	2	4
2101685	2101850	166	12.71	6	108
2102646	2102690	45	40.47	24	119
2103414	2103455	42	39.79	40	56
2105159	2105165	7	6.86	8	8
2106501	2106562	62	10.06	11	12
2107238	2107244	7	11.86	14	14
2109896	2110202	307	3.52	1	79
2111568	2111632	65	10.58	2	42
2112185	2112313	129	47.37	4	170
2112761	2112916	156	46.51	11	258
2114720	2114823	104	86.95	25	238
2116093	2116162	70	9.36	4	53
2116925	2117069	145	5.90	2	20
2119008	2119519	512	55.74	12	341
2119724	2119786	63	168.13	123	320
2120111	2120179	69	24.87	11.5	98
2120582	2120617	36	12.69	8	31
2121095	2121096	2	9.00	18	18
2121991	2122279	289	8.13	1	68
2122706	2122869	164	17.92	19	27
2123938	2123954	17	21.53	24	27
2124420	2124643	224	7.63	6	30
2125022	2125035	14	28.50	32	36
2127040	2127146	107	26.79	17	66
2129076	2129200	125	57.39	50.5	170
2130626	2130991	366	51.42	1	570
2133244	2133249	6	3.33	4	4
2133784	2133850	67	9.87	11	18
2134439	2134938	500	8.81	4	33
2136223	2136287	65	14.20	15	20
2138999	2139071	73	2.11	2	4
2139144	2139212	69	3.74	4	5
2140254	2140468	215	29.90	4	148
2141462	2141666	205	2.03	0	27
2143478	2143500	23	3.22	5	5
2144506	2144507	2	0.00	0	0
2145093	2145158	66	3.20	1	10
2146878	2147001	124	17.50	11	105
2147692	2147749	58	23.66	8	134
2148026	2148156	131	5.40	1	55
2149540	2149703	164	2.32	2	5
2150229	2150232	4	5.25	6	9
2150590	2150593	4	7.50	10	10
2151185	2151263	79	20.67	20	54
2151918	2152120	203	13.69	1	79
2153175	2153245	71	4.62	5	7
2153618	2153635	18	4.67	4	6
2154568	2154648	81	9.52	3	25
2155687	2155954	268	1.69	1	27
2156561	2156706	146	14.29	2	162
2158423	2158700	278	7.60	5	19
2161197	2161272	76	14.14	10	33
2161600	2161945	346	15.10	3	146
2163266	2163544	279	0.84	0	3
2165399	2165423	25	5.00	5	8
2165643	2165850	208	8.60	1	41
2166784	2167013	230	4.18	4	9
2168232	2168243	12	16.33	18	19
2169296	2169299	4	34.50	46	46
2170580	2170581	2	49.00	98	98
2171338	2171349	12	68.67	75	78
2171659	2171695	37	45.68	49	61
2173235	2173312	78	11.55	11	18
2174357	2174441	85	30.38	31	63
2174907	2175062	156	68.13	65	129
2176301	2176387	87	9.82	5	66
2177600	2177912	313	11.63	14	23
2178513	2178614	102	10.03	3	34
2180433	2180480	48	3.60	3	8
2181273	2181430	158	25.58	12	66
2181719	2181722	4	26.50	35	36
2184372	2184460	89	19.69	21	26
2185532	2185728	197	8.05	1	64
2186317	2186322	6	9.83	12	13
2188621	2188722	102	6.30	6	13
2189884	2189976	93	3.84	1	27
2191434	2191437	4	7.75	10	11
2191852	2192147	296	4.01	3	19
2193228	2193573	346	25.62	10	92
2197709	2197832	124	0.52	0	2
2198085	2198149	65	2.82	3	5
2199035	2199167	133	51.54	22	116
2200062	2200068	7	193.00	226.5	229
2201047	2201048	2	37.50	75	75
2201571	2201697	127	11.81	1	156
2203740	2203869	130	13.71	13	19
2205088	2205173	86	1.10	1	3
2206689	2206850	162	7.36	1	34
2207181	2207287	107	13.44	13	18
2209555	2209776	222	13.89	1	100
2210224	2210229	6	32.67	39	44
2210827	2210874	48	13.71	10	42
2211517	2211873	357	1.69	0	34
2213368	2213500	133	3.19	2	7
2214536	2214639	104	24.62	27	59
2215204	2215293	90	38.20	4	103
2216659	2216677	19	1.58	2	2
2218222	2218365	144	2.44	3	4
2218666	2218675	10	5.40	6	6
2219954	2219958	5	4.20	5	6
2220502	2220566	65	3.03	2	11
2221542	2221569	28	20.89	24	35
2222974	2223079	106	21.46	19	43
2223794	2223934	141	46.79	47.5	72
2224685	2225113	429	12.16	12	20
2228856	2229067	212	23.66	2	313
2231342	2231580	239	1.50	1.5	4
2232688	2232693	6	0.00	0	0
2234482	2234495	14	0.00	0	0
2235069	2235212	144	1.65	1	3
2235858	2236150	293	3.00	0	22
2236769	2236770	2	1.50	3	3
2237469	2237482	14	2.79	3	3
2240197	2240198	2	8.00	16	16
2241066	2241067	2	1.50	3	3
2242541	2242544	4	2.25	3	3
2243969	2244021	53	0.79	1	2
2245042	2245111	70	1.74	1	12
2245505	2245559	55	0.80	1	2
2246133	2246348	216	2.51	2	8
2249184	2249198	15	15.40	17	23
2250624	2250806	183	132.67	1	656
2251818	2251881	64	0.34	0	3
2254044	2254045	2	0.00	0	0
2255153	2255156	4	0.00	0	0
2259373	2259612	240	0.79	1	2
2261625	2261633	9	0.89	1	1
2262420	2262524	105	1.11	1	3
2263326	2263489	164	0.40	0	1
2264147	2264158	12	8.42	9	10
2264588	2264622	35	1.23	1	2
2265925	2266027	103	0.23	0	1
2266352	2266462	111	0.72	1	1
2267537	2267538	2	0.00	0	0
2268700	2268701	2	1.50	3	3
2269440	2269451	12	0.33	0	1
2269770	2270335	566	0.52	0	3
2271156	2271271	116	1.28	1	3
2273552	2273553	2	0.00	0	0
2275015	2275263	249	0.20	0	1
2276782	2276884	103	1.03	1	2
2278364	2278427	64	0.53	1	1
2279301	2279746	446	0.99	1	2
2280575	2280581	7	0.00	0	0
2281830	2282038	209	0.41	0	2
2283512	2283760	249	0.65	1	2
2285504	2285785	282	3.90	3	9
2286179	2286493	315	15.65	1	86
2287274	2287394	121	18.68	16	34
2288460	2288474	15	16.07	17.5	19
2289126	2289307	182	4.65	5	6
2289953	2290222	270	0.23	0	3
2290562	2290833	272	2.21	2	4
2291857	2291923	67	3.99	4	10
2292824	2292944	121	1.93	1	16
2294120	2294441	322	17.21	1	175
2294652	2295005	354	32.83	5	272
2295879	2295944	66	12.95	9	35
2296617	2296840	224	3.42	1	61
2299031	2299127	97	37.02	37	101
2299785	2299809	25	45.60	47.5	51
2301414	2301524	111	1.97	3	3
2302242	2302339	98	0.46	0	2
2303054	2303063	10	5.80	6	10
2303898	2303963	66	4.23	1	35
2307585	2307781	197	5.16	5	11
2308835	2308937	103	5.27	6	8
2310366	2310594	229	0.59	0	5
2311360	2311563	204	3.54	3	7
2313649	2313654	6	2.50	3	3
2314042	2314045	4	5.25	7	7
2314565	2314577	13	1.85	2	2
2316396	2316461	66	6.23	6	17
2318277	2318294	18	53.67	56	62
2318553	2318642	90	61.54	59	89
2319294	2319335	42	77.29	81	88
2321295	2321389	95	65.16	64	177
2323286	2323360	75	2.40	2	11
2323853	2324004	152	1.10	1	10
2325460	2325621	162	5.18	5	10
2326042	2326301	260	23.12	1	180
2327880	2328339	460	4.81	4	14
2328760	2329104	345	2.30	2	6
2329672	2329854	183	17.17	7.5	60
2331864	2332004	141	8.74	8	16
2332206	2332353	148	5.29	6	8
2332504	2332596	93	4.56	4	12
2332885	2333137	253	179.35	5	714
2333342	2333437	96	18.64	8	71
2334404	2334499	96	1.66	1	10
2336003	2336087	85	7.48	4.5	23
2336601	2336686	86	22.85	19	42
2338703	2338791	89	4.22	3	19
2340303	2340410	108	10.36	10	16
2341599	2341663	65	19.86	3	162
2343364	2343420	57	10.72	11	16
2344548	2344687	140	0.79	0	3
2344762	2344844	83	1.27	2	2
2346213	2346455	243	0.36	0	2
2346759	2347273	515	1.16	1	3
2348595	2348722	128	1.67	2	3
2349432	2349478	47	4.19	4	6
2350283	2350327	45	4.04	1	18
2350709	2350984	276	8.54	8	16
2351612	2351901	290	3.10	1	50
2352412	2352460	49	1.14	1	3
2352755	2352822	68	0.54	1	1
2353738	2353833	96	1.47	2	3
2354575	2354633	59	0.53	0	2
2355344	2355657	314	0.66	1	4
2356042	2356137	96	0.56	1	1
2356486	2356522	37	2.00	0	10
2361668	2361948	281	2.92	3	8
2362022	2362112	91	3.81	4	6
2363908	2363910	3	30.33	45.5	46
2364127	2364303	177	43.97	25.5	159
2365177	2365198	22	4.36	5	7
2367133	2367138	6	11.67	14	14
2368441	2368664	224	8.33	6	91
2369142	2369143	2	7.00	14	14
2370410	2370732	323	10.90	7	46
2370805	2371213	409	1.27	1	3
2372519	2372530	12	1.58	2	2
2373047	2373107	61	1.93	3	4
2374230	2374318	89	1.27	1	2
2376331	2376334	4	1.50	2	2
2378009	2378014	6	0.83	1	1
2380031	2380272	242	2.36	1	11
2380906	2380914	9	0.89	1	1
2381857	2382163	307	1.31	1	9
2384012	2384017	6	1.67	2	2
2385409	2385410	2	1.50	3	3
2388537	2388586	50	2.22	2	3
2388682	2388917	236	11.03	7	30
2390159	2390171	13	16.62	18	20
2391156	2391167	12	46.08	52	57
2392470	2392539	70	11.80	11	20
2393449	2393627	179	14.86	11	35
2394372	2394468	97	17.24	3.5	128
2396245	2396359	115	12.51	13	23
2397167	2397253	87	0.95	1	3
2399651	2399758	108	1.24	1	3
2401126	2401242	117	11.87	9	33
2402445	2402521	77	19.87	12	90
2404193	2404275	83	17.18	6	53
2405239	2405468	230	5.60	1	68
2407368	2407448	81	20.28	4	58
2408685	2408686	2	7.00	14	14
2409509	2409515	7	54.29	64	66
2410062	2410148	87	30.22	26.5	87
2411481	2411552	72	7.03	6	11
2412798	2412810	13	17.08	19	19
2413279	2413284	6	22.83	27	28
2413981	2414109	129	9.57	3	45
2414506	2414775	270	53.10	1	316
2415085	2415482	398	39.48	37	135
2416593	2416606	14	11.21	11	16
2417402	2417403	2	4.00	8	8
2421866	2422302	437	2.37	1	71
2423056	2423235	180	15.75	9	151
2424178	2424281	104	24.41	5	277
2425311	2425487	177	31.52	29.5	62
2426037	2426179	143	9.83	10	14
2427053	2427171	119	2.78	1	33
2427583	2427603	21	2.76	2.5	4
2428411	2428425	15	2.80	3	3
2429425	2429443	19	12.16	13	15
2429762	2429935	174	17.21	4	72
2430647	2430747	101	6.26	9	12
2432251	2432359	109	9.85	10	20
2432516	2432517	2	10.00	20	20
2434729	2434734	6	53.17	64	65
2435191	2435194	4	70.00	93	94
2436626	2436862	237	65.08	56	299
2437933	2437947	15	350.53	377.5	392
2438671	2438689	19	278.37	257	451
2440295	2440492	198	286.78	9	1595
2441339	2441420	82	138.87	72	491
2442165	2442229	65	8.11	4	40
2443580	2443592	13	3.15	3	5
2444814	2444821	8	3.38	4	4
2447554	2447557	4	6.00	8	8
2448644	2448661	18	27.78	30	34
2450597	2450767	171	21.95	2	174
2451290	2451343	54	28.09	19	86
2452244	2452264	21	10.71	12	13
2452769	2452808	40	17.00	15	44
2453760	2453996	237	16.70	5.5	84
2455887	2455961	75	0.76	1	1
2456061	2456211	151	6.40	6	15
2457958	2457972	15	44.27	46.5	56
2458315	2458318	4	51.50	69	69
2458916	2458996	81	5.99	5	10
2460287	2460412	126	21.64	23	48
2461157	2461280	124	32.00	41	61
2461899	2462205	307	2.91	2	14
2463190	2463335	146	13.57	14	29
2464026	2464234	209	103.04	31	819
2464439	2464714	276	53.68	34	586
2465411	2465416	6	11.67	14	14
2466152	2466177	26	31.85	32	41
2466790	2466830	41	10.51	11	17
2467287	2467428	142	2.70	2	17
2468545	2468822	278	24.58	19	60
2469261	2469724	464	62.94	23	383
2470274	2470297	24	113.46	109	155
2471711	2471864	154	14.08	9	33
2472081	2472084	4	8.75	12	12
2472400	2472596	197	2.38	2	6
2473860	2473890	31	27.39	31	36
2476393	2476596	204	4.34	3	9
2476771	2476772	2	4.50	9	9
2477685	2477850	166	6.29	1	45
2479419	2479422	4	2.25	3	3
2480146	2480160	15	4.67	5	5
2482682	2482759	78	17.15	1	93
2483794	2483820	27	9.74	10.5	14
2484430	2484466	37	142.11	156	175
2484650	2484711	62	39.29	41	64
2487429	2487539	111	22.32	3	75
2488476	2488628	153	6.20	4	15
2489214	2489501	288	107.44	1	747
2490666	2490767	102	49.50	36	117
2491488	2491898	411	44.34	46	134
2492658	2492659	2	16.50	33	33
2492873	2492943	71	74.41	63.5	138
2493943	2494235	293	7.65	5	23
2494737	2494739	3	16.33	24.5	25
2494959	2495076	118	5.79	1	82
2495560	2495607	48	2.96	3	5
2495682	2495807	126	1.83	2	4
2495961	2496344	384	2.03	2	32
2497215	2497424	210	4.05	2	41
2497743	2498061	319	13.39	13	49
2498527	2498531	5	28.60	35	38
2499066	2499071	6	26.17	31	32
2500173	2500487	315	3.59	3	34
2501046	2501049	4	9.75	13	13
2501644	2501867	224	7.26	1	73
2503002	2503433	432	6.24	3	29
2503941	2504020	80	19.24	21	23
2504683	2504799	117	8.45	7	36
2506000	2506085	86	6.42	7	11
2507439	2507491	53	3.13	3	5
2509138	2509377	240	8.64	2	126
2510080	2510173	94	1.06	1	4
2511113	2511203	91	1.24	1	6
2511861	2511923	63	7.19	6	11
2513913	2514133	221	4.15	3	21
2515352	2515852	501	4.24	3	42
2518172	2518257	86	50.52	51	62
2518675	2518705	31	7.19	7	10
2520657	2520774	118	22.97	24	35
2522110	2522511	402	2.60	2	29
2524314	2524375	62	6.39	6	10
2526560	2526698	139	3.52	3	26
2528837	2528861	25	2.16	2	4
2529336	2529369	34	3.09	4	4
2530051	2530053	3	8.00	12	12
2531071	2531294	224	1.20	1	3
2531500	2531588	89	20.13	17	38
2532833	2532844	12	9.00	8	13
2533817	2533886	70	3.76	4	5
2535027	2535028	2	0.50	1	1
2536986	2537006	21	12.33	12	15
2537085	2537317	233	6.18	3	29
2538497	2538619	123	2.08	2	4
2539037	2539185	149	2.97	0	25
2540629	2540681	53	2.83	3	3
2541063	2541065	3	10.67	16	16
2542389	2542703	315	2.40	0	107
2543112	2543201	90	6.58	4	32
2544129	2544350	222	6.68	6	12
2544606	2544667	62	2.61	1	17
2545805	2546148	344	10.84	10	23
2547966	2547967	2	2.50	5	5
2548790	2548892	103	4.40	5	7
2550860	2550862	3	38.67	58	58
2552477	2552779	303	16.49	0	214
2554045	2554061	17	18.94	16	32
2554742	2555002	261	4.60	0	136
2555702	2555864	163	3.67	3	8
2556576	2556581	6	21.67	27	28
2558355	2558572	218	8.13	5	59
2559155	2559165	11	13.73	16	17
2560336	2560487	152	9.96	0	39
2563827	2564429	603	17.25	10	128
2565813	2566176	364	23.95	6	324
2566351	2566382	32	273.25	305	356
2566890	2566931	42	45.76	49	87
2567700	2567789	90	1.78	1	12
2568165	2568234	70	10.21	11	28
2569528	2569696	169	8.38	1	88
2571133	2571266	134	2.95	0	44
2571579	2571881	303	93.94	6	1683
2572491	2572790	300	381.53	3	3629
2573946	2573952	7	18.86	21	26
2575114	2575462	349	11.05	3	205
2576561	2576607	47	17.49	18	21
2577397	2577452	56	5.07	1	29
2577666	2577891	226	0.54	0	13
2578987	2579329	343	8.71	5.5	26
2582155	2582402	248	1.19	1	3
2584782	2584943	162	1.00	0	9
2586790	2586897	108	13.06	2	98
2590903	2590936	34	24.38	21	45
2591561	2591846	286	1287.99	1	8010
2592837	2592960	124	2241.67	1669	7997
2594008	2594179	172	83.97	91	125
2595804	2595825	22	17.64	20	21
2597403	2597557	155	3.99	0	93
2598242	2598592	351	15.84	3	87
2599379	2599411	33	9.24	10	12
2600033	2600086	54	54.48	48	97
2600213	2600380	168	16.07	1	170
2601356	2601716	361	7.29	6	29
2602644	2602661	18	27.94	28	36
2604879	2604885	7	4.29	5	5
2605528	2605904	377	0.69	1	2
2607782	2608051	270	0.80	1	3
2608126	2608189	64	3.59	4	5
2609141	2609507	367	8.10	6	67
2610561	2610713	153	18.76	4	49
2611641	2611723	83	27.90	28.5	46
2612645	2612798	154	6.51	3	37
2613402	2613407	6	13.83	17	17
2613930	2613995	66	27.65	29	37
2615421	2615615	195	15.01	8	56
2616207	2616421	215	63.59	61	144
2616740	2616741	2	18.00	36	36
2617207	2617236	30	4.03	3	7
2617762	2617796	35	6.94	7	8
2618286	2618531	246	2.37	2	5
2618892	2619005	114	4.95	5	16
2619354	2619362	9	9.44	10	12
2620533	2620675	143	1.07	1	15
2621207	2621208	2	9.00	18	18
2622198	2622203	6	14.00	17	17
2623110	2623204	95	5.06	5	6
2626658	2626797	140	6.16	1	31
2628913	2628969	57	12.88	8	41
2630029	2630263	235	6.68	7	10
2632223	2632362	140	17.87	0	194
2633248	2633510	263	19.94	22	56
2633982	2634273	292	6.93	4	139
2635120	2635129	10	21.70	24	25
2636312	2636499	188	3.51	2	17
2637850	2637878	29	2.21	2	3
2638215	2638378	164	1.48	1	4
2640872	2640923	52	30.37	3	89
2642323	2642534	212	34.60	12	165
2645567	2645692	126	4.87	5	11
2646149	2646150	2	14.50	29	29
2646919	2646990	72	8.51	9	23
2649133	2649288	156	22.72	23	37
2649775	2649877	103	41.25	21.5	290
2652273	2652347	75	2.23	3	3
2653425	2653509	85	0.49	0	11
2659548	2659689	142	38.40	11	263
2660692	2660779	88	47.25	23	227
2661461	2661464	4	13.50	18	18
2662788	2662915	128	6.73	6	16
2664283	2664408	126	13.87	13	73
2665936	2666208	273	17.91	12	44
2668313	2668562	250	0.92	1	3
2668758	2668909	152	0.27	0	1
2669765	2670023	259	23.46	1	108
2671071	2671076	6	6.67	8	8
2672381	2672576	196	8.03	4	58
2673456	2673532	77	2.92	1	37
2674262	2674267	6	11.17	13	14
2675905	2675929	25	9.00	9	13
2676869	2677460	592	23.06	10	105
2677983	2678350	368	14.77	2	372
2680573	2680709	137	8.07	9	11
2681196	2681205	10	18.90	21	22
2682550	2682559	10	29.80	33	36
2685187	2685219	33	22.45	5	82
2687322	2687476	155	1.10	0	7
2687549	2687730	182	2.45	2	6
2689375	2689470	96	0.62	1	2
2689696	2689897	202	0.57	0	19
2690675	2690825	151	2.10	2	4
2691831	2691890	60	0.92	1	2
2692782	2692783	2	0.00	0	0
2693546	2693656	111	12.41	10	35
2695037	2695349	313	5.07	4	43
2696232	2696304	73	14.08	10	32
2697928	2698228	301	0.79	0	9
2699261	2699397	137	0.26	0	2
2699581	2699838	258	0.44	0	3
2700361	2700415	55	1.20	1	2
2702605	2702773	169	4.99	5	8
2704382	2704728	347	19.47	2	195
2704948	2704981	34	3.12	4	4
2705864	2705866	3	0.67	1	1
2708249	2708250	2	1.00	2	2
2711770	2711807	38	17.89	20	21
2713377	2713537	161	6.16	1	81
2714935	2715108	174	10.51	11	18
2715343	2715616	274	2.27	1	34
2717315	2717533	219	1.78	1	6
2718824	2719197	374	1.13	0	6
2721154	2721357	204	4.37	3	15
2722744	2722860	117	10.66	10	14
2723254	2723311	58	13.40	11	53
2724842	2724843	2	13.50	27	27
2727820	2727861	42	34.29	35	41
2728744	2728750	7	76.00	88	91
2729942	2730173	232	15.28	4	194
2731188	2731338	151	4.56	2	15
2732074	2732162	89	9.98	8	21
2733018	2733028	11	95.64	105	124
2733781	2733783	3	56.00	84	85
2734813	2735025	213	19.95	16	46
2735407	2735420	14	19.29	22	24
2735790	2735803	14	28.43	30	35
2737604	2737605	2	14.50	29	29
2737924	2737929	6	13.00	16	16
2738206	2738226	21	16.10	17	18
2739004	2739291	288	27.86	24	58
2739652	2739749	98	80.42	7	600
2741117	2741230	114	0.82	1	4
2741609	2741729	121	33.47	21.5	101
2741803	2742067	265	6.26	3	21
2742320	2742389	70	2.40	2	5
2744085	2744221	137	1.38	1	8
2746542	2746543	2	2.50	5	5
2747633	2747809	177	9.01	10	15
2748830	2749029	200	11.78	1	60
2750251	2750377	127	8.77	1	23
2753225	2753226	2	7.00	14	14
2755822	2755829	8	12.25	14	14
2756214	2756349	136	11.63	7	67
2757646	2757700	55	2.40	2	6
2758253	2758393	141	1.57	0	22
2759189	2759367	179	7.89	7	16
2760148	2760266	119	7.33	5	46
2762501	2762723	223	7.70	8	11
2763327	2763432	106	5.76	7	11
2764795	2764849	55	22.95	7	73
2766184	2766197	14	23.93	29	31
2767197	2767268	72	5.04	4	11
2769225	2769346	122	4.25	3	12
2770509	2770540	32	1.59	1	4
2772074	2772140	67	34.87	32	62
2773413	2773457	45	29.13	30.5	33
2775947	2776201	255	10.74	5	122
2776676	2776972	297	50.34	1	371
2777789	2777824	36	25.67	25	34
2779124	2779138	15	20.07	21	25
2780213	2780279	67	32.34	36	44
2781711	2781794	84	66.29	3	550
2787390	2787391	2	5.50	11	11
2789275	2789359	85	6.26	5	19
2790145	2790206	62	3.58	4	6
2790423	2790471	49	35.00	31	83
2793283	2793412	130	12.32	14	21
2793806	2794266	461	5.79	5	22
2795898	2796012	115	0.28	0	7
2796859	2796975	117	165.22	7	1376
2797660	2797902	243	49.65	26	225
2798668	2798881	214	15.47	4	175
2799982	2800053	72	103.58	102	132
2800288	2800342	55	185.27	134	440
2801084	2801131	48	145.71	152	189
2801465	2801665	201	4.06	2	39
2802026	2802062	37	8.62	9	11
2803566	2803595	30	8.20	9	10
2804403	2804601	199	34.05	5	483
2804821	2804835	15	456.87	585.5	672
2805208	2805258	51	264.02	281.5	318
2806093	2806153	61	2.25	2	5
2807018	2807172	155	4.41	3	25
2807680	2807782	103	22.53	22	45
2808131	2808172	42	118.00	130	144
2808470	2808510	41	16.20	17	19
2810129	2810207	79	9.67	9	15
2811723	2811782	60	22.42	21	67
2811832	2812005	174	29.01	1	156
2812504	2812668	165	138.30	49	531
2813596	2813671	76	2.64	3	4
2813746	2814111	366	0.96	1	2
2815510	2815569	60	10.88	10	21
2816980	2816982	3	2.67	4	4
2817709	2817891	183	201.12	1	997
2818024	2818048	25	699.08	781	842
2818711	2818739	29	8.14	9	10
2819616	2819691	76	2.14	2	4
2821216	2821327	112	19.81	2	166
2824587	2824592	6	18.00	22	22
2825367	2825456	90	6.70	1	28
2826336	2826337	2	3.50	7	7
2827483	2827568	86	13.98	14	27
2828007	2828010	4	16.50	22	22
2828919	2829000	82	1.50	1	4
2830870	2831174	305	7.41	7	14
2831973	2832129	157	10.36	9	21
2832925	2833403	479	8.27	4	39
2834292	2834394	103	12.77	0	196
2840294	2840317	24	23.46	27	36
2840525	2840744	220	12.93	2	102
2842643	2842662	20	18.90	20	26
2843275	2843492	218	35.01	32	60
2844788	2844836	49	20.90	21	28
2846129	2846134	6	5.33	7	7
2848084	2848096	13	35.08	38	40
2849387	2849603	217	30.31	26	64
2850147	2850157	11	13.09	15	15
2850797	2850854	58	8.29	9	12
2851989	2852001	13	1.92	2	3
2853898	2853936	39	5.90	5	12
2856585	2856666	82	17.62	18	23
2857192	2857247	56	26.71	15	109
2857803	2857806	4	11.50	15	16
2859394	2859433	40	28.50	29	31
2861135	2861170	36	5.86	6	10
2862434	2862456	23	0.65	0	5
2862643	2862857	215	12.09	11	31
2863665	2863904	240	1.54	1	13
2865052	2865121	70	11.61	9	54
2866025	2866247	223	6.26	6	19
2867322	2867722	401	3.98	2	14
2868233	2868475	243	217.95	7	1240
2868743	2868925	183	238.17	229.5	340
2871074	2871398	325	19.65	2	139
2872710	2872931	222	0.89	1	2
2873772	2874092	321	0.99	1	5
2875878	2875879	2	0.50	1	1
2883582	2883653	72	0.76	1	2
2884458	2884463	6	0.83	1	1
2885049	2885062	14	0.71	1	1
2887883	2887929	47	3.11	3	6
2889181	2889365	185	5.16	4	19
2891622	2891669	48	7.38	9	12
2893223	2893277	55	13.55	13	16
2894350	2894480	131	11.17	10	35
2895303	2895371	69	10.94	1	43
2896194	2896199	6	6.17	8	9
2896539	2896820	282	7.19	8	13
2898732	2898743	12	116.25	128	135
2900767	2900889	123	8.63	5.5	24
2902092	2902249	158	10.10	6	27
2903114	2903202	89	60.04	3	276
2903371	2903441	71	32.44	2	263
2903847	2903877	31	3.10	3	5
2905644	2905726	83	6.41	4	32
2906465	2906720	256	4.03	3	41
2911257	2911262	6	23.33	27	31
2912422	2912513	92	20.93	23	36
2913939	2914105	167	9.73	9	29
2914910	2914944	35	71.69	75.5	81
2915929	2916082	154	14.60	1	145
2916165	2916200	36	39.83	42	51
2916813	2916837	25	46.72	52	62
2917759	2917764	6	6.00	8	8
2918377	2918402	26	16.62	17	20
2919650	2919877	228	1088.89	570	4793
2920451	2920486	36	694.56	696	844
2920949	2921365	417	30.80	12	263
2922257	2922659	403	9.13	4	95
2923455	2923492	38	21.47	22	24
2924285	2924551	267	6.73	1	24
2925164	2925202	39	35.10	42	52
2926808	2926824	17	55.71	58.5	66
2929962	2930352	391	431.21	42	1282
2932083	2932107	25	116.00	123	134
2932966	2933161	196	189.05	196	426
2935886	2936002	117	9.44	10	14
2938281	2938528	248	6.23	2	28
2939675	2939749	75	57.44	44.5	131
2941658	2941872	215	33.93	6	91
2942836	2942899	64	11.02	7	30
2943641	2943688	48	36.29	10	143
2946421	2946422	2	22.50	45	45
2948498	2948587	90	265.00	187	824
2949611	2949804	194	200.08	5	1701
2951080	2951270	191	6.41	8	31
2953092	2953093	2	12.00	24	24
2956922	2957124	203	5.40	5	8
2957959	2958035	77	336.57	14	1355
2958264	2958354	91	1355.73	1459	1881
2959015	2959016	2	22.00	44	44
2961183	2961260	78	25.14	26	30
2963145	2963294	150	81.27	80	199
2964767	2964768	2	1.50	3	3
2965210	2965211	2	2.00	4	4
2965587	2965610	24	18.88	19	27
2966040	2966046	7	20.71	24	25
2966302	2966339	38	18.03	2	71
2967060	2967094	35	0.57	0	3
2967905	2967944	40	10.68	11	12
2969076	2969231	156	93.29	15	2524
2970169	2970333	165	53.56	6	430
2970886	2970937	52	11.73	12	19
2971436	2971535	100	3.51	2	26
2976430	2976494	65	3.66	2	25
2979201	2979275	75	8.67	6.5	21
2979711	2979740	30	5.00	5	8
2980941	2981182	242	4.12	3	8
2982755	2982878	124	5.30	1	50
2984103	2984210	108	51.10	50	77
2986452	2986520	69	2.22	2	5
2987373	2987374	2	5.00	10	10
2989652	2989761	110	2.49	1	32
2992387	2992501	115	11.57	11	17
2994136	2994259	124	2.73	0	42
2995962	2995966	5	29.00	37	39
2997122	2997125	4	26.50	35	36
3002951	3002978	28	115.43	121	128
3004245	3004388	144	82.93	66	216
3004884	3005268	385	6.75	1	61
3007968	3007973	6	99.17	120	120
3008499	3008534	36	9.50	10	13
3009009	3009154	146	13.96	16	28
3009812	3009813	2	13.00	26	26
3010837	3010838	2	1.50	3	3
3011433	3011462	30	6.70	8	8
3012890	3013042	153	1.20	1	3
3017726	3017746	21	3.67	3.5	5
3018967	3019237	271	20.41	1	182
3019637	3020269	633	144.85	117	407
3021209	3021436	228	19.38	7	349
3021773	3021855	83	30.11	30.5	38
3025207	3025221	15	64.27	69.5	82
3026941	3027249	309	25.07	1	226
3028186	3028269	84	0.62	0	2
3028471	3028528	58	42.52	36	88
3028988	3029036	49	51.82	56	71
3029457	3029530	74	1.97	2	3
3030116	3030316	201	0.81	1	2
3030875	3031105	231	0.48	0	2
3031190	3031199	10	0.00	0	0
3032853	3032863	11	0.00	0	0
3034889	3034903	15	7.40	8	8
3035459	3035464	6	0.83	1	1
3038809	3038887	79	6.94	3	30
3039110	3039190	81	2.28	2	5
3041754	3041858	105	37.25	41	64
3042666	3042681	16	5.38	6	8
3043039	3043115	77	4.27	4	5
3043863	3044004	142	1.48	2	4
3044455	3044758	304	0.61	0	3
3046717	3046718	2	2.50	5	5
3048431	3048507	77	1.05	1	2
3048895	3048908	14	13.86	15	16
3050367	3050383	17	3.53	4	5
3051461	3051586	126	2.06	2	3
3052457	3052465	9	3.56	4	4
3053465	3053557	93	3.00	1	29
3054488	3054494	7	1.71	2	2
3055188	3055191	4	2.25	3	3
3057695	3057699	5	19.80	25	25
3058978	3059226	249	2.75	1	22
3064428	3064505	78	2.21	2	4
3065715	3065796	82	1.67	0	8
3067814	3067937	124	8.60	12	17
3069870	3069899	30	1.83	2	2
3070836	3070839	4	2.25	3	3
3072508	3072640	133	4.14	2	22
3073532	3073608	77	1.70	2	3
3074443	3074539	97	0.80	1	2
3075935	3075949	15	0.33	0	1
3077393	3077395	3	0.67	1	1
3078395	3078396	2	0.50	1	1
3082311	3082376	66	2.30	2	7
3085013	3085014	2	0.00	0	0
3086542	3086712	171	0.00	0	0
3087199	3087234	36	0.44	0	1
3088149	3088207	59	0.25	0	1
3091030	3091327	298	1.36	1	6
3092006	3092011	6	0.83	1	1
3096257	3096290	34	0.47	0	1
3096576	3096808	233	0.25	0	1
3097526	3097538	13	1.85	2	2
3097956	3097957	2	0.50	1	1
3099457	3099460	4	0.00	0	0
3099725	3099726	2	0.50	1	1
3100015	3100030	16	1.88	2	2
3100795	3100880	86	0.35	0	2
3102189	3102194	6	0.00	0	0
3102784	3102889	106	1.04	1	3
3105107	3105118	12	1.83	2	2
3107261	3107312	52	21.79	16	40
3108063	3108158	96	19.58	19	78
3109008	3109070	63	5.65	5	28
3109845	3109957	113	54.65	31.5	182
3110234	3110774	541	81.39	67	290
3112140	3112259	120	22.93	11	153
3113376	3113430	55	36.00	38.5	41
3114954	3115047	94	23.65	19	43
3118727	3118818	92	0.33	0	3
3119893	3120102	210	4.60	4	10
3120976	3121069	94	0.51	0	5
3122273	3122346	74	27.26	29	36
3123949	3124049	101	37.42	40	74
3124779	3124863	85	55.59	16	474
3126031	3126042	12	55.83	54	75
3133488	3133644	157	1.27	1	19
3136192	3136347	156	2.43	1	7
3137119	3137120	2	3.00	6	6
3139164	3139223	60	18.52	19	22
3139527	3139639	113	1.94	1	4
3140168	3140264	97	6.16	7	9
3142514	3142527	14	4.21	5	5
3143377	3143460	84	4.12	1	12
3144085	3144135	51	5.82	7	8
3144223	3144366	144	10.31	11	26
3144790	3144800	11	14.18	16	17
3146091	3146094	4	9.00	12	12
3146698	3146892	195	1.65	1	17
3150161	3150623	463	1.70	1	34
3151860	3151954	95	11.69	6	70
3153125	3153175	51	3.00	2	16
3154831	3154961	131	26.38	3	351
3155982	3156069	88	52.81	38	111
3156736	3156853	118	1.48	2	2
3157235	3157253	19	0.00	0	0
3159503	3159611	109	4.14	4	6
3160830	3160846	17	2.94	3	4
3162023	3162163	141	16.80	5	52
3162692	3162860	169	100.53	89	282
3163848	3163865	18	6.56	7	9
3164703	3164839	137	9.28	1	126
3166316	3166446	131	57.63	29	146
3166732	3166803	72	35.31	9	97
3168780	3168894	115	1.75	1	16
3172182	3172233	52	47.37	3	221
3173089	3173108	20	169.15	179	192
3174444	3174456	13	154.69	168.5	179
3175018	3175525	508	21.05	4	198
3176132	3176138	7	19.29	23	24
3176430	3176562	133	67.21	7	418
3176686	3176757	72	253.99	289	352
3176830	3176984	155	33.52	3	113
3177843	3177848	6	3.83	5	5
3179196	3179228	33	9.82	1	41
3180374	3180683	310	3.32	3	7
3181023	3181029	7	5.43	7	7
3181795	3181831	37	2.35	3	3
3182717	3182732	16	2.38	2	5
3182964	3183268	305	7.96	3	42
3185879	3185941	63	29.67	14	102
3186410	3186608	199	39.14	1	290
3187512	3187514	3	17.67	26.5	28
3188118	3188609	492	3243.91	2296	7999
