#start	end	length	mean	median	max
1	158	158	7.55	0	28
1713	1794	82	32.16	17	70
2896	3046	151	2.34	0	14
5102	5272	171	0.00	0	0
5714	6499	786	2.93	0	28
9134	9364	231	1.44	0	11
10292	10393	102	26.08	14	61
11069	11090	22	0.00	0	0
11544	12106	563	5.53	0	25
12305	12416	112	23.99	27	50
12726	13340	615	31.77	21	117
13623	14080	458	401.63	0	5117
14429	14437	9	26.56	30	34
15209	15369	161	3.93	0	20
15895	15999	105	15.34	10	60
16654	16736	83	8.81	11	19
17058	17322	265	17.77	11	64
19498	19762	265	0.11	0	10
20084	20118	35	0.00	0	0
21249	21325	77	0.00	0	0
22280	22394	115	0.00	0	0
24408	24505	98	8.37	0	29
26239	26308	70	2.04	0	11
26948	27011	64	15.44	0	38
28855	28995	141	0.31	0	12
29851	29991	141	3.55	0	33
31054	31249	196	3.17	0	38
32165	32251	87	1.11	0	11
34163	34411	249	6.19	0	32
35738	36106	369	1.13	0	14
36458	36523	66	10.21	11	18
37802	39109	1308	3.44	0	56
39671	39690	20	0.00	0	0
40576	40681	106	13.53	16	35
42041	42156	116	16.72	19	29
42855	42973	119	4.30	0	27
44012	44214	203	1.30	0	15
47428	47440	13	41.38	41	58
47972	49538	1567	21.71	0	390
49926	50523	598	4.71	0	45
51655	51926	272	0.27	0	13
52242	52526	285	1.90	0	17
55668	57121	1454	14.36	0	218
58199	58574	376	66.80	0	733
59082	59487	406	83.56	53	288
59863	59980	118	35.03	24	84
60479	60496	18	36.61	36	44
61190	61830	641	14.49	13.5	48
63505	63620	116	3.96	0	22
64710	64749	40	11.25	15	23
66858	66921	64	1.86	0	14
68215	70213	1999	38.56	0	1071
71171	71314	144	32.26	27	83
74102	74782	681	1.90	0	45
75578	76564	987	0.00	0	0
77057	77088	32	47.56	43	66
78055	78812	758	0.42	0	16
79470	80405	936	0.00	0	0
81335	81988	654	2.88	0	46
85421	85955	535	0.87	0	19
86368	86664	297	6.63	0	25
87499	87552	54	0.00	0	0
88843	88900	58	0.00	0	0
90809	90858	50	0.00	0	0
92032	92164	133	0.00	0	0
94563	94578	16	0.00	0	0
97059	97255	197	7.21	0	39
98363	98396	34	0.00	0	0
98847	98877	31	0.00	0	0
99718	100458	741	8.78	0	46
101536	101617	82	0.00	0	0
102128	103397	1270	18.21	10	180
105567	105587	21	26.81	27	36
106131	106150	20	102.80	84	155
106796	106798	3	72.00	108	108
107396	107400	5	523.80	655	655
108514	108667	154	71.52	82	139
111062	111183	122	7.27	10	23
111817	112019	203	30.23	26	75
112641	112857	217	12.00	0	118
116051	116168	118	9.74	12	20
117231	117277	47	0.00	0	0
118169	118489	321	2.50	0	24
119684	119750	67	0.00	0	0
121158	121404	247	258.57	0	1533
122066	122258	193	0.00	0	0
123570	124549	980	0.00	0	0
125798	125834	37	0.00	0	0
127326	127546	221	21.74	0	325
128308	128353	46	9.54	0	29
130394	130989	596	1.79	0	14
132321	132346	26	0.00	0	0
132473	132574	102	0.00	0	0
133727	133903	177	32.32	29.5	64
134309	134371	63	21.16	26	50
135644	135830	187	10.27	11	24
136176	136191	16	16.50	19	20
136405	137770	1366	1.27	0	36
138995	139095	101	35.05	28	76
139474	139484	11	0.00	0	0
140157	140186	30	20.87	27	32
140700	140789	90	5.10	0	16
141210	141477	268	11.75	10	42
142483	142699	217	15.73	16	33
142901	142977	77	0.00	0	0
144061	144119	59	1.19	0	10
145638	145667	30	0.00	0	0
145815	145842	28	1.79	0	10
147340	147479	140	3.49	0	25
148107	148155	49	0.00	0	0
148690	148718	29	0.00	0	0
148863	148947	85	0.22	0	19
150226	150517	292	23.51	10	94
151895	152039	145	0.00	0	0
152862	152865	4	11.25	15	15
154433	156344	1912	3.95	0	64
157580	157761	182	2.19	0	33
159133	159158	26	0.00	0	0
159345	159348	4	0.00	0	0
160351	160451	101	1.78	0	10
161318	161370	53	0.00	0	0
162238	162893	656	9.05	0	149
163026	163143	118	188.26	60	1479
163936	164162	227	16.30	11	46
166764	167613	850	1.24	0	15
167803	167837	35	26.31	45	47
168303	168361	59	0.00	0	0
168740	168744	5	0.00	0	0
169120	169179	60	0.00	0	0
170064	170108	45	0.00	0	0
170973	171010	38	0.00	0	0
172119	172197	79	0.00	0	0
173023	173107	85	0.00	0	0
173861	174153	293	8.00	0	31
174517	174533	17	16.18	17	28
175281	175282	2	71.50	143	143
175790	175807	18	719.72	526	1261
176051	178638	2588	1.01	0	112
180043	180057	15	65.27	70	71
180733	180924	192	35.98	0	134
183080	183090	11	0.00	0	0
183736	183742	7	0.00	0	0
184511	184525	15	6.67	10	10
185210	185215	6	404.00	492	500
185417	185465	49	105.10	129	144
185787	185862	76	13.42	17	28
186184	186326	143	134.58	17	950
187389	188255	867	35.74	0	491
189372	189504	133	42.13	0	158
189769	189978	210	69.61	67	173
191833	191838	6	111.00	132	136
192772	192978	207	31.62	28	100
193246	193357	112	0.00	0	0
194648	194983	336	0.00	0	0
195947	195948	2	18.00	36	36
196834	196857	24	8.46	0	39
198256	198351	96	23.53	32	46
199816	200271	456	26.75	0	158
201529	201751	223	1.60	0	16
204134	204490	357	43.12	0	404
205142	205269	128	1.32	0	13
206089	206176	88	3.80	0	19
207702	208086	385	5.74	0	52
208708	208982	275	1.95	0	16
210117	210213	97	0.00	0	0
211195	211237	43	130.60	135	174
211766	211935	170	17.26	19	33
213529	213637	109	0.00	0	0
214031	214063	33	20.97	28	34
214829	214843	15	10.93	12	13
215579	215613	35	11.51	13	15
216250	216381	132	9.97	10	34
217882	218068	187	14.63	19	38
219125	219147	23	0.00	0	0
220675	220732	58	14.97	15	26
221726	222118	393	7.46	0	86
222458	222517	60	13.70	13	48
223892	223912	21	3.86	0	11
224780	224809	30	0.00	0	0
225633	225742	110	6.24	0	47
226274	226377	104	10.65	0	84
226834	227385	552	25.23	0	371
229270	229299	30	410.93	456	933
229720	230199	480	32.68	22	91
230443	230447	5	0.00	0	0
230832	231054	223	121.59	5	572
231442	231483	42	17.10	18	26
232939	232955	17	0.00	0	0
233784	233862	79	1.59	0	13
234250	234398	149	0.00	0	0
234924	235368	445	1.52	0	30
236542	236600	59	0.00	0	0
239070	239205	136	0.81	0	10
240490	240685	196	0.34	0	12
241256	241341	86	8.88	11	19
242287	242397	111	13.68	0	56
243016	243239	224	57.74	52	151
244518	244632	115	22.00	17	80
244834	244921	88	0.00	0	0
245951	246158	208	24.02	24	44
246690	246913	224	3.93	0	22
247852	247876	25	27.24	28	33
248171	248227	57	0.00	0	0
248390	248914	525	3507.84	0	41807
249698	249736	39	36.72	36.5	47
250607	250668	62	8.13	0	21
251278	251642	365	69.13	53	286
252027	252029	3	10.00	15	15
252621	253333	713	0.00	0	0
254366	254446	81	1.27	0	11
254870	254949	80	4.42	0	25
255424	255472	49	0.00	0	0
255794	255966	173	0.00	0	0
256684	256720	37	0.00	0	0
257654	260588	2935	1.22	0	45
261213	261273	61	0.82	0	10
261763	261864	102	23.42	21	36
263407	263602	196	21.51	0	233
265131	265146	16	0.00	0	0
266419	266451	33	14.36	16.5	23
266890	266896	7	14.86	17	18
267269	267328	60	43.77	15	92
268055	268098	44	33.14	21	55
268552	268664	113	7.81	0	29
269232	269248	17	4.53	0	17
270026	271015	990	7.21	0	73
272216	272293	78	12.10	12	30
277073	277604	532	0.70	0	25
279678	279749	72	3.14	0	21
281674	282854	1181	0.89	0	25
283173	283230	58	0.00	0	0
284008	284061	54	41.39	63	83
284539	284542	4	18.50	25	25
285539	285661	123	14.73	14	36
286079	286105	27	3.00	0	14
286670	286762	93	8.89	13	17
287645	288379	735	1.37	0	44
289250	289506	257	28.16	30	85
291043	291114	72	0.00	0	0
291853	292058	206	4.54	0	35
294242	294434	193	1.35	0	10
295443	295526	84	0.00	0	0
296640	296949	310	222.15	0	1998
298861	298880	20	17.65	18	22
299400	299548	149	765.46	577	1728
299744	299758	15	254.87	276.5	294
300116	300292	177	25.65	15.5	152
301346	301364	19	0.00	0	0
301776	302131	356	22.79	17	65
302375	302382	8	73.00	83	101
303130	303222	93	82.24	24	157
305584	305659	76	81.92	36	270
306252	306429	178	1.22	0	21
306913	307548	636	0.00	0	0
309983	310108	126	4.47	0	17
311394	311580	187	48.54	41	328
312028	312033	6	49.17	59	60
313829	313911	83	6.28	0	16
314851	314953	103	0.00	0	0
315554	315739	186	22.24	0	138
317411	318157	747	5.40	0	44
319775	319872	98	0.00	0	0
320263	320307	45	26.11	25	41
321043	321264	222	726.65	0	4879
321742	321871	130	219.87	0	713
322364	322375	12	0.00	0	0
322748	323454	707	9.57	0	207
323746	323876	131	239.92	0	684
324813	325072	260	0.83	0	31
325574	325627	54	23.09	0	68
326501	326608	108	0.00	0	0
326960	327040	81	11.70	16	22
327272	327645	374	34.82	0	159
328507	328605	99	46.72	0	140
329563	329798	236	53.46	0	340
331920	331994	75	9.27	0	32
332972	333110	139	6.99	0	36
334562	334759	198	278.19	56	1553
335690	337102	1413	31.88	14	787
337337	337538	202	5.29	0	30
338556	338703	148	3.95	0	26
340495	340638	144	7.98	0	26
341338	341525	188	194.14	0	809
342636	342671	36	133.86	158	171
343647	343652	6	73.33	88	89
344001	344007	7	40.43	47	48
344785	344812	28	19.14	24	41
345026	345128	103	32.58	24.5	71
345438	345439	2	14.00	28	28
346170	346194	25	43.04	45	48
346513	346734	222	10.00	0	51
347329	347354	26	54.12	55	72
348177	348178	2	15.50	31	31
349145	349425	281	1.44	0	11
349849	349868	20	38.70	42	46
350631	350704	74	112.65	25	404
353191	353267	77	4.83	0	16
354330	354394	65	2.94	0	17
356282	356284	3	0.00	0	0
358441	358467	27	0.00	0	0
358723	358829	107	11.27	0	38
360207	360483	277	25.26	13	78
360862	361087	226	1.57	0	15
365086	365164	79	0.00	0	0
366071	366357	287	74.84	0	1057
367889	367900	12	24.33	25	38
368654	368711	58	8.50	0	36
370092	370261	170	5.42	0	18
370769	370890	122	35.79	37	90
372304	372534	231	5.95	0	29
372895	373160	266	0.00	0	0
373737	373791	55	0.00	0	0
374498	374715	218	6.31	0	23
376681	376746	66	7.61	12	19
377365	377476	112	12.21	0	121
377759	377929	171	36.33	34	82
378944	379009	66	0.94	0	12
380165	380369	205	3.91	0	30
381141	381339	199	17.01	20	33
382003	382059	57	18.93	21	57
382816	382842	27	0.00	0	0
383731	383752	22	0.00	0	0
384317	384368	52	3.94	0	13
385143	385199	57	0.00	0	0
385848	385861	14	9.29	10	12
386900	386945	46	0.00	0	0
388323	388381	59	2.46	0	21
388568	388661	94	595.98	792	1058
389811	389911	101	31.22	24	65
391214	391451	238	1.81	0	43
392289	392505	217	8.60	0	51
393151	393676	526	15.44	13	64
394415	394472	58	21.28	18	36
395433	395498	66	9.18	11	19
396501	396577	77	0.00	0	0
398120	398237	118	0.00	0	0
399087	400708	1622	11.98	0	353
403805	403846	42	0.00	0	0
406136	406139	4	9.00	12	12
406440	406686	247	456.19	0	1840
406888	407188	301	59.08	0	424
408518	408673	156	5.37	0	86
409178	409226	49	29.67	29	39
409938	410008	71	0.00	0	0
411707	412066	360	1.81	0	12
413423	413597	175	24.65	24	40
413919	414025	107	90.96	48	289
414977	415004	28	14.89	16	19
415488	415589	102	3.62	0	15
416175	416314	140	4.80	0	16
417047	417114	68	13.71	0	47
417679	417776	98	0.61	0	10
418164	418217	54	0.00	0	0
419115	419147	33	4.52	0	11
420603	420754	152	29.74	20	74
421382	421384	3	21.67	32.5	33
422678	422807	130	2.82	0	29
423462	423519	58	0.00	0	0
423742	423972	231	0.00	0	0
424108	425227	1120	9.01	0	160
425516	426077	562	0.00	0	0
426618	426785	168	0.00	0	0
427707	427787	81	0.00	0	0
428427	428483	57	1.93	0	10
429273	429657	385	102.64	0	996
430447	430571	125	11.41	0	60
431406	433711	2306	17.22	15	108
434291	434302	12	15.17	18	19
435146	435486	341	278.44	120	1619
436468	436536	69	36.94	41.5	68
437107	437234	128	48.53	35	149
438402	438552	151	1.19	0	14
440077	440134	58	4.57	0	23
441209	441351	143	0.00	0	0
442171	443376	1206	16.44	11	97
443707	444038	332	88.87	37	357
444546	445523	978	28.22	17	130
446928	447237	310	31.99	17	130
447901	447934	34	12.65	16	17
450586	450657	72	1.83	0	11
450964	451839	876	1.16	0	30
452290	452363	74	39.89	27	93
453549	453862	314	5.31	0	28
454640	455172	533	1050.29	24	10376
456367	456724	358	5.01	0	25
456992	457188	197	5.32	0	25
457870	457882	13	0.00	0	0
458417	458529	113	0.00	0	0
458743	458796	54	0.00	0	0
459465	459606	142	0.00	0	0
460291	460361	71	0.00	0	0
460733	460948	216	0.00	0	0
461234	461421	188	0.00	0	0
462168	462202	35	0.00	0	0
462401	462600	200	0.00	0	0
463446	463488	43	32.16	25.5	70
463924	464038	115	5.46	0	13
464753	465139	387	0.00	0	0
465458	465464	7	0.00	0	0
465858	465977	120	0.00	0	0
468398	468416	19	0.00	0	0
468699	468739	41	0.00	0	0
469232	469410	179	0.00	0	0
469558	469695	138	0.00	0	0
470462	470507	46	17.46	24	27
470913	471137	225	55.94	19	222
471642	471964	323	1432.22	41	9423
472184	472478	295	7.42	0	46
472926	472989	64	0.00	0	0
476553	476622	70	0.00	0	0
477778	477820	43	0.00	0	0
479318	479326	9	0.00	0	0
479687	479691	5	0.00	0	0
480220	480369	150	0.00	0	0
481125	481152	28	0.00	0	0
481924	481986	63	0.00	0	0
482314	482327	14	0.00	0	0
482592	482593	2	0.00	0	0
484042	484045	4	23.75	32	32
484475	484504	30	47.03	58	67
484784	485025	242	135.55	133	410
489169	489282	114	0.00	0	0
489586	489592	7	0.00	0	0
490526	490590	65	169.02	143	485
490822	490831	10	13.70	15	17
491177	491178	2	29.50	59	59
491413	491621	209	26.74	0	224
492159	492161	3	0.00	0	0
492504	492679	176	0.00	0	0
492989	493003	15	0.00	0	0
493151	493182	32	0.00	0	0
496228	496289	62	9.60	0	32
496767	497110	344	1992.79	0	12371
498098	498359	262	10.92	12	30
498546	498788	243	10.29	0	132
499821	500438	618	3.58	0	31
501472	501652	181	0.28	0	10
503633	503724	92	0.00	0	0
505276	505290	15	0.00	0	0
505444	505528	85	0.00	0	0
507700	507712	13	0.00	0	0
509147	510722	1576	0.63	0	18
511095	512904	1810	9.81	0	64
514000	515355	1356	13.22	11	76
515809	515887	79	14.76	15	23
517276	517342	67	9.33	0	33
517898	518015	118	0.00	0	0
520077	520168	92	0.00	0	0
523106	523201	96	0.00	0	0
524159	524252	94	0.00	0	0
525117	525150	34	5.09	0	14
525511	525587	77	95.99	44.5	236
526065	526088	24	28.25	31	32
526779	526784	6	14.33	18	19
527658	527867	210	0.00	0	0
531486	531769	284	0.00	0	0
532718	532939	222	0.00	0	0
534431	534500	70	0.00	0	0
535896	535923	28	0.00	0	0
536110	536175	66	14.73	19	23
536734	536936	203	3.17	0	18
537588	540133	2546	8.43	0	167
541682	542107	426	6.66	0	57
543890	543909	20	117.30	124	128
544198	544444	247	27.49	24	76
546032	546183	152	152.77	73	501
548845	549543	699	54.50	0	646
551254	551318	65	15.22	10.5	64
551973	551984	12	12.08	13	14
552979	552982	4	0.00	0	0
553541	553868	328	4.25	0	30
555663	555791	129	34.53	32	64
557265	557596	332	16.57	16	60
559622	559801	180	2.00	0	20
560558	561639	1082	3.42	0	40
562354	563999	1646	0.10	0	11
565884	565940	57	9.37	11	17
568116	568256	141	7.73	0	42
569205	569362	158	479.91	110	2136
569729	569731	3	41.33	62	63
570032	570040	9	332.56	370.5	395
570269	570287	19	49.11	51	59
570738	571362	625	70.87	21	829
572167	572169	3	0.00	0	0
572914	572970	57	7.25	10	16
573241	573499	259	18.64	12	79
573980	574028	49	11.67	0	46
575238	575668	431	16.19	16	52
577898	578771	874	14.67	0	219
580083	580180	98	151.52	156	240
580793	580848	56	7.52	0	23
582112	582129	18	7.00	12	13
582889	582893	5	15.00	19	19
583986	584131	146	2.86	0	16
584441	584615	175	49.74	50.5	105
585765	586296	532	1.93	0	25
587041	588392	1352	7.27	0	49
588798	588995	198	5.09	0	126
589290	589320	31	115.74	105	191
591004	591158	155	49.70	45	108
591813	592047	235	0.00	0	0
593416	593891	476	29.20	13	122
594582	594651	70	0.00	0	0
596626	596806	181	22.10	0	130
597470	597524	55	0.00	0	0
598350	598439	90	15.51	20	34
599205	599469	265	8.49	0	58
599779	600311	533	9.53	0	154
602589	602882	294	16.05	13	51
604035	604157	123	2.24	0	20
604446	604488	43	33.93	19	69
604765	604934	170	16.94	12	69
606219	606267	49	40.90	41	81
606706	606722	17	0.00	0	0
607563	607586	24	0.00	0	0
607968	608131	164	20.09	23	51
608432	608467	36	0.00	0	0
608585	608659	75	2.67	0	10
612362	612422	61	5.43	0	14
615213	615337	125	0.00	0	0
617342	617566	225	12.44	10	41
618218	618438	221	0.00	0	0
621187	621286	100	3.20	0	25
621638	621688	51	0.00	0	0
621836	622049	214	72.40	44	226
622368	622456	89	26.19	29.5	48
622841	623655	815	51.49	37	203
623944	623951	8	14.38	16	18
625164	625194	31	0.32	0	10
625868	625990	123	429.95	63.5	1607
627161	627311	151	76.99	14	470
632344	632562	219	0.00	0	0
633481	633540	60	0.00	0	0
634445	634629	185	63.15	51	126
635872	635980	109	100.32	39	480
637172	637577	406	86.32	0	561
638076	638162	87	4.75	0	16
638715	638730	16	5.81	11	12
638929	639281	353	3.63	0	66
640668	640880	213	53.19	54	111
641943	641996	54	11.24	0	56
642327	642626	300	1.82	0	20
643098	643170	73	3.15	0	10
643990	644188	199	0.00	0	0
645542	646045	504	0.34	0	19
647585	647645	61	3.69	0	13
648696	648915	220	1.42	0	28
649546	649677	132	0.08	0	10
650686	650779	94	17.03	13	52
652208	652252	45	13.76	12	30
654625	654689	65	36.98	31.5	60
654978	655129	152	24.47	14	83
655781	655787	7	21.14	24	27
657129	657179	51	0.00	0	0
657606	657752	147	1.45	0	12
657936	657953	18	0.00	0	0
659208	659245	38	0.00	0	0
660113	660155	43	0.00	0	0
660969	661214	246	3.34	0	16
661998	662117	120	9.29	0	28
662957	662986	30	6.90	0	20
664055	664090	36	6.58	11	17
664820	664837	18	30.50	37	44
666107	666275	169	2.51	0	18
666915	666978	64	4.38	0	10
667231	667327	97	12.04	10	34
668735	669168	434	64.45	0	416
670336	670460	125	4.66	0	17
671136	671210	75	0.00	0	0
671934	672087	154	9.40	0	27
673366	673442	77	1.69	0	17
677003	677178	176	0.00	0	0
677329	677672	344	0.83	0	14
678447	678636	190	8.04	0	44
679429	679477	49	8.59	11	18
680885	680959	75	20.32	21	28
681326	684225	2900	2.86	0	55
687344	688650	1307	23.61	15	100
689959	690059	101	0.00	0	0
693084	693135	52	0.00	0	0
693367	693415	49	30.76	31	43
695169	695181	13	0.00	0	0
696022	696090	69	23.87	22	44
697690	697718	29	0.00	0	0
697986	698002	17	0.00	0	0
699092	708429	9338	0.50	0	19
708796	709173	378	10.88	10	34
710221	710376	156	0.00	0	0
711391	711636	246	0.00	0	0
711820	712010	191	4.27	0	28
712647	712858	212	6.89	0	64
714692	715213	522	23.96	0	351
716657	716810	154	32.18	31	73
718471	718521	51	33.84	37.5	42
719368	719595	228	3.56	0	20
721240	721255	16	35.75	40	40
721457	721458	2	0.00	0	0
722470	722516	47	0.00	0	0
722655	722895	241	0.73	0	12
723464	726766	3303	0.00	0	0
727313	727335	23	0.00	0	0
728236	728343	108	0.00	0	0
728554	728610	57	0.00	0	0
729262	729285	24	0.00	0	0
729568	729606	39	1.46	0	12
729868	731377	1510	0.00	0	0
732312	732448	137	0.00	0	0
732743	733056	314	9.26	0	41
734113	734184	72	6.72	0	21
736198	736219	22	0.00	0	0
736982	737183	202	4.81	0	24
738228	738882	655	12.68	0	179
739216	739298	83	12.40	13	25
741420	741516	97	0.00	0	0
743491	743636	146	5.90	0	55
743820	743832	13	14.77	16	17
744499	744500	2	0.00	0	0
745212	745261	50	0.00	0	0
745745	747668	1924	0.00	0	0
748575	748732	158	0.00	0	0
751153	751361	209	0.00	0	0
751974	752093	120	3.92	0	19
752754	752763	10	4.10	0	11
753625	753639	15	14.20	14.5	24
754072	754219	148	15.47	0	55
754910	755000	91	136.38	15	330
755145	755150	6	42.50	51	51
756180	756265	86	14.21	14	28
756572	756605	34	8.00	11	17
756744	756991	248	0.00	0	0
758222	758302	81	0.00	0	0
759929	760080	152	2.44	0	22
760453	760503	51	14.31	15	26
762040	762108	69	9.54	0	39
762724	762906	183	134.27	112.5	487
763156	763286	131	0.94	0	11
765220	765288	69	29.74	32	47
767032	767721	690	3.02	0	18
768721	768870	150	0.00	0	0
769438	769562	125	18.68	0	84
772603	772651	49	3.69	0	11
774384	774581	198	29.02	30	68
774951	775029	79	21.08	24	32
776950	776977	28	0.00	0	0
777332	777424	93	0.00	0	0
777935	777984	50	11.02	12	28
778159	778407	249	1.51	0	14
778828	778866	39	5.67	5	13
779524	779606	83	13.57	23	36
780012	780028	17	32.00	33	41
780974	781082	109	10.28	12	29
782151	782210	60	0.00	0	0
782611	782665	55	36.22	37	42
784212	784688	477	2.98	0	33
785151	785180	30	41.37	43	48
785652	785741	90	476.61	623	1025
786312	786350	39	0.00	0	0
788907	789055	149	5.81	0	40
790517	790590	74	5.62	0	18
790837	790854	18	16.78	19	19
793228	793664	437	750.85	70	4004
795740	795858	119	0.00	0	0
796747	796888	142	1.27	0	11
797468	797897	430	0.00	0	0
798978	802734	3757	0.00	0	0
804592	804635	44	0.00	0	0
805747	805844	98	0.00	0	0
806895	806914	20	0.00	0	0
807065	807103	39	1.13	0	11
808478	808541	64	47.97	53	65
808845	809471	627	21.91	14	121
809667	809678	12	0.00	0	0
810462	810537	76	21.71	30	35
811816	811915	100	26.65	27	52
812873	813086	214	106.36	17	836
813486	813555	70	38.04	43	65
813751	814565	815	27.71	24	90
814905	814962	58	10.79	11	14
815719	815759	41	42.22	45	50
816321	816372	52	8.25	10	23
816517	816595	79	23.62	12	52
818456	818628	173	0.71	0	13
819499	819575	77	0.00	0	0
820947	820971	25	0.00	0	0
821689	821856	168	9.02	0	34
822526	822901	376	22.70	16	95
823547	823588	42	0.00	0	0
823730	825811	2082	0.30	0	36
827143	827289	147	9.62	0	34
827575	827591	17	19.00	20	23
828486	828657	172	4.10	0	32
829786	829861	76	5.29	0	18
830711	830797	87	7.92	0	46
831458	831658	201	3.96	0	23
833210	834818	1609	16.25	12	106
836079	836256	178	0.06	0	10
839299	839466	168	20.43	0	129
840145	840175	31	0.00	0	0
840533	840822	290	1.48	0	13
840958	841710	753	30.58	25	160
842065	842122	58	30.98	13	70
842723	842816	94	17.96	14	36
843660	843667	8	13.25	15	16
844124	844151	28	187.32	202	224
844398	844640	243	35.17	0	515
845613	845773	161	65.99	45	232
845990	848530	2541	135.89	34	2657
848771	848839	69	24.20	28	58
850088	850162	75	14.65	12.5	35
850550	851491	942	9.51	0	52
852281	852433	153	0.00	0	0
853076	853096	21	21.67	25	28
855005	855028	24	0.00	0	0
855356	855506	151	0.00	0	0
856980	857065	86	8.24	10	23
858002	858004	3	0.00	0	0
858863	858881	19	0.00	0	0
860016	860064	49	0.00	0	0
860545	861697	1153	15.18	15	60
861899	861992	94	0.00	0	0
862182	862281	100	0.00	0	0
862885	863629	745	2017.39	42.5	11403
864449	864822	374	0.00	0	0
865147	865170	24	0.00	0	0
865722	865856	135	0.00	0	0
866937	867076	140	0.00	0	0
867623	867764	142	4.46	0	22
868023	868109	87	16.67	19	58
868269	868320	52	6.17	0	19
870010	870108	99	10.81	13	24
870526	870644	119	233.80	188.5	583
870924	871107	184	0.00	0	0
874939	875017	79	2.89	0	11
876017	876079	63	1.40	0	13
876260	876434	175	3.71	0	17
876564	876613	50	0.00	0	0
876776	878295	1520	2.66	0	35
878770	879162	393	5.40	0	43
880462	880541	80	0.00	0	0
881073	881131	59	0.00	0	0
882707	882769	63	0.00	0	0
884174	884458	285	0.00	0	0
887385	887535	151	36.48	28	132
887953	887954	2	0.00	0	0
888189	888396	208	18.89	17	56
889216	890631	1416	4.52	0	231
891520	891532	13	202.92	222.5	229
892697	892770	74	32.32	35	64
893056	893177	122	32.67	34	74
894609	894871	263	164.22	64	668
896051	896152	102	98.13	73	219
898979	899185	207	135.99	130.5	284
900467	900580	114	330.32	157	755
900827	900832	6	63.33	76	77
901559	901659	101	45.32	45.5	93
903421	903425	5	113.00	141	142
904136	904198	63	172.19	222	228
904406	904424	19	56.89	65	76
905826	906076	251	178.57	52	2408
906812	906916	105	339.64	105	1014
907079	907092	14	16.00	17	22
909367	909504	138	9.49	0	45
910381	910581	201	1.37	0	11
910855	910856	2	0.00	0	0
910980	911040	61	3.28	0	10
913144	914252	1109	1.03	0	55
914811	914855	45	67.73	76.5	150
916005	916025	21	0.00	0	0
916332	916341	10	0.00	0	0
916651	916654	4	0.00	0	0
917594	917599	6	0.00	0	0
918317	918323	7	0.00	0	0
918810	921444	2635	5.20	0	77
922318	922328	11	6.55	5.5	21
923523	923581	59	9.46	0	47
924801	926134	1334	0.23	0	12
928901	928933	33	0.00	0	0
929147	929778	632	0.00	0	0
929926	929927	2	0.00	0	0
931143	931181	39	17.18	21.5	35
931344	931346	3	0.00	0	0
932073	932156	84	8.18	0	67
932619	932838	220	49.05	34	162
933613	933859	247	0.00	0	0
935961	936054	94	0.00	0	0
937771	939734	1964	1.38	0	24
939993	940181	189	1.25	0	17
940926	941106	181	0.00	0	0
941806	941846	41	7.80	11	26
942516	942594	79	0.00	0	0
943075	943108	34	5.18	10	11
944527	944684	158	3.49	0	33
946168	946169	2	7.00	14	14
946467	946789	323	48.87	0	322
948014	948528	515	2.66	0	63
950368	950460	93	0.00	0	0
950929	951003	75	13.24	0	36
951829	951902	74	97.99	46	193
952383	952513	131	117.65	0	500
952796	952857	62	68.71	74	110
953122	953233	112	4.91	0	39
954599	957330	2732	19.92	14	143
957781	957831	51	24.84	24	42
958840	959238	399	6.81	0	41
960106	960875	770	7.16	0	62
961737	962110	374	2.95	0	17
963254	963368	115	0.00	0	0
963987	964022	36	0.00	0	0
964530	964626	97	3.70	0	22
965176	965460	285	39.91	17	141
965881	966014	134	15.63	11	56
968763	968909	147	2.58	0	12
970680	970868	189	25.82	19	58
972795	972836	42	2.24	0	14
973062	973187	126	0.68	0	11
973671	973679	9	0.00	0	0
974046	974074	29	0.00	0	0
974615	974782	168	0.00	0	0
975140	975274	135	0.00	0	0
976139	976190	52	0.00	0	0
976539	976975	437	0.00	0	0
977466	977472	7	0.00	0	0
977758	977879	122	0.00	0	0
978312	978514	203	7.83	10	30
979762	980159	398	33.39	34	88
980538	980748	211	31.37	15	124
981311	982211	901	0.00	0	0
984006	986455	2450	2.21	0	83
987629	987972	344	11.70	10	47
988519	988523	5	28.00	35	35
990018	990281	264	6.69	0	73
990480	990553	74	8.99	0	25
992531	992676	146	7.75	0	34
994063	994129	67	22.73	28	49
995051	995425	375	19.70	20.5	50
995948	995953	6	28.67	35	35
997334	997447	114	5.82	0	20
998069	998125	57	0.00	0	0
998468	999362	895	21.51	13	286
999744	1000963	1220	4.74	0	141
1001690	1001854	165	0.00	0	0
1003361	1003524	164	24.49	11	140
1003915	1004233	319	429.14	92	2706
1004777	1004859	83	47.95	40.5	88
1005868	1006129	262	21.00	0	209
1008707	1008780	74	7.39	0	20
1009993	1010083	91	4.70	0	22
1010291	1010484	194	0.00	0	0
1011289	1012690	1402	1.75	0	20
1012928	1012964	37	0.00	0	0
1013673	1013747	75	3.88	0	20
1014207	1014282	76	0.00	0	0
1014442	1014596	155	0.00	0	0
1015077	1015476	400	0.72	0	15
1017336	1017354	19	1.05	0	10
1018909	1019278	370	13.26	0	63
1020062	1020174	113	5.04	0	14
1021606	1022008	403	38.29	0	227
1022942	1023467	526	49.15	16	225
1025731	1025840	110	4.20	0	15
1026153	1026288	136	14.92	12	50
1027249	1027290	42	0.00	0	0
1028695	1028712	18	0.00	0	0
1029013	1029706	694	7.09	0	43
1030022	1030402	381	2.34	0	25
1030685	1030689	5	23.20	29	29
1031011	1031164	154	9.58	10	26
1031510	1035985	4476	21.94	0	251
1036331	1036788	458	35.41	12	258
1037233	1037285	53	11.64	10	47
1038105	1038225	121	10.57	11.5	23
1038682	1038826	145	33.70	44.5	70
1039961	1040335	375	5.52	0	82
1042559	1042857	299	5.94	0	107
1043176	1044119	944	35.68	0	395
1044285	1044446	162	1504.78	210	4387
1045477	1045493	17	0.00	0	0
1046636	1046643	8	0.00	0	0
1047115	1047172	58	0.00	0	0
1048466	1048488	23	0.00	0	0
1048885	1049093	209	0.00	0	0
1055025	1055026	2	0.00	0	0
1057636	1057848	213	0.00	0	0
1058320	1058421	102	0.00	0	0
1058635	1058673	39	0.00	0	0
1060924	1060925	2	0.00	0	0
1062421	1062477	57	0.00	0	0
1062718	1062719	2	0.00	0	0
1063032	1063206	175	0.00	0	0
1064991	1065118	128	0.00	0	0
1065612	1065651	40	0.00	0	0
1066144	1066184	41	0.00	0	0
1066467	1066485	19	0.00	0	0
1068972	1069091	120	0.00	0	0
1069317	1069491	175	0.00	0	0
1069810	1069892	83	0.00	0	0
1070079	1070259	181	0.00	0	0
1070905	1071066	162	26.19	0	253
1071604	1071606	3	17.00	25.5	26
1071964	1071982	19	0.00	0	0
1072199	1072683	485	22.34	0	111
1072882	1072916	35	0.00	0	0
1073663	1073805	143	0.00	0	0
1074136	1074306	171	0.00	0	0
1074723	1074793	71	0.00	0	0
1075478	1075619	142	0.00	0	0
1076288	1076341	54	0.00	0	0
1076555	1076667	113	0.00	0	0
1078059	1078086	28	0.00	0	0
1078279	1078571	293	232.27	0	1720
1079830	1079912	83	3.07	0	26
1081145	1082261	1117	0.00	0	0
1083345	1083351	7	0.00	0	0
1083646	1083648	3	0.00	0	0
1085486	1085600	115	0.00	0	0
1085877	1085885	9	0.00	0	0
1086102	1086189	88	0.00	0	0
1086391	1086406	16	0.00	0	0
1086716	1086788	73	0.00	0	0
1088269	1088666	398	1.48	0	15
1088871	1088967	97	16.96	21	35
1090126	1090273	148	5.06	0	26
1091042	1091145	104	2.31	0	13
1091395	1091448	54	20.94	21	29
1092253	1094182	1930	0.60	0	21
1095593	1096078	486	2.31	0	25
1096535	1096626	92	3.74	0	15
1097479	1097813	335	11.27	0	41
1099701	1100190	490	234.86	0	3241
1100341	1100402	62	30.85	36	43
1101207	1101266	60	0.00	0	0
1102134	1102248	115	1.57	0	10
1102684	1102722	39	0.00	0	0
1102879	1103016	138	0.00	0	0
1103977	1104971	995	0.00	0	0
1106055	1106061	7	0.00	0	0
1106356	1106358	3	0.00	0	0
1107937	1108605	669	0.00	0	0
1108888	1108897	10	0.00	0	0
1109093	1109099	7	0.00	0	0
1109442	1110896	1455	0.00	0	0
1111317	1114326	3010	16.56	13	96
1114471	1114849	379	23.17	0	94
1115297	1115386	90	29.18	33	43
1115684	1121382	5699	0.34	0	54
1121599	1123799	2201	47.64	0	573
1124136	1124289	154	90.40	0	351
1128244	1128344	101	0.00	0	0
1129461	1129601	141	0.00	0	0
1129911	1129937	27	0.00	0	0
1130130	1130144	15	18.53	22	23
1130895	1131130	236	0.42	0	10
1132583	1132670	88	0.00	0	0
1133577	1133859	283	3.80	0	19
1134490	1134510	21	8.86	13	16
1134727	1134873	147	0.00	0	0
1135216	1135217	2	5.00	10	10
1135908	1135976	69	6.03	0	18
1137195	1137256	62	0.00	0	0
1138664	1138853	190	0.00	0	0
1141813	1142044	232	0.00	0	0
1143617	1143684	68	4.40	0	13
1146913	1147034	122	0.00	0	0
1147995	1148342	348	4.98	0	33
1148451	1149326	876	0.00	0	0
1150353	1150418	66	20.88	16	43
1151007	1151401	395	8.82	0	39
1153694	1154087	394	18.43	14	164
1154865	1155020	156	1.93	0	28
1157868	1157887	20	0.00	0	0
1158527	1158532	6	0.00	0	0
1159664	1159775	112	0.00	0	0
1160810	1160953	144	3.69	0	33
1162586	1162699	114	0.00	0	0
1164368	1164440	73	1.79	0	12
1165590	1165668	79	106.44	0	492
1166140	1166273	134	46.19	21	139
1166655	1166815	161	100.03	88	251
1167773	1167863	91	7.62	0	27
1169583	1169663	81	8.60	11	22
1170435	1170479	45	81.22	119	127
1171380	1171530	151	5.88	0	26
1172245	1172768	524	273.00	0	3691
1173117	1173308	192	28.68	17	103
1173978	1173995	18	0.00	0	0
1174620	1174728	109	20.01	21	31
1175545	1175806	262	16.26	0	63
1176245	1176309	65	10.98	14.5	21
1177714	1177889	176	18.47	0	92
1180070	1180076	7	6.86	7.5	17
1180236	1180386	151	9.80	0	44
1182970	1183113	144	67.30	31	307
1184107	1184227	121	32.69	37	48
1185239	1185320	82	113.45	75	242
1185612	1185680	69	70.80	22	193
1186170	1186182	13	51.92	35.5	98
1187908	1188974	1067	37.77	0	339
1189626	1189706	81	84.63	90	109
1190370	1190463	94	85.93	84	132
1192635	1192682	48	0.00	0	0
1193760	1193955	196	0.00	0	0
1194688	1194765	78	11.37	10	41
1195633	1195869	237	1.68	0	32
1196299	1196311	13	0.00	0	0
1197176	1197228	53	26.49	23	66
1198279	1199031	753	543.80	32	5056
1199593	1199700	108	0.00	0	0
1200121	1200301	181	0.00	0	0
1200635	1200817	183	19.10	13	89
1201658	1201721	64	10.81	0	54
1202298	1202357	60	15.57	22	27
1203258	1203300	43	0.00	0	0
1204429	1204634	206	4.17	0	27
1207257	1207320	64	0.00	0	0
1207660	1208061	402	2.99	0	27
1208713	1209531	819	7.82	0	41
1209673	1209691	19	0.00	0	0
1210373	1210523	151	7.76	0	48
1212825	1212846	22	0.00	0	0
1214569	1214670	102	0.00	0	0
1215421	1215966	546	0.90	0	15
1216927	1217921	995	0.00	0	0
1219005	1219016	12	0.00	0	0
1219305	1219307	3	0.00	0	0
1221145	1221259	115	0.00	0	0
1221536	1221544	9	0.00	0	0
1221827	1221836	10	0.00	0	0
1222032	1222038	7	0.00	0	0
1222381	1224368	1988	0.00	0	0
1224771	1224812	42	0.00	0	0
1225992	1226095	104	2.50	0	22
1228205	1228724	520	36.53	0	318
1229901	1230080	180	0.62	0	12
1230834	1232380	1547	50.75	0	668
1232936	1234708	1773	25.49	21	141
1235021	1235043	23	36.17	35	47
1236148	1236498	351	1.93	0	45
1236946	1236960	15	35.07	39	40
1238476	1238489	14	25.79	28	30
1241319	1241480	162	0.00	0	0
1242819	1242894	76	8.38	0	24
1244233	1244377	145	4.86	0	60
1245002	1245068	67	6.09	0	21
1246485	1246813	329	1.58	0	23
1247540	1247600	61	7.48	10.5	20
1248087	1248517	431	3.94	0	31
1248800	1249110	311	1005.23	31	7435
1249573	1249796	224	22.13	16	63
1250853	1251142	290	0.00	0	0
1251323	1251396	74	7.03	0	31
1252750	1252766	17	20.71	22.5	24
1253037	1253163	127	16.48	0	65
1253899	1254038	140	3.83	0	31
1254948	1255044	97	16.75	0	124
1255753	1255894	142	0.00	0	0
1256546	1257495	950	2.17	0	21
1257787	1263559	5773	0.28	0	45
1263845	1263919	75	24.36	20	45
1265102	1265170	69	3.28	0	20
1267325	1267419	95	8.84	11	22
1267624	1267683	60	34.33	29	65
1268299	1268428	130	10.21	0	82
1269026	1269073	48	0.00	0	0
1269881	1269915	35	0.00	0	0
1270024	1270186	163	0.00	0	0
1271540	1271672	133	2.43	0	12
1272144	1274940	2797	1.66	0	22
1275592	1275618	27	53.63	57	71
1276309	1276588	280	0.00	0	0
1279545	1279546	2	0.00	0	0
1280063	1280068	6	0.00	0	0
1281249	1281421	173	22.20	21.5	56
1281779	1281811	33	7.36	0	22
1284662	1285804	1143	0.04	0	10
1285940	1286025	86	8.74	0	62
1286863	1287289	427	175.22	0	1484
1288481	1288502	22	0.00	0	0
1289589	1289737	149	2.31	0	18
1290836	1290928	93	23.97	35.5	53
1291352	1291427	76	8.58	0	28
1293411	1293479	69	4.93	0	20
1294086	1294169	84	2.00	0	26
1295463	1295537	75	40.15	32	99
1296534	1296660	127	52.41	14	240
1297735	1297826	92	0.00	0	0
1298595	1298599	5	20.40	25.5	26
1299590	1299658	69	5.86	0	18
1300340	1300530	191	18.90	12	59
1301866	1301994	129	8.56	10	19
1302847	1302988	142	13.68	0	50
1303880	1303972	93	22.41	32	38
1306073	1306138	66	21.30	24	43
1307615	1307636	22	28.41	31	34
1308150	1308158	9	331.00	373	376
1308498	1308543	46	16.28	26	27
1308709	1308788	80	0.00	0	0
1309536	1309780	245	10.19	0	55
1310345	1311100	756	0.00	0	0
1312241	1312529	289	754.71	0	4575
1313292	1313294	3	0.00	0	0
1314357	1314592	236	0.00	0	0
1315928	1317125	1198	7.22	0	44
1317918	1318343	426	14.94	0	237
1320694	1320973	280	0.88	0	25
1321259	1321288	30	11.40	13	13
1321436	1321638	203	5.88	0	79
1323040	1323094	55	33.47	25.5	84
1326296	1326309	14	17.21	13	38
1327546	1327797	252	25.04	13	97
1328428	1328522	95	0.00	0	0
1328778	1329066	289	13.24	0	125
1330633	1330702	70	31.30	11	105
1333907	1334009	103	0.00	0	0
1335417	1335762	346	3.95	0	55
1337080	1337105	26	172.15	176	202
1337274	1337280	7	227.57	264	276
1337890	1337918	29	357.90	377	414
1339362	1339677	316	48.13	0	673
1341424	1341451	28	2.64	0	13
1341917	1342419	503	9.83	0	41
1342852	1342856	5	96.40	120	127
1343565	1343584	20	17.90	17	24
1344434	1344691	258	2.53	0	16
1345328	1345401	74	15.92	14	50
1346041	1346185	145	19.82	13	61
1348397	1348462	66	0.00	0	0
1348838	1348908	71	13.45	5	57
1349972	1350800	829	20.95	10	100
1351503	1351640	138	0.00	0	0
1352181	1352309	129	9.27	10.5	27
1352535	1352595	61	24.74	28	38
1353260	1353558	299	2.77	0	24
1355912	1355917	6	0.00	0	0
1356857	1356998	142	0.00	0	0
1357650	1357718	69	0.00	0	0
1360088	1360223	136	4.29	0	17
1362466	1368672	6207	0.54	0	26
1369918	1370072	155	23.44	14	84
1370457	1370510	54	171.13	164	302
1371048	1371196	149	39.94	46	76
1372295	1372808	514	2469.26	124	15910
1373289	1373337	49	5.84	0	26
1374297	1374585	289	13.10	0	79
1376077	1376152	76	9.61	14	19
1376804	1377043	240	14.84	0	112
1378385	1378389	5	69.00	86.5	87
1380389	1380390	2	18.00	36	36
1381015	1381020	6	127.33	153	154
1381612	1381627	16	34.94	40	42
1382843	1383026	184	0.00	0	0
1383192	1383361	170	0.00	0	0
1384415	1384442	28	0.00	0	0
1384656	1384781	126	28.75	32	58
1385358	1385542	185	17.75	11	118
1386359	1386564	206	14.46	14	34
1388074	1388727	654	21.71	21	61
1389064	1389198	135	99.44	31	454
1389907	1390071	165	7.42	0	107
1390342	1390551	210	14.09	0	103
1392478	1392702	225	4.81	0	83
1394621	1394679	59	0.00	0	0
1395655	1396209	555	1.66	0	20
1396909	1397101	193	135.10	64.5	315
1397708	1397889	182	62.98	40	216
1398514	1399953	1440	14.14	0	140
1402141	1402282	142	8.03	0	52
1403066	1403166	101	28.27	36.5	68
1405099	1405166	68	23.65	12	55
1406343	1406570	228	6.77	0	52
1406958	1407233	276	655.00	0	4053
1408278	1408580	303	57.71	0	587
1412227	1412493	267	51.67	25	147
1413617	1413741	125	0.00	0	0
1414548	1414818	271	12.00	0	61
1416403	1416570	168	28.73	25	70
1416772	1416889	118	20.40	0	98
1417385	1417468	84	13.55	15	22
1418657	1419714	1058	1.99	0	69
1421224	1421380	157	0.00	0	0
1422632	1423092	461	21.79	0	246
1424887	1425018	132	8.89	0	47
1425690	1425713	24	0.00	0	0
1425969	1425992	24	0.00	0	0
1426170	1426489	320	17.20	0	129
1427030	1427070	41	0.00	0	0
1427431	1427460	30	0.00	0	0
1427638	1428737	1100	26.47	0	652
1429149	1429168	20	0.00	0	0
1430747	1430909	163	2.21	0	16
1432050	1432196	147	16.63	15	41
1433028	1433075	48	0.00	0	0
1433202	1433318	117	11.32	15	20
1434855	1434860	6	11.33	13	15
1435242	1435323	82	47.10	78	90
1436707	1436916	210	15.24	14	62
1437493	1437733	241	9.34	0	85
1438643	1439309	667	31.45	0	497
1439667	1439689	23	7.74	11.5	15
1440203	1440880	678	5.82	0	35
1441124	1441349	226	0.04	0	10
1441977	1443639	1663	20.86	0	250
1445055	1445066	12	21.50	23	25
1446207	1446431	225	1.32	0	13
1447506	1447711	206	14.83	13	44
1449176	1449375	200	18.07	16	44
1450297	1450397	101	26.29	34.5	58
1452288	1452456	169	6.07	0	43
1452739	1452890	152	5.38	0	21
1454439	1454442	4	0.00	0	0
1454695	1454754	60	24.53	24	34
1455490	1455597	108	0.71	0	13
1456744	1456905	162	49.15	36	157
1457167	1457472	306	15.23	0	89
1458613	1460227	1615	11.91	0	238
1462964	1463052	89	15.84	0	51
1465162	1465246	85	16.28	0	57
1465388	1465499	112	6.12	0	37
1465659	1467068	1410	2.94	0	71
1468176	1468906	731	4.38	0	52
1469717	1469907	191	1.18	0	18
1471614	1471643	30	6.63	11	12
1472514	1472561	48	3.90	0	23
1473702	1473752	51	14.63	15	23
1474975	1475058	84	2.39	0	18
1475434	1475485	52	25.29	27	34
1476212	1476266	55	6.91	0	20
1477008	1477046	39	43.54	32	103
1479247	1479532	286	0.26	0	11
1480406	1481444	1039	0.26	0	16
1482279	1482947	669	0.00	0	0
1484715	1484774	60	7.12	0	19
1487110	1487120	11	9.09	10	10
1487823	1487851	29	0.00	0	0
1489049	1493756	4708	0.00	0	0
1494543	1494696	154	0.00	0	0
1495843	1495929	87	0.00	0	0
1496806	1497425	620	0.00	0	0
1498734	1498871	138	58.36	28	126
1500048	1500168	121	31.10	24	142
1501411	1501498	88	5.40	0	23
1503129	1503242	114	35.77	13	85
1504761	1504806	46	42.35	16	115
1505872	1505877	6	0.00	0	0
1507174	1507327	154	15.82	17	28
1508663	1508749	87	5.21	0	18
1509128	1509254	127	30.09	36.5	54
1510335	1510581	247	2.38	0	14
1512117	1512243	127	7.10	10	22
1513888	1513912	25	17.12	20.5	26
1515389	1515415	27	16.81	16	22
1517162	1517224	63	30.25	30	38
1517486	1517514	29	64.31	68.5	72
1518921	1519201	281	32.47	0	164
1520447	1520889	443	533.00	0	4522
1521709	1521743	35	31.06	32	38
1522386	1522390	5	28.40	35.5	36
1523258	1523359	102	29.93	35	42
1524854	1524869	16	51.31	55	57
1525524	1525687	164	203.48	124	578
1527203	1532252	5050	15.80	10	247
1532613	1532653	41	0.00	0	0
1532990	1533129	140	0.00	0	0
1533346	1533467	122	1.23	0	10
1534143	1534232	90	3.78	0	19
1534377	1534418	42	0.00	0	0
1535187	1535248	62	0.00	0	0
1535528	1535586	59	12.05	13	21
1535770	1535782	13	0.00	0	0
1536032	1536264	233	0.00	0	0
1537144	1537221	78	62.41	86	93
1538158	1538361	204	12.22	0	38
1539472	1539525	54	14.81	16	30
1541032	1547576	6545	1.91	0	176
1549251	1549312	62	11.24	11	25
1550745	1551326	582	12.28	13	38
1551489	1551521	33	5830.48	6295.5	6377
1552230	1552595	366	955.56	0	3864
1553544	1553658	115	14.94	14	45
1554391	1554527	137	64.15	84	170
1555947	1556188	242	11.90	0	49
1557761	1557792	32	85.72	90	139
1557988	1558057	70	0.00	0	0
1559186	1559306	121	0.00	0	0
1560246	1560251	6	0.00	0	0
1562239	1562940	702	81.81	46	550
1563355	1563492	138	77.19	67	177
1564168	1564175	8	0.00	0	0
1564572	1564604	33	141.91	151	163
1564980	1565112	133	1.50	0	10
1565848	1565921	74	0.00	0	0
1566264	1566513	250	4.19	0	22
1566784	1566906	123	2.18	0	18
1567450	1567855	406	10.91	0	41
1568255	1568598	344	15.33	0	126
1570261	1570368	108	23.40	15	65
1571922	1572072	151	1.64	0	15
1573582	1573801	220	1.52	0	25
1574609	1574613	5	20.80	26	26
1575313	1575326	14	7.14	10	10
1575567	1575854	288	27.36	0	229
1576587	1576659	73	1.10	0	10
1578310	1578350	41	2.07	0	11
1579404	1579421	18	40.56	43	46
1580475	1580934	460	23.95	25	70
1581820	1581891	72	3.36	0	16
1582936	1583027	92	13.48	11	44
1584180	1584231	52	1.27	0	22
1584496	1584605	110	4.96	0	21
1586732	1586844	113	0.00	0	0
1587058	1587111	54	0.00	0	0
1587780	1587921	142	0.00	0	0
1588423	1588676	254	0.00	0	0
1589108	1589262	155	0.00	0	0
1589548	1589735	188	18.46	0	97
1589934	1590176	243	8.02	0	79
1590591	1590601	11	197.55	217	250
1591247	1591368	122	17.56	0	76
1591768	1591872	105	32.80	42	88
1592053	1592224	172	24.34	0	147
1593041	1593315	275	0.00	0	0
1594069	1594481	413	4.31	0	22
1594800	1594974	175	0.00	0	0
1595748	1596025	278	1.26	0	12
1596239	1596418	180	1.12	0	14
1597034	1597105	72	0.00	0	0
1597259	1597351	93	0.00	0	0
1597844	1597883	40	0.00	0	0
1598385	1598473	89	0.00	0	0
1599047	1599377	331	0.00	0	0
1600338	1600890	553	0.00	0	0
1601212	1601334	123	0.00	0	0
1602418	1602429	12	0.00	0	0
1602718	1603893	1176	0.00	0	0
1604176	1604178	3	0.00	0	0
1605364	1605580	217	0.00	0	0
1606535	1606827	293	0.00	0	0
1607365	1607367	3	0.00	0	0
1607710	1608228	519	1.53	0	38
1608607	1608809	203	105.34	28	304
1609806	1610150	345	1976.42	41	17459
1610325	1610654	330	73.03	0	928
1611144	1611219	76	61.61	68	96
1611976	1612047	72	224.29	205	499
1612912	1612962	51	40.82	20.5	128
1613239	1613240	2	36.50	73	73
1613529	1613533	5	1157.20	1448	1462
1614062	1617305	3244	15.21	0	136
1618473	1618485	13	19.38	20	27
1618798	1618902	105	18.29	20	24
1619077	1619109	33	75.88	83	95
1620106	1620352	247	33.52	28.5	120
1621136	1621292	157	27.23	32	45
1622112	1622323	212	3.67	0	15
1623965	1624475	511	26.09	0	312
1625706	1625781	76	6.61	0	38
1627471	1627558	88	42.33	32	115
1629233	1629572	340	239.02	19	1787
1630017	1630022	6	60.00	75	76
1630995	1631220	226	28.73	0	192
1631527	1631553	27	266.22	279.5	343
1631824	1632060	237	9.56	0	36
1633243	1633433	191	5.63	0	26
1633587	1633620	34	340.09	345	693
1633852	1633925	74	183.11	98	638
1635625	1635650	26	6.96	10	15
1636833	1637093	261	5.54	0	32
1637565	1637641	77	0.00	0	0
1638326	1638677	352	28.84	13	138
1641013	1641215	203	1.08	0	11
1642683	1644373	1691	27.36	14	315
1645157	1645170	14	58.21	66	70
1645645	1645676	32	2.28	0	11
1646163	1646232	70	6.16	12	13
1647286	1655424	8139	0.39	0	78
1656229	1656450	222	39.82	29	142
1657819	1658076	258	74.92	34	213
1658530	1658586	57	8.86	10	29
1660016	1660137	122	0.00	0	0
1660333	1660383	51	0.00	0	0
1660780	1660889	110	2.14	0	15
1663087	1663269	183	0.78	0	12
1665418	1665455	38	0.00	0	0
1666068	1666205	138	2.34	0	19
1668072	1668153	82	13.07	23	28
1669522	1669595	74	6.23	0	21
1670226	1670356	131	0.23	0	10
1672262	1672743	482	11.94	11	45
1673743	1673846	104	10.67	0	28
1676250	1676321	72	32.18	28	64
1677324	1677382	59	17.24	15	41
1678085	1678524	440	5.28	0	37
1680061	1680195	135	0.00	0	0
1681986	1682050	65	0.82	0	11
1684352	1684390	39	0.00	0	0
1685690	1686073	384	1.33	0	11
1688330	1688396	67	0.00	0	0
1688859	1688988	130	0.00	0	0
1689673	1689735	63	0.00	0	0
1690060	1690143	84	20.95	15	45
1690726	1690727	2	0.00	0	0
1690863	1690891	29	5.72	0	14
1692746	1692752	7	0.00	0	0
1693674	1693788	115	3.61	0	20
1694891	1695009	119	3.29	0	19
1695358	1695420	63	0.00	0	0
1696864	1696875	12	34.00	40	41
1698370	1698485	116	18.03	19	41
1699647	1699832	186	19.12	16	39
1701855	1701859	5	47.80	57.5	70
1702831	1702844	14	34.21	37	39
1703322	1703404	83	37.36	18	81
1704479	1704483	5	14.00	17.5	18
1706743	1707457	715	23.28	14	160
1708757	1709148	392	29.05	27	155
1709620	1709621	2	15.00	30	30
1711459	1711473	15	33.87	38.5	40
1712301	1712795	495	5.48	0	57
1714888	1715117	230	62.85	42	130
1715463	1715637	175	0.00	0	0
1715836	1716171	336	0.00	0	0
1716484	1716627	144	0.00	0	0
1718833	1719258	426	0.88	0	16
1721947	1722142	196	0.00	0	0
1722476	1722491	16	0.00	0	0
1722963	1723161	199	0.00	0	0
1724167	1724400	234	54.25	0	266
1724635	1724793	159	26.81	22	67
1726039	1728024	1986	9.32	0	73
1729153	1730756	1604	2.42	0	40
1732269	1732786	518	6.12	0	54
1733351	1733574	224	0.00	0	0
1734736	1735318	583	7.95	0	67
1737353	1737442	90	1.56	0	11
1738433	1738580	148	11.94	10	38
1740969	1741069	101	0.00	0	0
1742453	1743698	1246	768.58	11	21456
1745649	1745796	148	0.00	0	0
1746634	1746834	201	0.00	0	0
1747864	1747903	40	0.00	0	0
1748060	1748120	61	0.00	0	0
1748844	1748915	72	8.86	11	21
1749348	1749576	229	9.89	0	63
1749952	1749963	12	0.00	0	0
1750771	1751412	642	21.15	15	95
1752583	1752735	153	5.62	0	31
1753726	1753809	84	22.11	28	54
1754113	1754220	108	42.13	32	83
1756978	1757209	232	11.00	13	26
1758200	1758360	161	27.25	0	96
1759786	1759969	184	9.51	0	77
1761854	1761923	70	1.71	0	10
1762506	1763255	750	3.24	0	21
1764027	1764128	102	1.46	0	13
1764750	1764846	97	8.04	0	45
1765420	1765475	56	477.82	757	800
1766703	1767622	920	7.59	0	39
1768646	1768789	144	19.44	12	83
1769345	1769402	58	172.02	53	476
1770147	1770151	5	65.20	81	92
1770947	1771004	58	31.67	12	77
1772187	1772223	37	13.14	14	31
1773562	1773620	59	88.00	73	198
1775997	1776007	11	5.91	6.5	13
1776563	1776597	35	4.06	0	12
1777639	1777676	38	9.74	11	13
1778124	1778332	209	96.93	33	384
1779017	1779061	45	3.56	0	14
1779836	1780300	465	4.34	0	199
1781690	1781770	81	107.58	132.5	166
1783028	1783134	107	6.92	0	38
1785970	1786048	79	4.33	0	14
1786511	1787383	873	0.14	0	11
1788179	1788697	519	697.95	0	7532
1789742	1790264	523	45.47	0	1164
1791183	1791188	6	47.17	57	57
1791450	1791455	6	258.17	316	319
1792269	1792299	31	158.45	159.5	181
1793011	1793159	149	18.85	11	129
1793526	1793551	26	140.31	151	174
1794536	1794563	28	148.25	124	409
1795182	1795203	22	110.09	104	208
1795597	1795618	22	216.95	224	279
1795979	1796180	202	650.32	716	1411
1796397	1796403	7	176.43	205.5	264
1797712	1797725	14	1564.71	1589	1869
1798158	1798161	4	164.00	217	225
1798856	1798876	21	504.52	518.5	829
1799228	1799243	16	245.81	128	894
1799775	1799790	16	363.88	374	540
1800181	1800198	18	461.72	545	548
1800502	1800506	5	217.40	270	279
1801044	1801055	12	287.67	326	351
1801377	1801390	14	80.29	94	99
1801757	1801980	224	708.04	258	2596
1802242	1802243	2	13.50	27	27
1802433	1802434	2	179.50	359	359
1803525	1803536	12	94.67	84	156
1803864	1803874	11	26.73	29.5	49
1804151	1804158	8	64.12	76	78
1804990	1804997	8	735.62	835	860
1805927	1805928	2	193.50	387	387
1806571	1806790	220	108.03	0	468
1806980	1807358	379	4.29	0	114
1807668	1807687	20	226.15	237	261
1808870	1808959	90	938.86	1402	1747
1811063	1811083	21	168.90	180.5	194
1811552	1811671	120	141.35	136	296
1812041	1812221	181	37.19	0	336
1812369	1812377	9	0.00	0	0
1813519	1813760	242	0.00	0	0
1814820	1815109	290	5.11	0	45
1819283	1819437	155	47.40	48	79
1823614	1823806	193	49.04	19	355
1824176	1824235	60	1160.92	1132	2031
1824734	1824963	230	736.80	328	2754
1825657	1825658	2	332.50	665	665
1826091	1826193	103	337.41	379.5	660
1826728	1826731	4	103.00	138	139
1827008	1827206	199	3301.54	19	13867
1828389	1828807	419	650.85	267.5	2591
1829057	1829181	125	3.30	0	27
1829749	1829853	105	7.82	0	46
1830190	1832026	1837	18.83	0	173
1834331	1834410	80	11.43	18	28
1834870	1834897	28	24.00	24	28
1836083	1836175	93	10.65	0	75
1839564	1839565	2	9.50	19	19
1841388	1841468	81	42.83	48	82
1842393	1842482	90	67.59	65	114
1842984	1843058	75	18.07	0	84
1843254	1843283	30	34.80	17	113
1844619	1844693	75	7.85	0	45
1844856	1845041	186	4.33	0	13
1845690	1845753	64	6.23	0	20
1846210	1846221	12	35.75	38	42
1847140	1847377	238	23.63	21	92
1848218	1848737	520	15.78	15	69
1848972	1849021	50	41.18	55	70
1849610	1849887	278	63.42	17	294
1850437	1851527	1091	21.24	11	144
1852998	1854668	1671	0.74	0	16
1855089	1855268	180	0.68	0	17
1855416	1855435	20	0.00	0	0
1855631	1855642	12	16.17	19	21
1856657	1856757	101	5.75	0	18
1857970	1858224	255	37.84	0	239
1858504	1859710	1207	9.38	0	63
1861710	1861742	33	8.42	12	14
1864014	1864134	121	1.40	0	36
1865149	1865151	3	0.00	0	0
1866190	1866296	107	0.09	0	10
1867161	1867901	741	3.25	0	35
1869918	1870114	197	30.24	0	129
1871234	1872223	990	3.57	0	22
1872515	1878577	6063	0.24	0	35
1878992	1879144	153	7.09	0	41
1879934	1879984	51	0.00	0	0
1880390	1880391	2	0.00	0	0
1881076	1881197	122	158.53	15	552
1882239	1882404	166	26.81	29	46
1883629	1883747	119	2.09	0	17
1885896	1886379	484	2.45	0	22
1886662	1891119	4458	11.59	0	199
1891510	1891591	82	15.17	0	61
1893038	1893102	65	34.58	25	85
1894372	1894414	43	0.00	0	0
1894862	1894896	35	13.63	15	18
1895869	1896235	367	23.22	0	218
1897487	1897569	83	46.49	19	120
1898761	1898814	54	13.96	0	36
1899061	1899155	95	8.60	5	22
1900718	1900913	196	44.35	0	298
1901394	1901519	126	31.60	0	183
1902524	1902641	118	38.16	0	168
1904034	1904056	23	0.00	0	0
1904450	1904455	6	24.50	27	43
1904945	1904952	8	14.62	16	21
1905079	1905222	144	0.00	0	0
1907815	1908250	436	7.17	0	118
1909253	1909406	154	20.55	0	148
1910085	1910546	462	199.98	69	919
1911180	1911218	39	5.97	5	16
1912185	1912412	228	25.71	0	103
1913160	1913172	13	121.62	126	170
1914106	1914831	726	20.46	18	103
1915033	1915306	274	11.92	10	42
1916576	1916611	36	32.31	23	82
1917212	1917228	17	0.00	0	0
1917742	1917895	154	0.00	0	0
1918316	1918567	252	0.00	0	0
1918745	1918752	8	0.00	0	0
1919338	1919361	24	0.00	0	0
1920938	1921057	120	25.43	19	69
1921394	1921469	76	247.33	346	388
1921917	1922249	333	11.43	0	103
1923150	1923254	105	12.52	12	45
1924356	1924515	160	3651.08	1152	10264
1924726	1924853	128	2072.39	787	5750
1925112	1925125	14	0.00	0	0
1926581	1927363	783	0.83	0	14
1931531	1931587	57	21.44	21	31
1933493	1933805	313	23.83	15	102
1935033	1935185	153	105.01	62	221
1936473	1936474	2	0.00	0	0
1936676	1936945	270	0.70	0	10
1937210	1937604	395	6.42	0	21
1938946	1939072	127	3.94	0	24
1939871	1939912	42	3.95	0	12
1940897	1942503	1607	2.57	0	29
1942876	1943051	176	39.92	41	73
1943406	1944696	1291	18.41	0	116
1945054	1947206	2153	4.11	0	42
1947414	1947492	79	10.25	13	26
1947850	1947856	7	8.57	10	10
1949351	1949392	42	0.00	0	0
1950353	1950485	133	7.22	0	34
1951203	1951421	219	15.20	0	180
1952274	1952404	131	27.74	14	93
1953131	1953305	175	24.26	22	74
1953537	1953538	2	0.00	0	0
1954196	1954258	63	0.00	0	0
1954847	1955232	386	106.74	0	378
1956697	1956885	189	42.80	45	111
1957444	1957497	54	0.00	0	0
1957795	1957895	101	40.60	48	96
1958673	1958714	42	0.00	0	0
1959363	1959372	10	5.30	0	14
1959979	1960044	66	3.74	0	16
1960636	1960642	7	49.71	56.5	65
1960988	1961036	49	1.59	0	16
1961910	1961934	25	10.64	14	18
1962754	1962755	2	20.50	41	41
1963908	1963963	56	12.86	0	64
1965958	1965975	18	0.00	0	0
1967395	1967567	173	3.70	0	15
1968676	1968687	12	0.00	0	0
1969216	1969310	95	13.86	13	23
1970424	1970600	177	25.61	0	118
1971180	1971243	64	19.70	26	36
1972096	1972737	642	327.45	10	2255
1975017	1975131	115	3.24	0	15
1975954	1976164	211	271.32	86.5	985
1976285	1976421	137	0.00	0	0
1976656	1976688	33	0.00	0	0
1977475	1977555	81	0.00	0	0
1977748	1978171	424	1.34	0	14
1978787	1978810	24	0.00	0	0
1981132	1981420	289	2.75	0	16
1982861	1983006	146	4.27	0	58
1984322	1984325	4	66.25	88	90
1985055	1985169	115	207.43	148	433
1986022	1986402	381	6.75	0	75
1987258	1987345	88	26.55	0	102
1988732	1988734	3	66.00	99	99
1988957	1989066	110	97.65	92	204
1989259	1989358	100	43.51	24	102
1990127	1990244	118	9.59	11	25
1992996	1993120	125	44.36	21	180
1994108	1994163	56	26.18	11	76
1994491	1994503	13	30.08	32.5	35
1994807	1995171	365	3568.11	804.5	18409
1995601	1995615	15	1438.93	1368	2333
1996006	1996388	383	7.46	0	125
1996881	1997075	195	0.94	0	12
1998003	1998133	131	0.00	0	0
1998881	1999005	125	28.97	31	74
1999585	1999605	21	129.43	134	150
2000953	2000969	17	336.76	362.5	379
2001756	2002089	334	3.14	0	56
2003878	2003946	69	6.72	5	16
2004577	2004671	95	0.00	0	0
2005494	2005564	71	1.76	0	24
2006126	2006211	86	18.53	24	40
2006647	2006869	223	0.00	0	0
2007137	2007138	2	0.00	0	0
2008912	2009040	129	0.00	0	0
2009980	2009990	11	16.73	18.5	19
2010864	2011463	600	488.20	0	5516
2013363	2015246	1884	0.00	0	0
2015466	2017050	1585	0.00	0	0
2017363	2017439	77	2.97	0	21
2019492	2019609	118	4.60	0	17
2021446	2021481	36	1.53	0	16
2021668	2021720	53	0.00	0	0
2022240	2022524	285	4.72	0	22
2023848	2024899	1052	0.00	0	0
2026064	2026372	309	0.69	0	12
2027636	2027709	74	8.64	11	17
2028037	2028113	77	22.19	39	41
2029482	2029538	57	0.58	0	11
2030513	2030573	61	29.46	0	127
2031573	2031668	96	38.86	37	76
2032515	2032542	28	65.21	65	79
2033023	2033108	86	3.72	0	12
2034675	2034822	148	0.00	0	0
2036086	2039364	3279	0.84	0	42
2040286	2046713	6428	0.19	0	23
2048141	2048172	32	0.00	0	0
2048734	2048878	145	4.56	0	17
2050529	2050597	69	3.54	0	15
2051651	2051804	154	0.00	0	0
2053044	2053193	150	0.00	0	0
2053920	2053958	39	13.36	12	18
2054874	2055061	188	8.82	0	47
2055578	2055599	22	0.00	0	0
2056983	2057325	343	1.93	0	16
2058916	2058946	31	0.00	0	0
2060146	2060206	61	21.33	0	60
2060591	2060645	55	39.42	29	68
2061114	2061189	76	62.26	18	207
2061454	2061612	159	37.01	28	124
2062294	2062425	132	43.69	60	103
2062939	2063079	141	8.98	13.5	18
2065024	2065060	37	0.00	0	0
2065817	2065902	86	0.99	0	13
2066527	2066573	47	0.00	0	0
2068504	2068733	230	1.79	0	13
2069703	2069856	154	0.00	0	0
2071996	2072505	510	10.18	0	198
2072794	2072887	94	587.84	291	1368
2074520	2075175	656	16.04	0	181
2076760	2076902	143	115.65	21	561
2077323	2077518	196	0.00	0	0
2078737	2078749	13	0.00	0	0
2078918	2078990	73	2.58	0	14
2079312	2079346	35	31.54	36	38
2079764	2079787	24	12.92	14	15
2080292	2080438	147	6.43	0	15
2083229	2083792	564	3.91	0	66
2084486	2084727	242	34.83	19	140
2089132	2089205	74	18.59	17	29
2089539	2089571	33	2.12	0	10
2091017	2091810	794	3.01	0	19
2094238	2095594	1357	0.79	0	17
2097206	2097268	63	6.68	11	15
2099156	2099284	129	6.53	0	36
2100212	2102862	2651	2.59	0	74
2103721	2103770	50	19.80	30	34
2105090	2105122	33	9.21	14	21
2105711	2105763	53	4.02	0	21
2106870	2106876	7	22.86	27	27
2107357	2107358	2	21.00	42	42
2108225	2108307	83	27.28	30.5	43
2108824	2108957	134	84.78	14	291
2109171	2109424	254	4.87	0	87
2110064	2110211	148	0.00	0	0
2111886	2112094	209	5.59	0	37
2112698	2112771	74	12.85	19	28
2113162	2113211	50	5.94	0	23
2113903	2113940	38	234.29	201	371
2114151	2114441	291	23.12	16	77
2116290	2116330	41	2.46	0	11
2116514	2116668	155	15.95	13	42
2117404	2117407	4	0.00	0	0
2118092	2118252	161	18.29	0	54
2119117	2119181	65	10.52	10	24
2119752	2119908	157	4.31	0	40
2120767	2120816	50	14.16	16	18
2121237	2121442	206	57.85	40	162
2122650	2122708	59	359.17	403.5	463
2122943	2123014	72	323.82	189	1086
2123483	2123489	7	240.57	280	284
2124021	2124033	13	866.54	1024.5	1045
2125579	2125605	27	160.89	140.5	263
2126479	2126518	40	86.30	73	171
2127914	2127926	13	1159.46	1299.5	1327
2128347	2128520	174	22.11	0	210
2129415	2129533	119	6.87	0	19
2131595	2132699	1105	15.96	10	214
2133537	2134534	998	18.50	17	57
2135549	2135569	21	32.76	34.5	36
2136410	2136607	198	83.98	60	214
2137331	2137436	106	2.79	0	20
2138229	2138448	220	3533.18	111	18827
2138932	2138998	67	45.16	12	131
2139743	2139806	64	222.06	263	345
2141370	2141471	102	5.65	0	15
2143338	2143478	141	7.08	0	24
2144403	2144430	28	12.64	15	17
2144800	2144848	49	44.86	26.5	80
2145809	2146658	850	0.37	0	13
2146908	2147047	140	2.58	0	13
2148092	2148183	92	6.28	0	19
2148709	2148885	177	12.80	0	52
2149063	2149098	36	38.39	39	44
2149597	2149746	150	9.71	0	32
2151170	2151189	20	0.00	0	0
2152825	2152851	27	8.74	11	12
2152984	2152999	16	0.00	0	0
2153219	2153285	67	7.94	13	15
2153649	2153653	5	13.40	18	19
2153786	2153922	137	2.96	0	35
