#start	end	length	mean	median	max
1	158	158	10.42	0	38
1713	1794	82	41.41	19	100
2896	3046	151	3.15	0	18
5102	5272	171	0.90	0	11
5714	6499	786	4.72	0	89
9134	9364	231	3.27	0	20
10292	10393	102	22.87	15	52
11069	11090	22	4.09	0	10
11544	12106	563	18.95	14	103
12305	12416	112	135.25	132	245
12726	13340	615	132.39	108	452
13623	14080	458	388.74	0	4751
14429	14437	9	26.78	30	33
15209	15369	161	9.88	0	37
15895	15999	105	29.02	11	119
16654	16736	83	14.99	10	38
17058	17322	265	25.71	13.5	95
19498	19762	265	0.00	0	0
20084	20118	35	0.00	0	0
21249	21325	77	0.00	0	0
22280	22394	115	0.00	0	0
24408	24505	98	6.47	0	24
26239	26308	70	5.60	0	14
26948	27011	64	15.92	0	43
28855	28995	141	8.90	0	65
29851	29991	141	9.68	0	74
31054	31249	196	6.72	0	88
32165	32251	87	13.61	0	45
34163	34411	249	7.63	0	32
35738	36106	369	7.79	0	29
36458	36523	66	44.21	42	60
37802	39109	1308	6.94	0	104
39671	39690	20	0.00	0	0
40576	40681	106	6.73	0	21
42041	42156	116	16.67	17	24
42855	42973	119	4.50	0	31
44012	44214	203	0.68	0	15
47428	47440	13	53.23	55	71
47972	49538	1567	54.02	0	891
49926	50523	598	20.08	13	137
51655	51926	272	11.69	0	52
52242	52526	285	4.14	0	20
55668	57121	1454	26.93	0	367
58199	58574	376	253.22	0	2791
59082	59487	406	322.28	213	1091
59863	59980	118	96.46	54	227
60479	60496	18	78.00	81	95
61190	61830	641	25.79	21	115
63505	63620	116	7.55	0	71
64710	64749	40	12.82	19	24
66858	66921	64	8.70	0	35
68215	70213	1999	105.23	10	1431
71171	71314	144	34.02	35	59
74102	74782	681	10.24	0	51
75578	76564	987	5.48	0	56
77057	77088	32	88.59	94	110
78055	78812	758	0.01	0	10
79470	80405	936	1.32	0	27
81335	81988	654	13.14	0	189
85421	85955	535	2.66	0	65
86368	86664	297	24.15	13	75
87499	87552	54	0.00	0	0
88843	88900	58	0.00	0	0
90809	90858	50	0.00	0	0
92032	92164	133	7.55	0	26
94563	94578	16	0.00	0	0
97059	97255	197	41.40	26	148
98363	98396	34	0.00	0	0
98847	98877	31	0.00	0	0
99718	100458	741	11.56	10	48
101536	101617	82	0.00	0	0
102128	103397	1270	22.15	10	109
105567	105587	21	26.48	28.5	32
106131	106150	20	41.80	35	64
106796	106798	3	42.67	64	64
107396	107400	5	511.00	639	641
108514	108667	154	111.40	117	148
111062	111183	122	13.31	17	38
111817	112019	203	59.63	61	122
112641	112857	217	14.88	0	170
116051	116168	118	17.70	21	36
117231	117277	47	4.96	0	15
118169	118489	321	30.29	12	149
119684	119750	67	0.30	0	10
121158	121404	247	97.27	0	510
122066	122258	193	0.00	0	0
123570	124549	980	0.63	0	14
125798	125834	37	0.00	0	0
127326	127546	221	87.26	0	1646
128308	128353	46	3.13	0	19
130394	130989	596	5.40	0	34
132321	132346	26	0.00	0	0
132473	132574	102	9.13	0	27
133727	133903	177	56.63	55.5	117
134309	134371	63	21.10	16.5	84
135644	135830	187	7.45	0	28
136176	136191	16	17.62	19	20
136405	137770	1366	2.94	0	28
138995	139095	101	79.53	38	185
139474	139484	11	33.73	37	38
140157	140186	30	25.23	31	37
140700	140789	90	0.00	0	0
141210	141477	268	13.54	12	44
142483	142699	217	11.22	5	41
142901	142977	77	2.91	0	39
144061	144119	59	0.00	0	0
145638	145667	30	0.00	0	0
145815	145842	28	0.00	0	0
147340	147479	140	3.96	0	31
148107	148155	49	0.00	0	0
148690	148718	29	0.00	0	0
148863	148947	85	0.00	0	0
150226	150517	292	2.38	0	22
151895	152039	145	0.00	0	0
152862	152865	4	13.00	17	18
154433	156344	1912	6.12	0	104
157580	157761	182	1.48	0	14
159133	159158	26	6.54	10	10
159345	159348	4	11.00	15	15
160351	160451	101	0.00	0	0
161318	161370	53	0.00	0	0
162238	162893	656	21.06	12	346
163026	163143	118	133.81	38	880
163936	164162	227	9.60	12	23
166764	167613	850	1.16	0	14
167803	167837	35	31.60	49.5	59
168303	168361	59	0.00	0	0
168740	168744	5	6.00	10	10
169120	169179	60	12.28	16	25
170064	170108	45	0.00	0	0
170973	171010	38	0.00	0	0
172119	172197	79	2.48	0	14
173023	173107	85	0.00	0	0
173861	174153	293	17.45	5	59
174517	174533	17	33.59	35	50
175281	175282	2	79.00	158	158
175790	175807	18	1277.61	1028	2089
176051	178638	2588	1.76	0	165
180043	180057	15	156.87	168	170
180733	180924	192	53.76	0	189
183080	183090	11	0.00	0	0
183736	183742	7	0.00	0	0
184511	184525	15	4.87	5	11
185210	185215	6	382.67	464	472
185417	185465	49	107.57	112	137
185787	185862	76	27.97	33	51
186184	186326	143	211.79	62	1199
187389	188255	867	61.66	0	746
189372	189504	133	105.75	39	338
189769	189978	210	88.47	83	297
191833	191838	6	82.67	99	101
192772	192978	207	63.61	32	304
193246	193357	112	5.33	0	23
194648	194983	336	0.00	0	0
195947	195948	2	16.00	32	32
196834	196857	24	11.21	11	29
198256	198351	96	3.72	0	13
199816	200271	456	26.30	0	185
201529	201751	223	5.67	0	27
204134	204490	357	108.31	11	950
205142	205269	128	1.39	0	13
206089	206176	88	4.52	0	11
207702	208086	385	18.95	10	76
208708	208982	275	4.05	0	17
210117	210213	97	0.21	0	10
211195	211237	43	92.95	95	103
211766	211935	170	12.79	14	25
213529	213637	109	4.92	0	15
214031	214063	33	0.00	0	0
214829	214843	15	0.00	0	0
215579	215613	35	0.00	0	0
216250	216381	132	9.89	0	64
217882	218068	187	11.65	14	32
219125	219147	23	0.00	0	0
220675	220732	58	9.09	11	16
221726	222118	393	1.39	0	20
222458	222517	60	5.15	0	24
223892	223912	21	0.00	0	0
224780	224809	30	0.00	0	0
225633	225742	110	29.35	13	150
226274	226377	104	19.17	0	158
226834	227385	552	42.31	0	608
229270	229299	30	786.47	905	1788
229720	230199	480	68.46	46	220
230443	230447	5	0.00	0	0
230832	231054	223	125.25	13.5	545
231442	231483	42	14.57	14	27
232939	232955	17	0.00	0	0
233784	233862	79	6.89	0	17
234250	234398	149	0.00	0	0
234924	235368	445	0.25	0	10
236542	236600	59	0.00	0	0
239070	239205	136	3.83	0	14
240490	240685	196	8.54	0	25
241256	241341	86	29.17	35	44
242287	242397	111	12.21	0	49
243016	243239	224	84.29	60	223
244518	244632	115	24.16	21.5	54
244834	244921	88	0.00	0	0
245951	246158	208	47.24	41	87
246690	246913	224	7.75	0	32
247852	247876	25	25.48	25	32
248171	248227	57	0.18	0	10
248390	248914	525	3206.11	22	37071
249698	249736	39	51.56	52	61
250607	250668	62	12.92	18	22
251278	251642	365	161.44	106	577
252027	252029	3	31.00	46.5	47
252621	253333	713	0.00	0	0
254366	254446	81	2.00	0	11
254870	254949	80	3.74	0	19
255424	255472	49	8.27	11	12
255794	255966	173	4.50	0	29
256684	256720	37	0.89	0	11
257654	260588	2935	1.56	0	48
261213	261273	61	0.00	0	0
261763	261864	102	23.51	15	57
263407	263602	196	42.22	0	451
265131	265146	16	0.00	0	0
266419	266451	33	35.18	36.5	48
266890	266896	7	0.00	0	0
267269	267328	60	36.80	26	95
268055	268098	44	54.23	41	82
268552	268664	113	22.11	23	40
269232	269248	17	32.71	32	50
270026	271015	990	18.91	0	197
272216	272293	78	15.19	14	40
277073	277604	532	1.90	0	25
279678	279749	72	7.81	0	34
281674	282854	1181	1.94	0	28
283173	283230	58	5.81	0	17
284008	284061	54	78.33	124	173
284539	284542	4	24.75	33	33
285539	285661	123	12.91	13	30
286079	286105	27	0.00	0	0
286670	286762	93	11.76	15.5	23
287645	288379	735	2.30	0	45
289250	289506	257	108.24	123	269
291043	291114	72	2.92	0	12
291853	292058	206	9.01	0	59
294242	294434	193	3.18	0	18
295443	295526	84	1.71	0	12
296640	296949	310	413.99	0	3573
298861	298880	20	64.30	66	77
299400	299548	149	1284.59	907.5	2899
299744	299758	15	324.07	352	381
300116	300292	177	32.99	31	124
301346	301364	19	0.00	0	0
301776	302131	356	19.76	18	50
302375	302382	8	37.12	41	50
303130	303222	93	65.06	19.5	124
305584	305659	76	85.62	33	334
306252	306429	178	6.17	0	23
306913	307548	636	4.17	0	25
309983	310108	126	22.42	16	60
311394	311580	187	60.41	36.5	534
312028	312033	6	42.33	51	52
313829	313911	83	8.05	0	22
314851	314953	103	0.00	0	0
315554	315739	186	108.25	0	639
317411	318157	747	30.92	0	220
319775	319872	98	6.66	0	38
320263	320307	45	46.42	42	76
321043	321264	222	443.38	0	2952
321742	321871	130	86.62	0	303
322364	322375	12	0.00	0	0
322748	323454	707	18.11	0	329
323746	323876	131	236.20	0	704
324813	325072	260	6.93	0	46
325574	325627	54	19.39	10	51
326501	326608	108	5.30	0	16
326960	327040	81	22.15	27	39
327272	327645	374	280.69	82	967
328507	328605	99	91.25	0	292
329563	329798	236	169.14	32	594
331920	331994	75	5.12	0	17
332972	333110	139	23.16	12	86
334562	334759	198	162.99	46	918
335690	337102	1413	24.69	16	337
337337	337538	202	9.75	0	47
338556	338703	148	8.11	0	42
340495	340638	144	29.72	32	50
341338	341525	188	341.84	12	1394
342636	342671	36	118.14	135	164
343647	343652	6	180.67	216	221
344001	344007	7	49.71	57	61
344785	344812	28	31.36	32	63
345026	345128	103	38.72	34	66
345438	345439	2	14.50	29	29
346170	346194	25	80.04	84	88
346513	346734	222	38.44	0	162
347329	347354	26	123.96	125	155
348177	348178	2	100.50	201	201
349145	349425	281	16.80	20	30
349849	349868	20	68.90	72	75
350631	350704	74	350.80	65	1279
353191	353267	77	1.23	0	13
354330	354394	65	3.82	0	15
356282	356284	3	0.00	0	0
358441	358467	27	0.00	0	0
358723	358829	107	31.48	19.5	88
360207	360483	277	30.57	19	112
360862	361087	226	0.00	0	0
365086	365164	79	4.81	0	23
366071	366357	287	17.11	0	198
367889	367900	12	0.83	0	10
368654	368711	58	11.59	16	31
370092	370261	170	12.68	13	48
370769	370890	122	64.92	11	275
372304	372534	231	0.00	0	0
372895	373160	266	0.00	0	0
373737	373791	55	18.15	25	40
374498	374715	218	8.07	0	35
376681	376746	66	14.77	17	30
377365	377476	112	30.22	0	226
377759	377929	171	66.17	64.5	152
378944	379009	66	5.32	0	22
380165	380369	205	20.21	16	56
381141	381339	199	15.73	18	34
382003	382059	57	17.02	14	68
382816	382842	27	0.00	0	0
383731	383752	22	3.05	0	16
384317	384368	52	30.69	38	51
385143	385199	57	0.00	0	0
385848	385861	14	13.14	14	16
386900	386945	46	0.70	0	11
388323	388381	59	28.68	28	93
388568	388661	94	738.20	975	1239
389811	389911	101	33.43	28.5	56
391214	391451	238	5.79	0	35
392289	392505	217	24.21	0	126
393151	393676	526	14.85	14	66
394415	394472	58	16.62	12	29
395433	395498	66	8.52	0	21
396501	396577	77	0.00	0	0
398120	398237	118	1.61	0	10
399087	400708	1622	12.67	0	272
403805	403846	42	0.00	0	0
406136	406139	4	25.50	34	34
406440	406686	247	368.12	37	1533
406888	407188	301	38.92	14	347
408518	408673	156	24.30	0	296
409178	409226	49	50.88	54	64
409938	410008	71	5.82	10	14
411707	412066	360	15.48	13	78
413423	413597	175	68.41	74	126
413919	414025	107	120.94	58	400
414977	415004	28	32.46	34	43
415488	415589	102	3.44	0	14
416175	416314	140	11.85	14	22
417047	417114	68	26.16	0	82
417679	417776	98	0.90	0	12
418164	418217	54	0.00	0	0
419115	419147	33	15.39	17	17
420603	420754	152	35.74	18	84
421382	421384	3	50.00	75	77
422678	422807	130	7.19	0	72
423462	423519	58	0.00	0	0
423742	423972	231	1.95	0	11
424108	425227	1120	53.67	15	1012
425516	426077	562	0.00	0	0
426618	426785	168	0.00	0	0
427707	427787	81	0.00	0	0
428427	428483	57	11.16	15	23
429273	429657	385	287.29	0	2474
430447	430571	125	10.24	10	35
431406	433711	2306	14.78	14	70
434291	434302	12	8.17	10	12
435146	435486	341	804.44	359.5	4179
436468	436536	69	44.58	40.5	90
437107	437234	128	69.93	49	194
438402	438552	151	6.08	0	55
440077	440134	58	12.14	0	44
441209	441351	143	0.00	0	0
442171	443376	1206	2.08	0	28
443707	444038	332	262.82	70	1159
444546	445523	978	76.45	32	421
446928	447237	310	95.13	35	431
447901	447934	34	28.00	33	36
450586	450657	72	9.28	0	50
450964	451839	876	3.07	0	48
452290	452363	74	50.88	48	112
453549	453862	314	5.08	0	32
454640	455172	533	1227.28	102	7753
456367	456724	358	58.84	53	170
456992	457188	197	88.07	78.5	198
457870	457882	13	14.38	15	20
458417	458529	113	0.00	0	0
458743	458796	54	0.00	0	0
459465	459606	142	0.00	0	0
460291	460361	71	0.00	0	0
460733	460948	216	0.00	0	0
461234	461421	188	0.00	0	0
462168	462202	35	0.00	0	0
462401	462600	200	0.53	0	16
463446	463488	43	57.14	50.5	133
463924	464038	115	14.77	15	28
464753	465139	387	38.80	36.5	117
465458	465464	7	0.00	0	0
465858	465977	120	0.00	0	0
468398	468416	19	0.00	0	0
468699	468739	41	19.10	0	95
469232	469410	179	8.40	0	23
469558	469695	138	0.00	0	0
470462	470507	46	90.70	102	121
470913	471137	225	53.39	19	205
471642	471964	323	1231.71	627.5	5859
472184	472478	295	26.25	13	119
472926	472989	64	4.61	0	13
476553	476622	70	0.00	0	0
477778	477820	43	5.30	0	16
479318	479326	9	0.00	0	0
479687	479691	5	55.20	67	76
480220	480369	150	6.36	0	22
481125	481152	28	0.00	0	0
481924	481986	63	0.00	0	0
482314	482327	14	0.00	0	0
482592	482593	2	8.00	16	16
484042	484045	4	42.25	58	59
484475	484504	30	53.83	56	75
484784	485025	242	325.07	352	877
489169	489282	114	1.02	0	12
489586	489592	7	0.00	0	0
490526	490590	65	531.88	402	1561
490822	490831	10	25.00	28	29
491177	491178	2	45.50	91	91
491413	491621	209	65.52	0	542
492159	492161	3	0.00	0	0
492504	492679	176	0.00	0	0
492989	493003	15	0.00	0	0
493151	493182	32	0.00	0	0
496228	496289	62	30.82	12	82
496767	497110	344	8951.39	10	55421
498098	498359	262	24.40	21	54
498546	498788	243	57.13	11	576
499821	500438	618	12.02	0	140
501472	501652	181	3.09	0	12
503633	503724	92	0.00	0	0
505276	505290	15	16.13	17	18
505444	505528	85	0.00	0	0
507700	507712	13	0.00	0	0
509147	510722	1576	1.95	0	25
511095	512904	1810	24.29	20	96
514000	515355	1356	26.18	19	156
515809	515887	79	26.54	26.5	38
517276	517342	67	18.49	0	62
517898	518015	118	0.00	0	0
520077	520168	92	2.42	0	14
523106	523201	96	0.00	0	0
524159	524252	94	0.00	0	0
525117	525150	34	10.15	12	20
525511	525587	77	122.53	110	250
526065	526088	24	67.62	73	77
526779	526784	6	17.00	21	21
527658	527867	210	0.00	0	0
531486	531769	284	0.00	0	0
532718	532939	222	0.00	0	0
534431	534500	70	0.00	0	0
535896	535923	28	0.00	0	0
536110	536175	66	6.91	11	13
536734	536936	203	3.34	0	19
537588	540133	2546	5.54	0	356
541682	542107	426	16.26	12	72
543890	543909	20	146.10	154	160
544198	544444	247	25.96	18	59
546032	546183	152	65.32	42	191
548845	549543	699	65.30	0	784
551254	551318	65	7.17	0	46
551973	551984	12	12.83	13	16
552979	552982	4	13.50	18	18
553541	553868	328	29.41	24	88
555663	555791	129	55.49	52	97
557265	557596	332	31.37	22	110
559622	559801	180	2.90	0	33
560558	561639	1082	4.06	0	40
562354	563999	1646	1.87	0	36
565884	565940	57	13.65	15	24
568116	568256	141	16.65	14	42
569205	569362	158	319.85	44	1522
569729	569731	3	32.33	48.5	51
570032	570040	9	316.00	351	396
570269	570287	19	63.37	66.5	73
570738	571362	625	55.50	23	516
572167	572169	3	0.00	0	0
572914	572970	57	26.46	37	51
573241	573499	259	21.37	0	173
573980	574028	49	10.92	0	41
575238	575668	431	38.32	26	137
577898	578771	874	26.93	0	309
580083	580180	98	167.50	196	275
580793	580848	56	9.79	0	28
582112	582129	18	0.00	0	0
582889	582893	5	16.00	20	20
583986	584131	146	15.12	16	34
584441	584615	175	88.20	86.5	230
585765	586296	532	5.14	0	46
587041	588392	1352	9.18	0	88
588798	588995	198	5.37	0	81
589290	589320	31	103.03	101	153
591004	591158	155	67.19	75.5	131
591813	592047	235	0.88	0	12
593416	593891	476	92.44	84	267
594582	594651	70	1.73	0	11
596626	596806	181	43.61	0	275
597470	597524	55	4.15	0	29
598350	598439	90	29.11	35	63
599205	599469	265	17.06	0	79
599779	600311	533	26.40	0	446
602589	602882	294	17.98	15	64
604035	604157	123	8.54	0	34
604446	604488	43	40.09	16	96
604765	604934	170	22.09	17	104
606219	606267	49	65.08	66.5	134
606706	606722	17	0.00	0	0
607563	607586	24	12.54	14	15
607968	608131	164	41.78	33	115
608432	608467	36	0.00	0	0
608585	608659	75	0.00	0	0
612362	612422	61	18.67	18.5	46
615213	615337	125	0.00	0	0
617342	617566	225	133.00	51	473
618218	618438	221	4.34	0	20
621187	621286	100	14.10	0	93
621638	621688	51	0.00	0	0
621836	622049	214	772.33	319	2547
622368	622456	89	6.27	0	16
622841	623655	815	18.16	16	74
623944	623951	8	15.75	18	20
625164	625194	31	0.00	0	0
625868	625990	123	111.49	22.5	394
627161	627311	151	19.48	14	51
632344	632562	219	3.29	0	36
633481	633540	60	8.62	10	15
634445	634629	185	189.59	171.5	358
635872	635980	109	170.15	40	1163
637172	637577	406	232.48	28	1488
638076	638162	87	3.85	0	16
638715	638730	16	6.69	10	11
638929	639281	353	6.88	0	131
640668	640880	213	107.73	92	272
641943	641996	54	19.93	0	93
642327	642626	300	11.22	0	111
643098	643170	73	13.10	0	43
643990	644188	199	0.13	0	13
645542	646045	504	0.37	0	19
647585	647645	61	2.18	0	14
648696	648915	220	10.96	0	160
649546	649677	132	12.93	14	31
650686	650779	94	18.03	15	42
652208	652252	45	16.36	17	27
654625	654689	65	40.98	36	61
654978	655129	152	41.31	38	112
655781	655787	7	15.00	17	20
657129	657179	51	0.00	0	0
657606	657752	147	2.03	0	14
657936	657953	18	0.00	0	0
659208	659245	38	0.00	0	0
660113	660155	43	2.91	0	14
660969	661214	246	24.67	22	52
661998	662117	120	14.36	0	43
662957	662986	30	4.10	0	14
664055	664090	36	17.94	19	21
664820	664837	18	36.72	42	55
666107	666275	169	7.04	0	22
666915	666978	64	7.34	0	20
667231	667327	97	16.60	14	49
668735	669168	434	116.00	0	848
670336	670460	125	2.23	0	15
671136	671210	75	2.20	0	11
671934	672087	154	4.77	0	20
673366	673442	77	20.05	21	29
677003	677178	176	2.40	0	13
677329	677672	344	2.44	0	17
678447	678636	190	26.46	0	129
679429	679477	49	12.29	14.5	21
680885	680959	75	39.75	43	60
681326	684225	2900	6.35	0	147
687344	688650	1307	109.10	58	708
689959	690059	101	0.00	0	0
693084	693135	52	8.60	12	15
693367	693415	49	60.96	54.5	83
695169	695181	13	0.00	0	0
696022	696090	69	50.65	45	107
697690	697718	29	18.72	18	28
697986	698002	17	0.00	0	0
699092	708429	9338	2.91	0	104
708796	709173	378	20.14	15	76
710221	710376	156	0.00	0	0
711391	711636	246	0.00	0	0
711820	712010	191	1.32	0	13
712647	712858	212	5.24	0	48
714692	715213	522	73.24	28	1054
716657	716810	154	47.55	47	99
718471	718521	51	50.96	52	61
719368	719595	228	10.04	11	29
721240	721255	16	74.75	87	89
721457	721458	2	0.00	0	0
722470	722516	47	0.00	0	0
722655	722895	241	3.69	0	27
723464	726766	3303	0.00	0	0
727313	727335	23	0.00	0	0
728236	728343	108	1.83	0	32
728554	728610	57	0.63	0	13
729262	729285	24	8.50	12	16
729568	729606	39	29.72	17.5	115
729868	731377	1510	0.24	0	12
732312	732448	137	0.00	0	0
732743	733056	314	31.80	15	150
734113	734184	72	0.00	0	0
736198	736219	22	0.00	0	0
736982	737183	202	13.38	0	50
738228	738882	655	16.58	0	362
739216	739298	83	25.35	29.5	42
741420	741516	97	0.00	0	0
743491	743636	146	11.90	0	92
743820	743832	13	32.54	35	38
744499	744500	2	0.00	0	0
745212	745261	50	0.00	0	0
745745	747668	1924	0.15	0	14
748575	748732	158	0.78	0	14
751153	751361	209	6.63	0	40
751974	752093	120	11.61	0	58
752754	752763	10	20.40	23	25
753625	753639	15	46.60	41.5	75
754072	754219	148	22.16	0	224
754910	755000	91	22.86	0	56
755145	755150	6	8.33	10	10
756180	756265	86	6.48	0	21
756572	756605	34	7.97	12	14
756744	756991	248	0.00	0	0
758222	758302	81	1.90	0	14
759929	760080	152	13.45	0	63
760453	760503	51	34.90	37.5	49
762040	762108	69	8.39	0	45
762724	762906	183	639.27	583	2166
763156	763286	131	17.43	0	80
765220	765288	69	33.77	22	73
767032	767721	690	1.54	0	13
768721	768870	150	0.13	0	10
769438	769562	125	89.87	11	442
772603	772651	49	6.71	0	21
774384	774581	198	71.57	59	163
774951	775029	79	28.71	30.5	45
776950	776977	28	0.00	0	0
777332	777424	93	2.47	0	20
777935	777984	50	22.44	21	50
778159	778407	249	8.60	10	26
778828	778866	39	4.46	0	11
779524	779606	83	16.88	16	56
780012	780028	17	21.29	21.5	30
780974	781082	109	6.62	0	35
782151	782210	60	0.00	0	0
782611	782665	55	130.18	133	168
784212	784688	477	34.88	0	316
785151	785180	30	344.77	351	390
785652	785741	90	2839.97	3889	6194
786312	786350	39	0.00	0	0
788907	789055	149	7.61	0	53
790517	790590	74	6.09	0	23
790837	790854	18	39.06	43	45
793228	793664	437	1154.11	205.5	6743
795740	795858	119	3.90	0	27
796747	796888	142	19.23	18	33
797468	797897	430	0.00	0	0
798978	802734	3757	0.48	0	19
804592	804635	44	0.00	0	0
805747	805844	98	6.35	0	18
806895	806914	20	0.00	0	0
807065	807103	39	2.33	0	18
808478	808541	64	33.91	39	47
808845	809471	627	26.79	14	146
809667	809678	12	3.33	0	10
810462	810537	76	43.97	58	70
811816	811915	100	37.52	38	61
812873	813086	214	209.33	67	1413
813486	813555	70	29.13	29	53
813751	814565	815	40.50	30	174
814905	814962	58	0.00	0	0
815719	815759	41	16.05	17	19
816321	816372	52	0.00	0	0
816517	816595	79	12.67	0	30
818456	818628	173	0.19	0	11
819499	819575	77	0.52	0	10
820947	820971	25	11.24	11	16
821689	821856	168	2.87	0	17
822526	822901	376	10.43	11	37
823547	823588	42	0.00	0	0
823730	825811	2082	0.77	0	82
827143	827289	147	8.92	10	25
827575	827591	17	0.00	0	0
828486	828657	172	3.31	0	23
829786	829861	76	7.12	10	15
830711	830797	87	10.23	0	74
831458	831658	201	19.98	15	61
833210	834818	1609	22.53	0	244
836079	836256	178	0.00	0	0
839299	839466	168	63.65	0	401
840145	840175	31	16.52	19	21
840533	840822	290	12.22	0	59
840958	841710	753	38.17	24	177
842065	842122	58	62.05	32	128
842723	842816	94	33.24	23	84
843660	843667	8	22.00	25	26
844124	844151	28	233.29	249	280
844398	844640	243	56.03	0	672
845613	845773	161	24.86	17	55
845990	848530	2541	251.86	66	5122
848771	848839	69	58.65	59	128
850088	850162	75	18.85	22.5	35
850550	851491	942	22.81	11	125
852281	852433	153	2.74	0	23
853076	853096	21	24.90	28	36
855005	855028	24	0.00	0	0
855356	855506	151	0.65	0	11
856980	857065	86	7.02	0	20
858002	858004	3	0.00	0	0
858863	858881	19	1.74	0	11
860016	860064	49	0.00	0	0
860545	861697	1153	0.00	0	0
861899	861992	94	0.00	0	0
862182	862281	100	0.00	0	0
862885	863629	745	7792.32	159	43096
864449	864822	374	0.00	0	0
865147	865170	24	0.00	0	0
865722	865856	135	0.00	0	0
866937	867076	140	0.00	0	0
867623	867764	142	1.17	0	11
868023	868109	87	12.98	18.5	32
868269	868320	52	0.00	0	0
870010	870108	99	7.65	0	20
870526	870644	119	137.18	138	308
870924	871107	184	9.95	11	32
874939	875017	79	0.00	0	0
876017	876079	63	15.83	17	43
876260	876434	175	23.37	22.5	78
876564	876613	50	7.22	12	15
876776	878295	1520	5.31	0	43
878770	879162	393	31.75	0	225
880462	880541	80	0.00	0	0
881073	881131	59	11.54	20	21
882707	882769	63	0.00	0	0
884174	884458	285	0.00	0	0
887385	887535	151	13.69	14	40
887953	887954	2	0.00	0	0
888189	888396	208	20.74	16	66
889216	890631	1416	1.42	0	62
891520	891532	13	66.00	73	74
892697	892770	74	32.82	30	64
893056	893177	122	45.61	14	192
894609	894871	263	479.62	224.5	1900
896051	896152	102	51.50	38	117
898979	899185	207	81.63	57	243
900467	900580	114	138.60	80	311
900827	900832	6	174.17	209	209
901559	901659	101	18.06	18	40
903421	903425	5	22.40	28	29
904136	904198	63	134.16	174	194
904406	904424	19	48.21	50.5	63
905826	906076	251	213.29	52	2579
906812	906916	105	468.22	368.5	1113
907079	907092	14	12.07	13	15
909367	909504	138	8.86	0	42
910381	910581	201	7.28	10.5	17
910855	910856	2	7.50	15	15
910980	911040	61	14.67	15.5	19
913144	914252	1109	2.39	0	72
914811	914855	45	248.40	325.5	475
916005	916025	21	0.00	0	0
916332	916341	10	0.00	0	0
916651	916654	4	0.00	0	0
917594	917599	6	0.00	0	0
918317	918323	7	0.00	0	0
918810	921444	2635	10.16	0	199
922318	922328	11	2.91	0	12
923523	923581	59	10.34	0	46
924801	926134	1334	0.68	0	17
928901	928933	33	0.00	0	0
929147	929778	632	0.00	0	0
929926	929927	2	0.00	0	0
931143	931181	39	3.77	0	12
931344	931346	3	0.00	0	0
932073	932156	84	13.74	14	58
932619	932838	220	109.07	81	298
933613	933859	247	1.20	0	14
935961	936054	94	10.23	14	23
937771	939734	1964	1.21	0	22
939993	940181	189	7.05	0	29
940926	941106	181	6.47	0	36
941806	941846	41	9.27	0	39
942516	942594	79	1.67	0	14
943075	943108	34	12.56	14	15
944527	944684	158	6.93	0	39
946168	946169	2	9.50	19	19
946467	946789	323	75.89	17	434
948014	948528	515	16.73	13	160
950368	950460	93	8.69	15	17
950929	951003	75	16.97	17	28
951829	951902	74	119.99	48	252
952383	952513	131	214.98	0	919
952796	952857	62	171.73	190	287
953122	953233	112	15.58	13	77
954599	957330	2732	39.16	21	407
957781	957831	51	47.82	47	72
958840	959238	399	12.79	0	56
960106	960875	770	16.46	11	127
961737	962110	374	6.85	10	18
963254	963368	115	1.65	0	12
963987	964022	36	0.00	0	0
964530	964626	97	6.82	0	26
965176	965460	285	81.52	87	209
965881	966014	134	78.57	74	219
968763	968909	147	1.36	0	10
970680	970868	189	204.28	147.5	509
972795	972836	42	8.55	0	62
973062	973187	126	3.74	0	20
973671	973679	9	1.22	0	11
974046	974074	29	5.28	0	16
974615	974782	168	0.00	0	0
975140	975274	135	0.00	0	0
976139	976190	52	4.85	0	11
976539	976975	437	0.00	0	0
977466	977472	7	16.00	19	19
977758	977879	122	11.64	12	16
978312	978514	203	32.71	28	109
979762	980159	398	73.19	62	197
980538	980748	211	114.92	97	250
981311	982211	901	0.00	0	0
984006	986455	2450	17.64	10	357
987629	987972	344	27.39	29	61
988519	988523	5	31.20	39	39
990018	990281	264	63.34	0	382
990480	990553	74	15.78	10	39
992531	992676	146	4.40	0	34
994063	994129	67	14.45	14	30
995051	995425	375	15.10	16	41
995948	995953	6	19.67	24	24
997334	997447	114	25.43	24	51
998069	998125	57	1.93	0	10
998468	999362	895	57.58	33	583
999744	1000963	1220	6.39	0	184
1001690	1001854	165	0.83	0	11
1003361	1003524	164	20.58	0	146
1003915	1004233	319	586.95	145	3533
1004777	1004859	83	63.27	46	127
1005868	1006129	262	143.76	0	1422
1008707	1008780	74	33.43	10	115
1009993	1010083	91	12.58	0	57
1010291	1010484	194	0.00	0	0
1011289	1012690	1402	9.10	0	85
1012928	1012964	37	7.41	0	24
1013673	1013747	75	20.29	0	86
1014207	1014282	76	0.00	0	0
1014442	1014596	155	0.00	0	0
1015077	1015476	400	1.38	0	27
1017336	1017354	19	16.00	17.5	21
1018909	1019278	370	39.14	19	174
1020062	1020174	113	7.62	11	16
1021606	1022008	403	114.50	15.5	608
1022942	1023467	526	23.80	0	275
1025731	1025840	110	0.00	0	0
1026153	1026288	136	19.54	12	66
1027249	1027290	42	0.00	0	0
1028695	1028712	18	6.17	10	12
1029013	1029706	694	11.99	0	54
1030022	1030402	381	4.12	0	27
1030685	1030689	5	28.00	35	35
1031011	1031164	154	12.06	14	31
1031510	1035985	4476	19.85	0	340
1036331	1036788	458	108.09	29	785
1037233	1037285	53	14.21	13	44
1038105	1038225	121	15.07	15	38
1038682	1038826	145	60.87	72	118
1039961	1040335	375	6.80	0	103
1042559	1042857	299	5.36	0	96
1043176	1044119	944	72.64	0	676
1044285	1044446	162	1481.20	344	4750
1045477	1045493	17	0.00	0	0
1046636	1046643	8	0.00	0	0
1047115	1047172	58	0.00	0	0
1048466	1048488	23	6.61	11	13
1048885	1049093	209	0.00	0	0
1055025	1055026	2	0.00	0	0
1057636	1057848	213	0.00	0	0
1058320	1058421	102	0.00	0	0
1058635	1058673	39	0.00	0	0
1060924	1060925	2	0.00	0	0
1062421	1062477	57	0.00	0	0
1062718	1062719	2	0.00	0	0
1063032	1063206	175	1.06	0	11
1064991	1065118	128	0.00	0	0
1065612	1065651	40	0.00	0	0
1066144	1066184	41	0.00	0	0
1066467	1066485	19	0.00	0	0
1068972	1069091	120	0.00	0	0
1069317	1069491	175	0.00	0	0
1069810	1069892	83	0.00	0	0
1070079	1070259	181	0.00	0	0
1070905	1071066	162	49.03	0	456
1071604	1071606	3	17.33	26	28
1071964	1071982	19	0.00	0	0
1072199	1072683	485	106.46	0	519
1072882	1072916	35	0.00	0	0
1073663	1073805	143	0.00	0	0
1074136	1074306	171	0.00	0	0
1074723	1074793	71	0.00	0	0
1075478	1075619	142	0.00	0	0
1076288	1076341	54	0.00	0	0
1076555	1076667	113	0.00	0	0
1078059	1078086	28	34.86	37	42
1078279	1078571	293	361.44	22	2767
1079830	1079912	83	3.84	0	24
1081145	1082261	1117	0.00	0	0
1083345	1083351	7	0.00	0	0
1083646	1083648	3	0.00	0	0
1085486	1085600	115	0.00	0	0
1085877	1085885	9	0.00	0	0
1086102	1086189	88	0.00	0	0
1086391	1086406	16	0.00	0	0
1086716	1086788	73	0.00	0	0
1088269	1088666	398	9.83	0	38
1088871	1088967	97	22.07	24.5	49
1090126	1090273	148	10.84	0	49
1091042	1091145	104	26.70	20	61
1091395	1091448	54	24.81	24	42
1092253	1094182	1930	1.90	0	21
1095593	1096078	486	1.88	0	22
1096535	1096626	92	4.49	0	21
1097479	1097813	335	32.82	18	144
1099701	1100190	490	512.66	15	6796
1100341	1100402	62	23.39	26	43
1101207	1101266	60	4.13	0	18
1102134	1102248	115	3.87	0	22
1102684	1102722	39	0.00	0	0
1102879	1103016	138	0.00	0	0
1103977	1104971	995	0.00	0	0
1106055	1106061	7	0.00	0	0
1106356	1106358	3	0.00	0	0
1107937	1108605	669	0.00	0	0
1108888	1108897	10	0.00	0	0
1109093	1109099	7	0.00	0	0
1109442	1110896	1455	0.00	0	0
1111317	1114326	3010	14.23	14	67
1114471	1114849	379	112.48	49	405
1115297	1115386	90	91.44	97	142
1115684	1121382	5699	1.24	0	161
1121599	1123799	2201	100.02	0	1145
1124136	1124289	154	177.64	0	645
1128244	1128344	101	1.18	0	12
1129461	1129601	141	5.65	0	19
1129911	1129937	27	12.89	13.5	16
1130130	1130144	15	30.00	37	39
1130895	1131130	236	3.69	0	17
1132583	1132670	88	19.33	0	56
1133577	1133859	283	20.91	0	75
1134490	1134510	21	51.90	64	87
1134727	1134873	147	0.00	0	0
1135216	1135217	2	5.00	10	10
1135908	1135976	69	0.00	0	0
1137195	1137256	62	0.00	0	0
1138664	1138853	190	0.00	0	0
1141813	1142044	232	0.00	0	0
1143617	1143684	68	2.01	0	12
1146913	1147034	122	0.00	0	0
1147995	1148342	348	20.85	15	92
1148451	1149326	876	0.57	0	19
1150353	1150418	66	13.15	12	31
1151007	1151401	395	15.80	0	77
1153694	1154087	394	72.15	60	308
1154865	1155020	156	3.49	0	53
1157868	1157887	20	0.00	0	0
1158527	1158532	6	0.00	0	0
1159664	1159775	112	0.00	0	0
1160810	1160953	144	6.76	0	20
1162586	1162699	114	0.23	0	14
1164368	1164440	73	11.99	11	40
1165590	1165668	79	130.67	0	629
1166140	1166273	134	51.58	0	219
1166655	1166815	161	86.98	99	193
1167773	1167863	91	8.49	10	21
1169583	1169663	81	19.67	17.5	37
1170435	1170479	45	272.80	423.5	446
1171380	1171530	151	14.72	12	48
1172245	1172768	524	552.53	26	5368
1173117	1173308	192	58.80	45	184
1173978	1173995	18	4.56	0	12
1174620	1174728	109	41.13	40.5	69
1175545	1175806	262	71.79	0	271
1176245	1176309	65	1.85	0	10
1177714	1177889	176	44.15	16	220
1180070	1180076	7	21.14	24.5	33
1180236	1180386	151	14.44	0	56
1182970	1183113	144	31.10	18	111
1184107	1184227	121	15.75	17	21
1185239	1185320	82	117.89	90	228
1185612	1185680	69	41.80	14	110
1186170	1186182	13	21.77	19	35
1187908	1188974	1067	66.77	0	830
1189626	1189706	81	47.77	52	80
1190370	1190463	94	16.23	18	32
1192635	1192682	48	0.42	0	10
1193760	1193955	196	4.57	0	14
1194688	1194765	78	7.94	0	21
1195633	1195869	237	1.20	0	22
1196299	1196311	13	18.54	22	23
1197176	1197228	53	38.38	38.5	77
1198279	1199031	753	841.05	101	9733
1199593	1199700	108	0.00	0	0
1200121	1200301	181	8.07	0	29
1200635	1200817	183	42.33	31	144
1201658	1201721	64	68.89	20	364
1202298	1202357	60	17.93	18	27
1203258	1203300	43	0.00	0	0
1204429	1204634	206	5.72	0	25
1207257	1207320	64	0.00	0	0
1207660	1208061	402	3.63	0	31
1208713	1209531	819	8.97	11	27
1209673	1209691	19	0.00	0	0
1210373	1210523	151	2.23	0	20
1212825	1212846	22	0.00	0	0
1214569	1214670	102	0.00	0	0
1215421	1215966	546	1.51	0	19
1216927	1217921	995	0.00	0	0
1219005	1219016	12	0.00	0	0
1219305	1219307	3	0.00	0	0
1221145	1221259	115	0.00	0	0
1221536	1221544	9	0.00	0	0
1221827	1221836	10	0.00	0	0
1222032	1222038	7	0.00	0	0
1222381	1224368	1988	0.82	0	28
1224771	1224812	42	0.00	0	0
1225992	1226095	104	7.10	0	42
1228205	1228724	520	94.55	0	783
1229901	1230080	180	32.96	24	172
1230834	1232380	1547	74.43	0	1169
1232936	1234708	1773	17.84	15	79
1235021	1235043	23	10.48	10	20
1236148	1236498	351	3.56	0	66
1236946	1236960	15	34.00	39	41
1238476	1238489	14	28.71	31	32
1241319	1241480	162	5.94	0	20
1242819	1242894	76	5.91	0	16
1244233	1244377	145	10.94	0	131
1245002	1245068	67	18.42	15	42
1246485	1246813	329	17.94	0	134
1247540	1247600	61	12.66	15	30
1248087	1248517	431	11.75	0	68
1248800	1249110	311	3258.81	84.5	23010
1249573	1249796	224	49.49	35	209
1250853	1251142	290	5.21	0	22
1251323	1251396	74	10.27	10	34
1252750	1252766	17	61.06	67	70
1253037	1253163	127	48.33	23	171
1253899	1254038	140	18.96	11	69
1254948	1255044	97	80.33	0	595
1255753	1255894	142	0.00	0	0
1256546	1257495	950	6.18	0	38
1257787	1263559	5773	0.40	0	64
1263845	1263919	75	26.40	21.5	43
1265102	1265170	69	5.14	0	19
1267325	1267419	95	28.44	31	49
1267624	1267683	60	76.07	54	119
1268299	1268428	130	35.79	14	215
1269026	1269073	48	0.00	0	0
1269881	1269915	35	0.00	0	0
1270024	1270186	163	19.82	0	73
1271540	1271672	133	7.62	0	26
1272144	1274940	2797	2.17	0	31
1275592	1275618	27	10.44	15	16
1276309	1276588	280	0.00	0	0
1279545	1279546	2	0.00	0	0
1280063	1280068	6	0.00	0	0
1281249	1281421	173	85.36	48	218
1281779	1281811	33	5.61	0	15
1284662	1285804	1143	0.98	0	23
1285940	1286025	86	8.35	0	61
1286863	1287289	427	232.19	87	1322
1288481	1288502	22	0.00	0	0
1289589	1289737	149	5.41	0	28
1290836	1290928	93	44.72	59	120
1291352	1291427	76	14.46	0	48
1293411	1293479	69	13.65	0	43
1294086	1294169	84	5.06	0	56
1295463	1295537	75	25.51	20	56
1296534	1296660	127	103.94	32	460
1297735	1297826	92	0.00	0	0
1298595	1298599	5	16.20	20.5	21
1299590	1299658	69	15.93	18	38
1300340	1300530	191	62.03	42.5	155
1301866	1301994	129	12.13	13	40
1302847	1302988	142	11.49	0	57
1303880	1303972	93	35.34	50.5	78
1306073	1306138	66	46.32	48	87
1307615	1307636	22	51.86	54	59
1308150	1308158	9	497.56	560.5	567
1308498	1308543	46	66.76	88	96
1308709	1308788	80	0.00	0	0
1309536	1309780	245	5.36	0	33
1310345	1311100	756	0.00	0	0
1312241	1312529	289	642.42	0	4114
1313292	1313294	3	0.00	0	0
1314357	1314592	236	0.00	0	0
1315928	1317125	1198	15.30	11	153
1317918	1318343	426	13.44	0	145
1320694	1320973	280	3.90	0	46
1321259	1321288	30	0.00	0	0
1321436	1321638	203	6.02	0	75
1323040	1323094	55	17.51	0	54
1326296	1326309	14	14.29	14	28
1327546	1327797	252	67.26	22	231
1328428	1328522	95	12.92	16.5	19
1328778	1329066	289	3.88	0	26
1330633	1330702	70	7.31	0	27
1333907	1334009	103	0.32	0	11
1335417	1335762	346	6.34	0	50
1337080	1337105	26	114.85	117	136
1337274	1337280	7	137.00	161	168
1337890	1337918	29	263.48	277.5	293
1339362	1339677	316	48.88	0	570
1341424	1341451	28	6.32	0	28
1341917	1342419	503	11.20	0	72
1342852	1342856	5	52.00	64.5	70
1343565	1343584	20	4.70	0	11
1344434	1344691	258	2.85	0	16
1345328	1345401	74	4.14	0	19
1346041	1346185	145	27.68	0	113
1348397	1348462	66	1.85	0	17
1348838	1348908	71	26.96	0	103
1349972	1350800	829	41.14	15	188
1351503	1351640	138	0.00	0	0
1352181	1352309	129	9.37	0	26
1352535	1352595	61	32.21	33.5	45
1353260	1353558	299	2.68	0	24
1355912	1355917	6	0.00	0	0
1356857	1356998	142	0.57	0	11
1357650	1357718	69	6.42	0	16
1360088	1360223	136	6.85	0	20
1362466	1368672	6207	8.31	0	56
1369918	1370072	155	25.63	10	102
1370457	1370510	54	105.74	92	219
1371048	1371196	149	26.54	29	49
1372295	1372808	514	911.76	187	4899
1373289	1373337	49	11.90	13.5	27
1374297	1374585	289	11.32	0	78
1376077	1376152	76	0.00	0	0
1376804	1377043	240	9.83	0	64
1378385	1378389	5	15.20	19	19
1380389	1380390	2	5.50	11	11
1381015	1381020	6	35.83	43	43
1381612	1381627	16	0.00	0	0
1382843	1383026	184	0.00	0	0
1383192	1383361	170	0.49	0	14
1384415	1384442	28	3.11	0	12
1384656	1384781	126	93.90	90	170
1385358	1385542	185	57.23	20	398
1386359	1386564	206	30.53	33	87
1388074	1388727	654	58.49	54	193
1389064	1389198	135	400.87	92	1647
1389907	1390071	165	41.56	18	430
1390342	1390551	210	119.20	56	620
1392478	1392702	225	39.64	0	597
1394621	1394679	59	0.00	0	0
1395655	1396209	555	11.43	11	67
1396909	1397101	193	296.72	140.5	746
1397708	1397889	182	75.45	64	228
1398514	1399953	1440	28.12	0	403
1402141	1402282	142	16.29	0	113
1403066	1403166	101	31.38	38	63
1405099	1405166	68	45.91	24	83
1406343	1406570	228	149.53	0	929
1406958	1407233	276	1236.70	0	7570
1408278	1408580	303	86.82	12	672
1412227	1412493	267	54.29	51.5	133
1413617	1413741	125	0.00	0	0
1414548	1414818	271	0.26	0	10
1416403	1416570	168	9.02	0	28
1416772	1416889	118	31.23	0	165
1417385	1417468	84	10.01	12	18
1418657	1419714	1058	2.43	0	85
1421224	1421380	157	0.53	0	12
1422632	1423092	461	41.41	0	398
1424887	1425018	132	4.07	0	22
1425690	1425713	24	0.00	0	0
1425969	1425992	24	0.00	0	0
1426170	1426489	320	17.43	0	143
1427030	1427070	41	0.00	0	0
1427431	1427460	30	0.00	0	0
1427638	1428737	1100	37.65	0	929
1429149	1429168	20	0.00	0	0
1430747	1430909	163	16.33	0	76
1432050	1432196	147	17.88	0	56
1433028	1433075	48	0.00	0	0
1433202	1433318	117	10.91	14.5	23
1434855	1434860	6	7.00	10	11
1435242	1435323	82	23.96	40	51
1436707	1436916	210	7.56	0	48
1437493	1437733	241	16.34	0	188
1438643	1439309	667	46.09	0	687
1439667	1439689	23	7.22	10	14
1440203	1440880	678	8.05	0	33
1441124	1441349	226	0.71	0	11
1441977	1443639	1663	32.72	16	222
1445055	1445066	12	41.33	43	49
1446207	1446431	225	28.09	28	68
1447506	1447711	206	11.99	13	49
1449176	1449375	200	11.73	15	25
1450297	1450397	101	15.76	19	35
1452288	1452456	169	18.62	0	122
1452739	1452890	152	3.70	0	34
1454439	1454442	4	9.75	13	13
1454695	1454754	60	91.82	83	123
1455490	1455597	108	16.13	11	44
1456744	1456905	162	119.08	102	274
1457167	1457472	306	11.32	0	253
1458613	1460227	1615	33.73	0	701
1462964	1463052	89	31.38	21	75
1465162	1465246	85	0.47	0	14
1465388	1465499	112	22.37	17	79
1465659	1467068	1410	13.29	0	297
1468176	1468906	731	17.60	10	116
1469717	1469907	191	5.84	0	54
1471614	1471643	30	0.00	0	0
1472514	1472561	48	1.88	0	10
1473702	1473752	51	4.02	0	14
1474975	1475058	84	0.00	0	0
1475434	1475485	52	15.48	16	20
1476212	1476266	55	17.64	17	24
1477008	1477046	39	39.23	28	81
1479247	1479532	286	3.45	0	19
1480406	1481444	1039	1.92	0	41
1482279	1482947	669	0.80	0	14
1484715	1484774	60	8.03	0	22
1487110	1487120	11	0.00	0	0
1487823	1487851	29	0.00	0	0
1489049	1493756	4708	0.00	0	0
1494543	1494696	154	9.26	0	31
1495843	1495929	87	0.00	0	0
1496806	1497425	620	2.38	0	24
1498734	1498871	138	75.13	46	187
1500048	1500168	121	78.75	21	467
1501411	1501498	88	28.02	29	41
1503129	1503242	114	35.67	19	77
1504761	1504806	46	32.85	11	86
1505872	1505877	6	9.33	11	12
1507174	1507327	154	28.62	21	57
1508663	1508749	87	5.09	0	17
1509128	1509254	127	17.64	21	37
1510335	1510581	247	3.91	0	15
1512117	1512243	127	19.25	22.5	44
1513888	1513912	25	8.32	8.5	18
1515389	1515415	27	20.44	23.5	27
1517162	1517224	63	64.27	60	100
1517486	1517514	29	96.97	101	106
1518921	1519201	281	81.25	0	404
1520447	1520889	443	614.78	33	4203
1521709	1521743	35	36.97	38.5	45
1522386	1522390	5	35.80	44	48
1523258	1523359	102	73.23	57	125
1524854	1524869	16	141.38	151	154
1525524	1525687	164	81.74	40	244
1527203	1532252	5050	12.11	0	514
1532613	1532653	41	0.00	0	0
1532990	1533129	140	0.00	0	0
1533346	1533467	122	15.41	10	63
1534143	1534232	90	8.17	0	37
1534377	1534418	42	2.48	0	12
1535187	1535248	62	11.89	0	49
1535528	1535586	59	78.20	71.5	180
1535770	1535782	13	0.00	0	0
1536032	1536264	233	0.00	0	0
1537144	1537221	78	96.95	127	146
1538158	1538361	204	37.02	32	123
1539472	1539525	54	24.44	30	36
1541032	1547576	6545	4.47	0	175
1549251	1549312	62	19.84	19	54
1550745	1551326	582	26.79	24	75
1551489	1551521	33	3108.48	3306.5	3328
1552230	1552595	366	1041.62	25	4289
1553544	1553658	115	25.26	27	66
1554391	1554527	137	94.96	65	272
1555947	1556188	242	5.28	0	23
1557761	1557792	32	35.38	35	59
1557988	1558057	70	0.00	0	0
1559186	1559306	121	0.00	0	0
1560246	1560251	6	0.00	0	0
1562239	1562940	702	57.51	42	240
1563355	1563492	138	34.14	33	72
1564168	1564175	8	0.00	0	0
1564572	1564604	33	208.76	224.5	235
1564980	1565112	133	1.68	0	11
1565848	1565921	74	16.81	21	24
1566264	1566513	250	11.28	12	32
1566784	1566906	123	6.39	0	22
1567450	1567855	406	17.67	13	72
1568255	1568598	344	27.69	15	157
1570261	1570368	108	33.74	34	54
1571922	1572072	151	3.81	0	36
1573582	1573801	220	6.49	0	60
1574609	1574613	5	52.00	65	65
1575313	1575326	14	13.07	14	15
1575567	1575854	288	62.43	0	505
1576587	1576659	73	23.95	22	40
1578310	1578350	41	5.46	0	19
1579404	1579421	18	21.22	23	24
1580475	1580934	460	18.35	12	66
1581820	1581891	72	9.65	11	37
1582936	1583027	92	56.70	46	113
1584180	1584231	52	17.21	15	47
1584496	1584605	110	41.23	36	94
1586732	1586844	113	0.00	0	0
1587058	1587111	54	0.00	0	0
1587780	1587921	142	0.00	0	0
1588423	1588676	254	0.00	0	0
1589108	1589262	155	0.00	0	0
1589548	1589735	188	372.16	0	1831
1589934	1590176	243	236.52	0	2394
1590591	1590601	11	492.09	545	656
1591247	1591368	122	152.30	78	437
1591768	1591872	105	200.41	245.5	544
1592053	1592224	172	219.59	0	1403
1593041	1593315	275	1.16	0	12
1594069	1594481	413	202.84	86.5	715
1594800	1594974	175	4.66	0	58
1595748	1596025	278	75.20	62	238
1596239	1596418	180	27.07	24	116
1597034	1597105	72	46.03	23	118
1597259	1597351	93	0.00	0	0
1597844	1597883	40	0.00	0	0
1598385	1598473	89	0.00	0	0
1599047	1599377	331	8.14	0	52
1600338	1600890	553	0.00	0	0
1601212	1601334	123	0.00	0	0
1602418	1602429	12	0.00	0	0
1602718	1603893	1176	0.00	0	0
1604176	1604178	3	0.00	0	0
1605364	1605580	217	0.00	0	0
1606535	1606827	293	0.00	0	0
1607365	1607367	3	0.00	0	0
1607710	1608228	519	1.91	0	50
1608607	1608809	203	249.74	74.5	676
1609806	1610150	345	1514.08	172	10571
1610325	1610654	330	179.87	0	2316
1611144	1611219	76	66.24	55	110
1611976	1612047	72	161.79	172	321
1612912	1612962	51	33.63	24	104
1613239	1613240	2	66.00	132	132
1613529	1613533	5	1754.40	2194	2221
1614062	1617305	3244	24.21	0	278
1618473	1618485	13	23.31	25	31
1618798	1618902	105	43.45	42	61
1619077	1619109	33	103.12	108	132
1620106	1620352	247	29.04	28	79
1621136	1621292	157	46.65	26	164
1622112	1622323	212	7.53	0	36
1623965	1624475	511	54.60	0	568
1625706	1625781	76	4.54	0	25
1627471	1627558	88	61.61	56	146
1629233	1629572	340	517.62	85	3534
1630017	1630022	6	87.67	111	111
1630995	1631220	226	86.41	43	419
1631527	1631553	27	494.11	482.5	672
1631824	1632060	237	31.73	12.5	108
1633243	1633433	191	27.77	30	57
1633587	1633620	34	821.50	592	1743
1633852	1633925	74	298.22	107	1295
1635625	1635650	26	21.81	22	26
1636833	1637093	261	8.48	0	58
1637565	1637641	77	0.00	0	0
1638326	1638677	352	60.06	30	291
1641013	1641215	203	0.97	0	11
1642683	1644373	1691	65.47	33	892
1645157	1645170	14	53.21	62	64
1645645	1645676	32	0.00	0	0
1646163	1646232	70	3.37	0	16
1647286	1655424	8139	2.21	0	137
1656229	1656450	222	87.68	78	291
1657819	1658076	258	76.03	52	215
1658530	1658586	57	5.05	0	32
1660016	1660137	122	0.00	0	0
1660333	1660383	51	0.00	0	0
1660780	1660889	110	6.99	0	39
1663087	1663269	183	0.77	0	11
1665418	1665455	38	0.00	0	0
1666068	1666205	138	2.40	0	30
1668072	1668153	82	12.83	20	26
1669522	1669595	74	3.68	0	21
1670226	1670356	131	0.30	0	13
1672262	1672743	482	11.81	10	41
1673743	1673846	104	6.00	0	15
1676250	1676321	72	80.88	81	136
1677324	1677382	59	14.12	12	37
1678085	1678524	440	19.57	0	78
1680061	1680195	135	0.00	0	0
1681986	1682050	65	9.92	7.5	25
1684352	1684390	39	0.00	0	0
1685690	1686073	384	3.12	0	17
1688330	1688396	67	0.00	0	0
1688859	1688988	130	6.72	0	19
1689673	1689735	63	0.00	0	0
1690060	1690143	84	43.40	53	81
1690726	1690727	2	0.00	0	0
1690863	1690891	29	27.38	24	44
1692746	1692752	7	8.29	10	17
1693674	1693788	115	4.38	0	18
1694891	1695009	119	4.26	0	25
1695358	1695420	63	2.21	0	16
1696864	1696875	12	15.00	16	18
1698370	1698485	116	21.47	21	32
1699647	1699832	186	22.23	20	46
1701855	1701859	5	44.00	54	62
1702831	1702844	14	16.07	17	18
1703322	1703404	83	34.78	33.5	68
1704479	1704483	5	0.00	0	0
1706743	1707457	715	26.33	20	99
1708757	1709148	392	21.79	17	118
1709620	1709621	2	5.00	10	10
1711459	1711473	15	25.00	28	29
1712301	1712795	495	17.86	0	160
1714888	1715117	230	171.92	173	327
1715463	1715637	175	5.20	0	21
1715836	1716171	336	0.00	0	0
1716484	1716627	144	0.00	0	0
1718833	1719258	426	0.00	0	0
1721947	1722142	196	0.00	0	0
1722476	1722491	16	0.00	0	0
1722963	1723161	199	0.00	0	0
1724167	1724400	234	140.10	0	731
1724635	1724793	159	79.49	39	225
1726039	1728024	1986	1.88	0	71
1729153	1730756	1604	10.32	0	107
1732269	1732786	518	11.72	0	105
1733351	1733574	224	1.78	0	35
1734736	1735318	583	22.92	0	171
1737353	1737442	90	14.99	12	40
1738433	1738580	148	30.74	22	89
1740969	1741069	101	0.00	0	0
1742453	1743698	1246	845.30	43	22642
1745649	1745796	148	1.14	0	17
1746634	1746834	201	2.94	0	21
1747864	1747903	40	0.00	0	0
1748060	1748120	61	3.90	0	16
1748844	1748915	72	10.57	13	26
1749348	1749576	229	24.63	17.5	119
1749952	1749963	12	9.67	11	13
1750771	1751412	642	84.66	54	296
1752583	1752735	153	12.50	0	57
1753726	1753809	84	102.25	113	270
1754113	1754220	108	72.19	53	133
1756978	1757209	232	7.36	10	21
1758200	1758360	161	8.06	0	45
1759786	1759969	184	13.17	0	82
1761854	1761923	70	0.00	0	0
1762506	1763255	750	14.92	0	79
1764027	1764128	102	1.05	0	13
1764750	1764846	97	18.53	0	105
1765420	1765475	56	1309.86	2050	2197
1766703	1767622	920	13.00	12	52
1768646	1768789	144	43.92	45	155
1769345	1769402	58	184.14	63	513
1770147	1770151	5	88.40	110.5	118
1770947	1771004	58	31.97	0	77
1772187	1772223	37	2.81	0	13
1773562	1773620	59	112.03	71	281
1775997	1776007	11	14.73	16.5	20
1776563	1776597	35	3.71	0	10
1777639	1777676	38	9.13	11	13
1778124	1778332	209	128.64	62	475
1779017	1779061	45	6.31	0	24
1779836	1780300	465	2.18	0	54
1781690	1781770	81	19.51	19	42
1783028	1783134	107	14.72	0	78
1785970	1786048	79	0.89	0	10
1786511	1787383	873	1.26	0	27
1788179	1788697	519	290.18	0	3101
1789742	1790264	523	21.89	0	569
1791183	1791188	6	45.33	56	56
1791450	1791455	6	213.17	259	260
1792269	1792299	31	167.55	171	184
1793011	1793159	149	24.76	13	164
1793526	1793551	26	149.04	165	186
1794536	1794563	28	143.93	127	339
1795182	1795203	22	101.68	96	195
1795597	1795618	22	316.00	335	376
1795979	1796180	202	516.74	495	1152
1796397	1796403	7	276.29	320.5	370
1797712	1797725	14	1413.07	1495	1601
1798158	1798161	4	126.00	169	172
1798856	1798876	21	343.24	407.5	711
1799228	1799243	16	183.00	95	665
1799775	1799790	16	192.31	174	345
1800181	1800198	18	343.50	409	412
1800502	1800506	5	168.60	209	216
1801044	1801055	12	342.42	388	402
1801377	1801390	14	98.00	113	120
1801757	1801980	224	570.66	217	2118
1802242	1802243	2	24.50	49	49
1802433	1802434	2	78.00	156	156
1803525	1803536	12	72.67	57	134
1803864	1803874	11	16.36	18	26
1804151	1804158	8	28.75	33	35
1804990	1804997	8	424.25	476	506
1805927	1805928	2	158.50	317	317
1806571	1806790	220	172.90	16	716
1806980	1807358	379	10.97	10	64
1807668	1807687	20	80.10	83	92
1808870	1808959	90	651.56	993	1198
1811063	1811083	21	131.90	142	149
1811552	1811671	120	122.38	92	325
1812041	1812221	181	48.51	0	405
1812369	1812377	9	0.00	0	0
1813519	1813760	242	1.38	0	13
1814820	1815109	290	2.76	0	15
1819283	1819437	155	22.14	25	36
1823614	1823806	193	132.62	26	814
1824176	1824235	60	1778.28	1803	2717
1824734	1824963	230	1137.00	456	4341
1825657	1825658	2	483.00	966	966
1826091	1826193	103	570.11	625.5	1154
1826728	1826731	4	135.00	181	185
1827008	1827206	199	2731.02	52.5	11487
1828389	1828807	419	1348.02	601.5	6596
1829057	1829181	125	41.30	50	70
1829749	1829853	105	26.23	0	171
1830190	1832026	1837	50.93	18	493
1834331	1834410	80	10.01	14	32
1834870	1834897	28	36.11	37	43
1836083	1836175	93	14.13	0	78
1839564	1839565	2	11.50	23	23
1841388	1841468	81	61.68	65.5	97
1842393	1842482	90	139.63	127	220
1842984	1843058	75	30.41	0	161
1843254	1843283	30	83.33	53	231
1844619	1844693	75	6.47	0	25
1844856	1845041	186	5.72	0	19
1845690	1845753	64	7.91	0	31
1846210	1846221	12	22.00	24	25
1847140	1847377	238	40.31	40	167
1848218	1848737	520	45.00	36	121
1848972	1849021	50	183.12	211	308
1849610	1849887	278	47.77	13	186
1850437	1851527	1091	79.75	43	667
1852998	1854668	1671	2.03	0	39
1855089	1855268	180	0.63	0	18
1855416	1855435	20	0.00	0	0
1855631	1855642	12	0.00	0	0
1856657	1856757	101	9.21	0	36
1857970	1858224	255	12.03	0	84
1858504	1859710	1207	17.55	14	70
1861710	1861742	33	27.45	37	45
1864014	1864134	121	1.56	0	36
1865149	1865151	3	0.00	0	0
1866190	1866296	107	0.00	0	0
1867161	1867901	741	0.55	0	17
1869918	1870114	197	75.97	0	349
1871234	1872223	990	18.87	0	119
1872515	1878577	6063	0.27	0	35
1878992	1879144	153	11.31	5	65
1879934	1879984	51	5.20	0	15
1880390	1880391	2	0.00	0	0
1881076	1881197	122	387.98	18	1474
1882239	1882404	166	33.90	32	59
1883629	1883747	119	7.40	0	29
1885896	1886379	484	2.40	0	24
1886662	1891119	4458	15.47	0	468
1891510	1891591	82	26.37	0	113
1893038	1893102	65	32.51	35	72
1894372	1894414	43	7.84	11	24
1894862	1894896	35	19.17	18.5	24
1895869	1896235	367	85.38	11	837
1897487	1897569	83	27.29	0	80
1898761	1898814	54	3.69	0	24
1899061	1899155	95	6.77	0	20
1900718	1900913	196	66.27	11	435
1901394	1901519	126	80.58	0	465
1902524	1902641	118	94.80	13	398
1904034	1904056	23	0.00	0	0
1904450	1904455	6	18.17	22	22
1904945	1904952	8	15.25	17	26
1905079	1905222	144	0.00	0	0
1907815	1908250	436	6.92	0	119
1909253	1909406	154	14.90	0	112
1910085	1910546	462	497.31	266	2418
1911180	1911218	39	14.21	18.5	37
1912185	1912412	228	90.41	12	350
1913160	1913172	13	145.38	158.5	193
1914106	1914831	726	28.70	28	99
1915033	1915306	274	23.37	21	55
1916576	1916611	36	47.69	38	108
1917212	1917228	17	0.00	0	0
1917742	1917895	154	2.82	0	15
1918316	1918567	252	8.36	0	25
1918745	1918752	8	11.25	13	13
1919338	1919361	24	14.71	17	19
1920938	1921057	120	13.06	16	30
1921394	1921469	76	263.33	361	412
1921917	1922249	333	31.67	0	156
1923150	1923254	105	21.78	16	83
1924356	1924515	160	5236.74	1692	14120
1924726	1924853	128	2473.72	1319	6802
1925112	1925125	14	0.00	0	0
1926581	1927363	783	0.70	0	15
1931531	1931587	57	12.14	13	22
1933493	1933805	313	5.12	0	37
1935033	1935185	153	20.48	16	49
1936473	1936474	2	0.00	0	0
1936676	1936945	270	0.07	0	10
1937210	1937604	395	3.86	0	26
1938946	1939072	127	6.61	0	47
1939871	1939912	42	6.95	12	16
1940897	1942503	1607	3.42	0	34
1942876	1943051	176	58.42	59	111
1943406	1944696	1291	49.99	23	420
1945054	1947206	2153	11.56	0	94
1947414	1947492	79	45.37	48	103
1947850	1947856	7	12.00	14	14
1949351	1949392	42	0.00	0	0
1950353	1950485	133	12.71	0	47
1951203	1951421	219	10.63	0	123
1952274	1952404	131	40.79	23	131
1953131	1953305	175	60.22	41.5	166
1953537	1953538	2	7.00	14	14
1954196	1954258	63	8.79	0	26
1954847	1955232	386	39.08	0	152
1956697	1956885	189	18.00	15	132
1957444	1957497	54	0.00	0	0
1957795	1957895	101	48.72	41	109
1958673	1958714	42	2.19	0	11
1959363	1959372	10	47.60	51	65
1959979	1960044	66	22.98	13	50
1960636	1960642	7	177.57	205	219
1960988	1961036	49	20.41	19	36
1961910	1961934	25	10.76	13	24
1962754	1962755	2	56.50	113	113
1963908	1963963	56	17.07	0	87
1965958	1965975	18	16.39	17	19
1967395	1967567	173	3.47	0	15
1968676	1968687	12	0.00	0	0
1969216	1969310	95	4.16	0	16
1970424	1970600	177	39.41	16	246
1971180	1971243	64	32.06	11	112
1972096	1972737	642	643.59	17	4701
1975017	1975131	115	3.79	0	14
1975954	1976164	211	108.11	49	334
1976285	1976421	137	0.00	0	0
1976656	1976688	33	0.00	0	0
1977475	1977555	81	0.00	0	0
1977748	1978171	424	1.88	0	20
1978787	1978810	24	0.00	0	0
1981132	1981420	289	0.00	0	0
1982861	1983006	146	0.23	0	12
1984322	1984325	4	19.25	25	28
1985055	1985169	115	41.67	35	83
1986022	1986402	381	6.28	0	69
1987258	1987345	88	21.53	19	48
1988732	1988734	3	18.33	27.5	28
1988957	1989066	110	40.53	34	87
1989259	1989358	100	11.81	0	28
1990127	1990244	118	0.61	0	11
1992996	1993120	125	89.81	21	458
1994108	1994163	56	20.48	0	59
1994491	1994503	13	22.08	24	24
1994807	1995171	365	9026.05	3029	36813
1995601	1995615	15	1170.93	1158	1755
1996006	1996388	383	9.57	0	132
1996881	1997075	195	11.75	13	22
1998003	1998133	131	0.00	0	0
1998881	1999005	125	26.23	28	55
1999585	1999605	21	58.19	59	71
2000953	2000969	17	151.06	166	169
2001756	2002089	334	7.02	0	72
2003878	2003946	69	5.61	0	19
2004577	2004671	95	0.00	0	0
2005494	2005564	71	9.99	0	89
2006126	2006211	86	24.00	32	50
2006647	2006869	223	2.95	0	20
2007137	2007138	2	5.50	11	11
2008912	2009040	129	10.19	10	31
2009980	2009990	11	20.09	22	24
2010864	2011463	600	508.46	0	5824
2013363	2015246	1884	0.67	0	19
2015466	2017050	1585	0.00	0	0
2017363	2017439	77	3.56	0	27
2019492	2019609	118	5.65	0	22
2021446	2021481	36	14.33	18	30
2021668	2021720	53	0.00	0	0
2022240	2022524	285	3.04	0	15
2023848	2024899	1052	0.00	0	0
2026064	2026372	309	0.98	0	17
2027636	2027709	74	9.09	13	20
2028037	2028113	77	12.79	22	25
2029482	2029538	57	0.53	0	10
2030513	2030573	61	35.69	0	169
2031573	2031668	96	28.84	25	69
2032515	2032542	28	35.75	35	44
2033023	2033108	86	7.12	0	25
2034675	2034822	148	0.00	0	0
2036086	2039364	3279	1.27	0	67
2040286	2046713	6428	0.72	0	55
2048141	2048172	32	0.00	0	0
2048734	2048878	145	6.90	0	22
2050529	2050597	69	3.71	0	16
2051651	2051804	154	0.00	0	0
2053044	2053193	150	3.47	0	26
2053920	2053958	39	7.85	0	20
2054874	2055061	188	3.96	0	43
2055578	2055599	22	1.50	0	11
2056983	2057325	343	1.21	0	12
2058916	2058946	31	0.00	0	0
2060146	2060206	61	49.20	0	167
2060591	2060645	55	47.65	40	88
2061114	2061189	76	111.59	17	423
2061454	2061612	159	50.78	31.5	216
2062294	2062425	132	79.49	89	178
2062939	2063079	141	28.94	31	61
2065024	2065060	37	6.22	10	13
2065817	2065902	86	13.65	18	27
2066527	2066573	47	0.00	0	0
2068504	2068733	230	4.94	0	23
2069703	2069856	154	0.00	0	0
2071996	2072505	510	24.90	0	429
2072794	2072887	94	980.93	497	2219
2074520	2075175	656	17.76	0	155
2076760	2076902	143	7.13	0	37
2077323	2077518	196	0.81	0	14
2078737	2078749	13	0.00	0	0
2078918	2078990	73	9.16	0	35
2079312	2079346	35	31.23	36.5	43
2079764	2079787	24	19.04	20	24
2080292	2080438	147	3.10	0	12
2083229	2083792	564	4.96	0	25
2084486	2084727	242	42.60	25	134
2089132	2089205	74	39.91	39	55
2089539	2089571	33	17.67	16.5	28
2091017	2091810	794	6.02	0	21
2094238	2095594	1357	0.71	0	14
2097206	2097268	63	0.00	0	0
2099156	2099284	129	1.06	0	21
2100212	2102862	2651	3.34	0	65
2103721	2103770	50	41.20	47	52
2105090	2105122	33	22.79	21	41
2105711	2105763	53	4.02	0	25
2106870	2106876	7	27.00	32	32
2107357	2107358	2	25.00	50	50
2108225	2108307	83	22.55	23	34
2108824	2108957	134	155.43	29	552
2109171	2109424	254	10.65	0	143
2110064	2110211	148	0.08	0	12
2111886	2112094	209	27.41	0	124
2112698	2112771	74	16.22	15	33
2113162	2113211	50	2.60	0	10
2113903	2113940	38	283.50	270	402
2114151	2114441	291	74.90	63	226
2116290	2116330	41	6.51	0	18
2116514	2116668	155	71.85	35	202
2117404	2117407	4	13.25	18	18
2118092	2118252	161	26.56	0	81
2119117	2119181	65	17.05	18	32
2119752	2119908	157	19.42	0	146
2120767	2120816	50	17.56	19	20
2121237	2121442	206	151.52	86	429
2122650	2122708	59	262.88	289	341
2122943	2123014	72	205.04	112	620
2123483	2123489	7	182.71	213.5	215
2124021	2124033	13	550.92	680.5	689
2125579	2125605	27	107.67	103	161
2126479	2126518	40	65.78	56	124
2127914	2127926	13	497.31	550	562
2128347	2128520	174	9.18	0	86
2129415	2129533	119	16.97	0	49
2131595	2132699	1105	21.98	0	355
2133537	2134534	998	13.98	13	58
2135549	2135569	21	41.05	42	47
2136410	2136607	198	149.84	155	321
2137331	2137436	106	12.16	14	34
2138229	2138448	220	4548.15	400	23265
2138932	2138998	67	19.31	0	59
2139743	2139806	64	125.22	145	187
2141370	2141471	102	14.04	17	28
2143338	2143478	141	9.84	0	29
2144403	2144430	28	11.32	15	17
2144800	2144848	49	19.35	16.5	35
2145809	2146658	850	1.29	0	17
2146908	2147047	140	0.00	0	0
2148092	2148183	92	12.71	10	31
2148709	2148885	177	25.78	21	55
2149063	2149098	36	109.08	109	138
2149597	2149746	150	31.45	28	143
2151170	2151189	20	0.50	0	10
2152825	2152851	27	23.63	28	31
2152984	2152999	16	12.50	14	16
2153219	2153285	67	28.49	31	43
2153649	2153653	5	52.20	65	67
2153786	2153922	137	18.90	0	172
