#start	end	length	mean	median	max
1	158	158	17.49	0	65
1713	1794	82	47.49	13	105
2896	3046	151	0.15	0	11
5102	5272	171	0.00	0	0
5714	6499	786	3.37	0	43
9134	9364	231	1.40	0	11
10292	10393	102	24.51	24	46
11069	11090	22	0.00	0	0
11544	12106	563	9.98	11	33
12305	12416	112	25.68	30	56
12726	13340	615	43.81	25	195
13623	14080	458	512.24	0	6735
14429	14437	9	41.22	44	56
15209	15369	161	7.37	0	28
15895	15999	105	14.73	0	70
16654	16736	83	5.12	0	17
17058	17322	265	36.11	17	128
19498	19762	265	1.47	0	20
20084	20118	35	0.00	0	0
21249	21325	77	0.00	0	0
22280	22394	115	0.00	0	0
24408	24505	98	11.04	0	38
26239	26308	70	8.83	11	16
26948	27011	64	8.00	0	22
28855	28995	141	3.40	0	26
29851	29991	141	5.80	0	54
31054	31249	196	5.09	0	54
32165	32251	87	0.00	0	0
34163	34411	249	13.53	10	54
35738	36106	369	2.40	0	15
36458	36523	66	12.65	12	18
37802	39109	1308	5.02	0	67
39671	39690	20	0.00	0	0
40576	40681	106	18.46	24	49
42041	42156	116	18.38	18	31
42855	42973	119	5.18	0	30
44012	44214	203	0.92	0	12
47428	47440	13	46.77	47.5	65
47972	49538	1567	39.80	0	694
49926	50523	598	10.52	0	85
51655	51926	272	0.00	0	0
52242	52526	285	5.02	0	19
55668	57121	1454	18.86	0	182
58199	58574	376	44.85	0	477
59082	59487	406	104.15	72	321
59863	59980	118	43.21	22	111
60479	60496	18	40.72	42	50
61190	61830	641	9.73	11	60
63505	63620	116	4.66	0	31
64710	64749	40	21.27	30	40
66858	66921	64	4.53	0	15
68215	70213	1999	51.01	0	1439
71171	71314	144	33.40	25	78
74102	74782	681	2.09	0	26
75578	76564	987	0.36	0	21
77057	77088	32	86.72	85	107
78055	78812	758	0.83	0	19
79470	80405	936	0.74	0	17
81335	81988	654	3.74	0	44
85421	85955	535	0.93	0	22
86368	86664	297	10.72	0	37
87499	87552	54	0.00	0	0
88843	88900	58	0.00	0	0
90809	90858	50	0.00	0	0
92032	92164	133	0.68	0	12
94563	94578	16	0.00	0	0
97059	97255	197	9.66	0	55
98363	98396	34	0.00	0	0
98847	98877	31	0.00	0	0
99718	100458	741	22.36	13	144
101536	101617	82	0.00	0	0
102128	103397	1270	29.74	18	204
105567	105587	21	30.52	32	36
106131	106150	20	97.10	66	167
106796	106798	3	62.67	94	94
107396	107400	5	559.00	699	700
108514	108667	154	152.08	164	320
111062	111183	122	8.42	12	21
111817	112019	203	38.51	42	96
112641	112857	217	7.69	0	104
116051	116168	118	18.37	18	38
117231	117277	47	0.00	0	0
118169	118489	321	4.27	0	23
119684	119750	67	1.51	0	13
121158	121404	247	233.09	0	1365
122066	122258	193	0.00	0	0
123570	124549	980	0.00	0	0
125798	125834	37	0.00	0	0
127326	127546	221	19.96	0	339
128308	128353	46	3.72	0	11
130394	130989	596	4.97	0	31
132321	132346	26	0.00	0	0
132473	132574	102	0.00	0	0
133727	133903	177	58.67	54.5	102
134309	134371	63	25.78	19	85
135644	135830	187	12.98	15	28
136176	136191	16	10.81	13	13
136405	137770	1366	1.33	0	69
138995	139095	101	40.53	26	93
139474	139484	11	0.00	0	0
140157	140186	30	16.07	22	28
140700	140789	90	1.90	0	11
141210	141477	268	13.83	15	43
142483	142699	217	18.94	19	44
142901	142977	77	0.00	0	0
144061	144119	59	0.00	0	0
145638	145667	30	0.00	0	0
145815	145842	28	9.50	11	12
147340	147479	140	3.61	0	28
148107	148155	49	0.00	0	0
148690	148718	29	0.00	0	0
148863	148947	85	1.39	0	14
150226	150517	292	21.87	13	71
151895	152039	145	4.14	0	20
152862	152865	4	7.50	10	10
154433	156344	1912	7.47	0	154
157580	157761	182	0.30	0	15
159133	159158	26	0.00	0	0
159345	159348	4	14.75	20	20
160351	160451	101	0.10	0	10
161318	161370	53	0.00	0	0
162238	162893	656	20.09	12	310
163026	163143	118	352.61	93	3060
163936	164162	227	7.56	0	26
166764	167613	850	1.36	0	16
167803	167837	35	45.51	72	83
168303	168361	59	0.00	0	0
168740	168744	5	0.00	0	0
169120	169179	60	0.00	0	0
170064	170108	45	0.00	0	0
170973	171010	38	0.00	0	0
172119	172197	79	0.00	0	0
173023	173107	85	0.00	0	0
173861	174153	293	7.76	0	39
174517	174533	17	20.24	21	29
175281	175282	2	87.50	175	175
175790	175807	18	852.56	601	1559
176051	178638	2588	1.68	0	149
180043	180057	15	110.20	119	120
180733	180924	192	36.60	0	139
183080	183090	11	0.00	0	0
183736	183742	7	0.00	0	0
184511	184525	15	0.00	0	0
185210	185215	6	653.00	790	804
185417	185465	49	131.57	155	181
185787	185862	76	23.55	26	39
186184	186326	143	85.90	18	628
187389	188255	867	30.71	0	400
189372	189504	133	71.32	0	257
189769	189978	210	76.72	72	179
191833	191838	6	132.17	158	163
192772	192978	207	52.06	45	179
193246	193357	112	6.13	0	21
194648	194983	336	0.00	0	0
195947	195948	2	19.00	38	38
196834	196857	24	28.38	11	90
198256	198351	96	34.47	39	58
199816	200271	456	59.23	0	358
201529	201751	223	0.20	0	15
204134	204490	357	61.42	0	549
205142	205269	128	4.23	0	14
206089	206176	88	3.58	0	17
207702	208086	385	3.74	0	18
208708	208982	275	2.21	0	18
210117	210213	97	1.52	0	23
211195	211237	43	143.88	152	181
211766	211935	170	16.43	19	35
213529	213637	109	1.74	0	10
214031	214063	33	1.45	0	12
214829	214843	15	7.33	10	10
215579	215613	35	19.40	20	23
216250	216381	132	11.03	13	29
217882	218068	187	18.66	19	43
219125	219147	23	0.00	0	0
220675	220732	58	14.31	18	20
221726	222118	393	12.71	0	119
222458	222517	60	12.98	16	34
223892	223912	21	0.00	0	0
224780	224809	30	0.00	0	0
225633	225742	110	20.75	18	55
226274	226377	104	13.23	0	103
226834	227385	552	28.03	0	418
229270	229299	30	437.50	496	1009
229720	230199	480	47.22	39	138
230443	230447	5	0.00	0	0
230832	231054	223	191.04	5	927
231442	231483	42	15.19	16	25
232939	232955	17	0.00	0	0
233784	233862	79	3.96	0	21
234250	234398	149	0.00	0	0
234924	235368	445	1.24	0	23
236542	236600	59	0.00	0	0
239070	239205	136	0.00	0	0
240490	240685	196	0.00	0	0
241256	241341	86	17.19	17	29
242287	242397	111	34.85	0	140
243016	243239	224	63.19	53	183
244518	244632	115	23.68	20	60
244834	244921	88	3.41	0	12
245951	246158	208	32.39	31	76
246690	246913	224	7.20	0	29
247852	247876	25	29.12	29	38
248171	248227	57	0.00	0	0
248390	248914	525	2530.25	25	32246
249698	249736	39	42.10	43	52
250607	250668	62	9.26	13	18
251278	251642	365	114.29	80.5	552
252027	252029	3	22.67	34	34
252621	253333	713	0.00	0	0
254366	254446	81	0.00	0	0
254870	254949	80	3.88	0	21
255424	255472	49	9.71	12	15
255794	255966	173	0.82	0	11
256684	256720	37	7.54	10	13
257654	260588	2935	2.38	0	116
261213	261273	61	0.00	0	0
261763	261864	102	21.58	20	35
263407	263602	196	20.05	0	211
265131	265146	16	0.00	0	0
266419	266451	33	19.06	22	27
266890	266896	7	10.43	13	13
267269	267328	60	43.67	19	107
268055	268098	44	47.77	32	76
268552	268664	113	9.06	11	25
269232	269248	17	19.18	20.5	24
270026	271015	990	8.99	0	89
272216	272293	78	23.31	26	37
277073	277604	532	1.69	0	70
279678	279749	72	4.93	0	25
281674	282854	1181	3.82	0	42
283173	283230	58	0.00	0	0
284008	284061	54	45.15	70	115
284539	284542	4	19.50	26	26
285539	285661	123	18.25	20	41
286079	286105	27	0.00	0	0
286670	286762	93	19.04	0	57
287645	288379	735	1.08	0	32
289250	289506	257	41.10	53.5	93
291043	291114	72	0.00	0	0
291853	292058	206	8.67	0	64
294242	294434	193	0.00	0	0
295443	295526	84	0.00	0	0
296640	296949	310	200.00	0	1684
298861	298880	20	44.10	44	63
299400	299548	149	1138.98	840.5	2554
299744	299758	15	319.67	344	383
300116	300292	177	58.44	55	273
301346	301364	19	7.95	11	11
301776	302131	356	51.88	36	160
302375	302382	8	128.88	144	174
303130	303222	93	125.20	31	249
305584	305659	76	137.07	80	448
306252	306429	178	3.60	0	39
306913	307548	636	0.00	0	0
309983	310108	126	13.24	14	30
311394	311580	187	59.35	35.5	421
312028	312033	6	37.00	43	47
313829	313911	83	10.43	13	23
314851	314953	103	0.00	0	0
315554	315739	186	53.44	0	293
317411	318157	747	11.35	0	86
319775	319872	98	6.73	10	16
320263	320307	45	34.93	34.5	53
321043	321264	222	2003.63	0	13807
321742	321871	130	437.79	0	1369
322364	322375	12	0.00	0	0
322748	323454	707	10.78	0	225
323746	323876	131	487.54	0	1366
324813	325072	260	2.04	0	28
325574	325627	54	29.56	0	89
326501	326608	108	4.84	0	16
326960	327040	81	25.33	28	41
327272	327645	374	54.89	22	190
328507	328605	99	45.17	0	127
329563	329798	236	67.39	0	443
331920	331994	75	4.32	0	16
332972	333110	139	9.76	0	54
334562	334759	198	338.77	61	1735
335690	337102	1413	32.55	15	792
337337	337538	202	7.08	10	31
338556	338703	148	12.43	10	54
340495	340638	144	10.08	11	24
341338	341525	188	239.69	0	952
342636	342671	36	125.08	144	170
343647	343652	6	167.83	197	210
344001	344007	7	37.14	43	44
344785	344812	28	19.11	23	49
345026	345128	103	50.06	33.5	108
345438	345439	2	15.50	31	31
346170	346194	25	42.52	43	46
346513	346734	222	12.83	13	38
347329	347354	26	89.23	86	120
348177	348178	2	36.00	72	72
349145	349425	281	0.36	0	13
349849	349868	20	45.90	48	54
350631	350704	74	221.30	53	795
353191	353267	77	11.03	0	35
354330	354394	65	10.91	14	16
356282	356284	3	7.33	11	11
358441	358467	27	0.00	0	0
358723	358829	107	13.21	0	37
360207	360483	277	34.40	23	109
360862	361087	226	5.43	0	19
365086	365164	79	0.00	0	0
366071	366357	287	82.17	0	1142
367889	367900	12	21.25	23	33
368654	368711	58	5.60	0	35
370092	370261	170	2.53	0	14
370769	370890	122	28.96	31	69
372304	372534	231	2.89	0	16
372895	373160	266	0.00	0	0
373737	373791	55	13.36	22	27
374498	374715	218	5.55	0	28
376681	376746	66	1.09	0	12
377365	377476	112	25.13	0	185
377759	377929	171	48.96	42	114
378944	379009	66	1.17	0	13
380165	380369	205	12.08	0	61
381141	381339	199	15.82	17.5	34
382003	382059	57	29.95	42	80
382816	382842	27	0.00	0	0
383731	383752	22	0.00	0	0
384317	384368	52	10.12	13	15
385143	385199	57	0.00	0	0
385848	385861	14	0.00	0	0
386900	386945	46	0.00	0	0
388323	388381	59	12.12	0	96
388568	388661	94	941.73	1321	1794
389811	389911	101	33.68	24	72
391214	391451	238	1.16	0	44
392289	392505	217	10.71	0	66
393151	393676	526	18.22	11	96
394415	394472	58	25.03	19	47
395433	395498	66	6.32	0	19
396501	396577	77	0.00	0	0
398120	398237	118	5.14	0	14
399087	400708	1622	23.61	0	639
403805	403846	42	0.00	0	0
406136	406139	4	11.25	15	15
406440	406686	247	1066.68	10	4434
406888	407188	301	112.03	25	842
408518	408673	156	9.44	0	171
409178	409226	49	36.16	37.5	43
409938	410008	71	0.56	0	10
411707	412066	360	5.87	0	21
413423	413597	175	39.35	36.5	72
413919	414025	107	109.67	52	356
414977	415004	28	3.29	0	11
415488	415589	102	1.63	0	11
416175	416314	140	11.16	12	23
417047	417114	68	11.54	0	36
417679	417776	98	0.34	0	11
418164	418217	54	0.00	0	0
419115	419147	33	16.30	20	26
420603	420754	152	34.98	19	88
421382	421384	3	34.33	51.5	52
422678	422807	130	5.48	0	48
423462	423519	58	0.00	0	0
423742	423972	231	0.00	0	0
424108	425227	1120	10.40	0	132
425516	426077	562	0.00	0	0
426618	426785	168	0.00	0	0
427707	427787	81	0.00	0	0
428427	428483	57	0.18	0	10
429273	429657	385	158.47	0	1441
430447	430571	125	9.20	0	44
431406	433711	2306	18.71	15	109
434291	434302	12	17.25	19	21
435146	435486	341	688.50	197.5	4236
436468	436536	69	39.28	40	57
437107	437234	128	68.86	43	230
438402	438552	151	0.21	0	12
440077	440134	58	7.76	0	37
441209	441351	143	0.00	0	0
442171	443376	1206	11.67	0	72
443707	444038	332	108.04	32	439
444546	445523	978	37.75	16	272
446928	447237	310	40.21	24	184
447901	447934	34	25.47	28	32
450586	450657	72	1.11	0	13
450964	451839	876	2.53	0	44
452290	452363	74	45.07	42	115
453549	453862	314	7.04	0	22
454640	455172	533	936.02	56	9059
456367	456724	358	2.79	0	20
456992	457188	197	3.72	0	20
457870	457882	13	0.00	0	0
458417	458529	113	0.00	0	0
458743	458796	54	0.00	0	0
459465	459606	142	0.00	0	0
460291	460361	71	0.00	0	0
460733	460948	216	0.00	0	0
461234	461421	188	0.00	0	0
462168	462202	35	0.00	0	0
462401	462600	200	0.00	0	0
463446	463488	43	27.37	23.5	57
463924	464038	115	1.34	0	12
464753	465139	387	0.00	0	0
465458	465464	7	0.00	0	0
465858	465977	120	0.00	0	0
468398	468416	19	0.00	0	0
468699	468739	41	0.00	0	0
469232	469410	179	0.00	0	0
469558	469695	138	0.00	0	0
470462	470507	46	18.41	25	31
470913	471137	225	91.02	41.5	341
471642	471964	323	1146.20	86	7490
472184	472478	295	7.47	0	43
472926	472989	64	0.00	0	0
476553	476622	70	0.00	0	0
477778	477820	43	0.00	0	0
479318	479326	9	0.00	0	0
479687	479691	5	0.00	0	0
480220	480369	150	0.00	0	0
481125	481152	28	0.00	0	0
481924	481986	63	0.00	0	0
482314	482327	14	0.00	0	0
482592	482593	2	0.00	0	0
484042	484045	4	23.00	32	32
484475	484504	30	29.30	41	49
484784	485025	242	135.62	132	447
489169	489282	114	2.13	0	11
489586	489592	7	0.00	0	0
490526	490590	65	126.42	135.5	309
490822	490831	10	11.30	13	14
491177	491178	2	23.00	46	46
491413	491621	209	31.62	0	266
492159	492161	3	0.00	0	0
492504	492679	176	0.00	0	0
492989	493003	15	0.00	0	0
493151	493182	32	0.00	0	0
496228	496289	62	30.60	10	83
496767	497110	344	4088.10	0	26078
498098	498359	262	10.29	12	26
498546	498788	243	13.81	0	168
499821	500438	618	4.96	0	45
501472	501652	181	2.54	0	16
503633	503724	92	0.00	0	0
505276	505290	15	16.80	18	20
505444	505528	85	0.00	0	0
507700	507712	13	0.00	0	0
509147	510722	1576	1.21	0	27
511095	512904	1810	14.05	12	79
514000	515355	1356	20.72	13	115
515809	515887	79	27.81	28	42
517276	517342	67	15.67	0	57
517898	518015	118	0.51	0	10
520077	520168	92	7.89	11	14
523106	523201	96	0.00	0	0
524159	524252	94	0.00	0	0
525117	525150	34	8.44	11	15
525511	525587	77	140.40	47	356
526065	526088	24	60.33	67	68
526779	526784	6	17.17	21	21
527658	527867	210	0.00	0	0
531486	531769	284	0.00	0	0
532718	532939	222	0.00	0	0
534431	534500	70	2.43	0	16
535896	535923	28	0.00	0	0
536110	536175	66	11.70	11	15
536734	536936	203	7.69	0	34
537588	540133	2546	15.89	10	251
541682	542107	426	6.88	0	56
543890	543909	20	171.85	181	192
544198	544444	247	41.22	36	101
546032	546183	152	173.95	88	564
548845	549543	699	104.67	0	1340
551254	551318	65	17.25	12	72
551973	551984	12	1.75	0	11
552979	552982	4	0.00	0	0
553541	553868	328	8.66	10	26
555663	555791	129	27.56	25	53
557265	557596	332	22.87	18	99
559622	559801	180	1.46	0	16
560558	561639	1082	5.47	0	59
562354	563999	1646	0.85	0	17
565884	565940	57	4.93	0	13
568116	568256	141	12.06	14	32
569205	569362	158	776.80	122	3450
569729	569731	3	41.33	62	62
570032	570040	9	513.78	569	610
570269	570287	19	49.84	54	57
570738	571362	625	101.81	51	878
572167	572169	3	0.00	0	0
572914	572970	57	18.26	19	34
573241	573499	259	39.54	21	174
573980	574028	49	11.88	0	39
575238	575668	431	28.14	30.5	83
577898	578771	874	26.04	0	432
580083	580180	98	150.80	155	232
580793	580848	56	7.46	0	23
582112	582129	18	0.00	0	0
582889	582893	5	0.00	0	0
583986	584131	146	4.21	0	27
584441	584615	175	62.17	58	133
585765	586296	532	1.93	0	17
587041	588392	1352	8.57	0	59
588798	588995	198	5.14	0	125
589290	589320	31	139.16	121.5	232
591004	591158	155	73.86	84	159
591813	592047	235	0.93	0	11
593416	593891	476	43.68	31	192
594582	594651	70	2.77	0	16
596626	596806	181	26.61	0	170
597470	597524	55	6.35	0	29
598350	598439	90	20.78	29	46
599205	599469	265	17.36	0	129
599779	600311	533	15.14	0	170
602589	602882	294	22.55	17	65
604035	604157	123	7.67	0	53
604446	604488	43	25.35	14	53
604765	604934	170	23.80	18	99
606219	606267	49	38.12	40.5	60
606706	606722	17	4.82	0	14
607563	607586	24	0.00	0	0
607968	608131	164	23.23	20	53
608432	608467	36	0.00	0	0
608585	608659	75	0.00	0	0
612362	612422	61	9.10	0	25
615213	615337	125	0.00	0	0
617342	617566	225	31.35	17.5	115
618218	618438	221	0.23	0	10
621187	621286	100	3.66	0	24
621638	621688	51	0.00	0	0
621836	622049	214	190.50	60	670
622368	622456	89	32.67	36.5	50
622841	623655	815	102.44	67	362
623944	623951	8	27.50	31	34
625164	625194	31	4.84	0	16
625868	625990	123	677.54	118	2398
627161	627311	151	77.32	14	467
632344	632562	219	3.84	0	20
633481	633540	60	0.00	0	0
634445	634629	185	81.88	77	147
635872	635980	109	108.45	28	610
637172	637577	406	128.01	12	883
638076	638162	87	0.46	0	10
638715	638730	16	14.88	19	19
638929	639281	353	7.35	0	145
640668	640880	213	125.49	97	322
641943	641996	54	11.15	0	51
642327	642626	300	0.97	0	12
643098	643170	73	1.92	0	12
643990	644188	199	0.63	0	15
645542	646045	504	1.52	0	22
647585	647645	61	6.93	0	20
648696	648915	220	1.57	0	26
649546	649677	132	11.28	15	29
650686	650779	94	20.70	14	40
652208	652252	45	26.18	24.5	40
654625	654689	65	38.14	35	59
654978	655129	152	28.83	13	111
655781	655787	7	24.29	29	29
657129	657179	51	0.00	0	0
657606	657752	147	0.00	0	0
657936	657953	18	0.00	0	0
659208	659245	38	0.00	0	0
660113	660155	43	0.00	0	0
660969	661214	246	11.79	10	40
661998	662117	120	12.70	0	38
662957	662986	30	15.77	12	41
664055	664090	36	27.69	28	34
664820	664837	18	55.17	70	82
666107	666275	169	12.67	14	34
666915	666978	64	7.48	0	18
667231	667327	97	10.06	10	29
668735	669168	434	70.44	0	449
670336	670460	125	5.41	0	16
671136	671210	75	0.00	0	0
671934	672087	154	13.13	11	35
673366	673442	77	17.68	17	29
677003	677178	176	0.00	0	0
677329	677672	344	1.65	0	23
678447	678636	190	17.02	0	71
679429	679477	49	17.84	19	23
680885	680959	75	22.63	25	31
681326	684225	2900	3.84	0	62
687344	688650	1307	44.79	28	187
689959	690059	101	0.00	0	0
693084	693135	52	0.00	0	0
693367	693415	49	48.55	43.5	67
695169	695181	13	0.00	0	0
696022	696090	69	43.39	43	75
697690	697718	29	7.48	11	13
697986	698002	17	0.00	0	0
699092	708429	9338	0.81	0	28
708796	709173	378	18.55	13	72
710221	710376	156	0.00	0	0
711391	711636	246	0.00	0	0
711820	712010	191	6.77	0	36
712647	712858	212	10.94	10	82
714692	715213	522	39.85	12	517
716657	716810	154	39.49	40	80
718471	718521	51	42.41	43	54
719368	719595	228	11.03	10	37
721240	721255	16	50.31	57	59
721457	721458	2	0.00	0	0
722470	722516	47	0.00	0	0
722655	722895	241	0.98	0	18
723464	726766	3303	0.00	0	0
727313	727335	23	0.00	0	0
728236	728343	108	0.00	0	0
728554	728610	57	0.56	0	11
729262	729285	24	0.00	0	0
729568	729606	39	3.49	0	12
729868	731377	1510	0.53	0	15
732312	732448	137	0.00	0	0
732743	733056	314	8.86	0	30
734113	734184	72	19.11	13	50
736198	736219	22	0.00	0	0
736982	737183	202	4.44	0	19
738228	738882	655	19.18	11	208
739216	739298	83	28.28	25	64
741420	741516	97	0.00	0	0
743491	743636	146	8.79	0	75
743820	743832	13	8.46	11	11
744499	744500	2	0.00	0	0
745212	745261	50	0.00	0	0
745745	747668	1924	0.00	0	0
748575	748732	158	0.00	0	0
751153	751361	209	0.14	0	10
751974	752093	120	5.34	0	22
752754	752763	10	2.00	0	10
753625	753639	15	18.40	18	24
754072	754219	148	14.74	0	73
754910	755000	91	132.46	0	326
755145	755150	6	50.83	61	61
756180	756265	86	18.06	12	43
756572	756605	34	19.85	23	26
756744	756991	248	8.29	10	17
758222	758302	81	0.00	0	0
759929	760080	152	9.09	0	62
760453	760503	51	17.51	18.5	28
762040	762108	69	11.59	0	55
762724	762906	183	179.54	141	675
763156	763286	131	4.62	0	24
765220	765288	69	25.55	24	45
767032	767721	690	5.32	0	28
768721	768870	150	0.00	0	0
769438	769562	125	36.91	5	156
772603	772651	49	9.29	12	16
774384	774581	198	47.16	34	118
774951	775029	79	21.99	25	38
776950	776977	28	0.00	0	0
777332	777424	93	0.32	0	10
777935	777984	50	10.94	12	29
778159	778407	249	3.28	0	17
778828	778866	39	0.00	0	0
779524	779606	83	11.54	13	36
780012	780028	17	24.18	27.5	31
780974	781082	109	8.79	0	36
782151	782210	60	3.03	0	13
782611	782665	55	54.96	58	70
784212	784688	477	1.28	0	13
785151	785180	30	54.33	56	59
785652	785741	90	329.43	388	754
786312	786350	39	0.00	0	0
788907	789055	149	5.95	0	36
790517	790590	74	10.57	0	35
790837	790854	18	31.89	34	36
793228	793664	437	615.92	96	3683
795740	795858	119	1.66	0	13
796747	796888	142	1.34	0	10
797468	797897	430	0.00	0	0
798978	802734	3757	0.09	0	12
804592	804635	44	0.00	0	0
805747	805844	98	5.16	0	14
806895	806914	20	0.00	0	0
807065	807103	39	12.13	15	17
808478	808541	64	34.94	39	52
808845	809471	627	35.21	16	190
809667	809678	12	11.00	12	14
810462	810537	76	36.62	49	57
811816	811915	100	37.84	43	57
812873	813086	214	197.22	25	1436
813486	813555	70	47.83	48	78
813751	814565	815	36.75	29	123
814905	814962	58	14.02	19	24
815719	815759	41	68.66	74.5	90
816321	816372	52	14.21	14	25
816517	816595	79	27.10	10	58
818456	818628	173	0.24	0	11
819499	819575	77	0.00	0	0
820947	820971	25	11.52	13	13
821689	821856	168	15.43	15	39
822526	822901	376	26.39	21	91
823547	823588	42	0.00	0	0
823730	825811	2082	0.70	0	42
827143	827289	147	11.71	0	37
827575	827591	17	15.71	17	19
828486	828657	172	3.29	0	32
829786	829861	76	9.34	10	20
830711	830797	87	4.02	0	40
831458	831658	201	5.43	0	27
833210	834818	1609	10.91	0	55
836079	836256	178	1.74	0	15
839299	839466	168	18.98	0	123
840145	840175	31	0.00	0	0
840533	840822	290	4.33	0	24
840958	841710	753	39.80	27	213
842065	842122	58	41.43	20	84
842723	842816	94	21.28	27	44
843660	843667	8	22.38	26	26
844124	844151	28	235.86	250	278
844398	844640	243	57.39	0	922
845613	845773	161	47.42	41.5	145
845990	848530	2541	158.63	42	3253
848771	848839	69	28.91	30	62
850088	850162	75	18.59	24	41
850550	851491	942	15.28	10	88
852281	852433	153	0.00	0	0
853076	853096	21	26.67	32	36
855005	855028	24	0.00	0	0
855356	855506	151	1.44	0	15
856980	857065	86	8.50	12	23
858002	858004	3	0.00	0	0
858863	858881	19	2.37	0	15
860016	860064	49	0.00	0	0
860545	861697	1153	9.71	0	32
861899	861992	94	0.00	0	0
862182	862281	100	0.00	0	0
862885	863629	745	2744.75	63.5	15886
864449	864822	374	0.00	0	0
865147	865170	24	0.00	0	0
865722	865856	135	0.00	0	0
866937	867076	140	0.00	0	0
867623	867764	142	3.73	0	21
868023	868109	87	17.83	19	65
868269	868320	52	1.44	0	11
870010	870108	99	10.14	11	24
870526	870644	119	227.17	203	520
870924	871107	184	3.11	0	22
874939	875017	79	7.39	0	27
876017	876079	63	6.43	0	16
876260	876434	175	2.42	0	22
876564	876613	50	0.00	0	0
876776	878295	1520	6.54	0	49
878770	879162	393	14.98	0	116
880462	880541	80	0.38	0	10
881073	881131	59	0.00	0	0
882707	882769	63	0.00	0	0
884174	884458	285	0.00	0	0
887385	887535	151	34.41	26	118
887953	887954	2	0.00	0	0
888189	888396	208	34.99	27	122
889216	890631	1416	3.17	0	157
891520	891532	13	165.38	179	183
892697	892770	74	40.50	44	83
893056	893177	122	33.93	31	88
894609	894871	263	191.78	72	715
896051	896152	102	94.88	95	204
898979	899185	207	132.49	143	215
900467	900580	114	317.13	160	686
900827	900832	6	64.83	78	79
901559	901659	101	56.69	59	118
903421	903425	5	94.20	118	118
904136	904198	63	256.43	355	364
904406	904424	19	41.32	45.5	49
905826	906076	251	243.52	67.5	3720
906812	906916	105	381.27	103	1147
907079	907092	14	15.79	17	19
909367	909504	138	11.72	0	54
910381	910581	201	6.87	0	24
910855	910856	2	0.00	0	0
910980	911040	61	8.85	13.5	16
913144	914252	1109	2.23	0	105
914811	914855	45	141.24	181	278
916005	916025	21	1.57	0	11
916332	916341	10	0.00	0	0
916651	916654	4	0.00	0	0
917594	917599	6	0.00	0	0
918317	918323	7	0.00	0	0
918810	921444	2635	6.42	0	85
922318	922328	11	7.27	6.5	19
923523	923581	59	10.90	0	54
924801	926134	1334	0.33	0	14
928901	928933	33	0.00	0	0
929147	929778	632	0.00	0	0
929926	929927	2	0.00	0	0
931143	931181	39	8.49	10	21
931344	931346	3	0.00	0	0
932073	932156	84	3.79	0	33
932619	932838	220	49.93	43	151
933613	933859	247	0.00	0	0
935961	936054	94	0.00	0	0
937771	939734	1964	3.06	0	25
939993	940181	189	1.96	0	23
940926	941106	181	5.03	0	20
941806	941846	41	6.39	0	24
942516	942594	79	1.42	0	12
943075	943108	34	17.97	16	31
944527	944684	158	5.73	0	41
946168	946169	2	10.50	21	21
946467	946789	323	65.02	0	433
948014	948528	515	4.64	0	120
950368	950460	93	0.00	0	0
950929	951003	75	19.05	17	30
951829	951902	74	143.05	85	288
952383	952513	131	209.01	0	870
952796	952857	62	81.66	90	132
953122	953233	112	2.43	0	21
954599	957330	2732	42.92	29	309
957781	957831	51	31.65	32	47
958840	959238	399	8.66	0	35
960106	960875	770	10.73	0	95
961737	962110	374	6.73	0	24
963254	963368	115	0.00	0	0
963987	964022	36	0.00	0	0
964530	964626	97	5.82	0	29
965176	965460	285	47.76	37	160
965881	966014	134	20.16	18	61
968763	968909	147	0.89	0	13
970680	970868	189	23.86	18	58
972795	972836	42	0.67	0	28
973062	973187	126	3.06	0	16
973671	973679	9	2.44	0	12
974046	974074	29	0.00	0	0
974615	974782	168	0.00	0	0
975140	975274	135	0.00	0	0
976139	976190	52	0.00	0	0
976539	976975	437	0.00	0	0
977466	977472	7	9.43	11	11
977758	977879	122	5.96	0	18
978312	978514	203	21.96	19	72
979762	980159	398	47.36	41	124
980538	980748	211	40.67	24	146
981311	982211	901	0.00	0	0
984006	986455	2450	2.41	0	47
987629	987972	344	18.63	0	72
988519	988523	5	21.60	27	27
990018	990281	264	10.27	0	102
990480	990553	74	6.93	0	22
992531	992676	146	9.94	0	47
994063	994129	67	36.54	39	69
995051	995425	375	24.19	22	63
995948	995953	6	29.67	36	36
997334	997447	114	15.21	0	61
998069	998125	57	0.00	0	0
998468	999362	895	28.67	15.5	349
999744	1000963	1220	8.79	0	279
1001690	1001854	165	0.00	0	0
1003361	1003524	164	34.87	18	165
1003915	1004233	319	739.78	158	4654
1004777	1004859	83	50.81	42	98
1005868	1006129	262	25.67	0	257
1008707	1008780	74	7.89	0	31
1009993	1010083	91	5.16	0	21
1010291	1010484	194	0.00	0	0
1011289	1012690	1402	0.60	0	17
1012928	1012964	37	0.00	0	0
1013673	1013747	75	5.45	0	26
1014207	1014282	76	0.00	0	0
1014442	1014596	155	0.00	0	0
1015077	1015476	400	0.63	0	11
1017336	1017354	19	16.95	18	24
1018909	1019278	370	18.57	13	82
1020062	1020174	113	2.34	0	11
1021606	1022008	403	50.72	12	267
1022942	1023467	526	35.97	19	163
1025731	1025840	110	0.20	0	11
1026153	1026288	136	16.58	12	45
1027249	1027290	42	0.00	0	0
1028695	1028712	18	0.00	0	0
1029013	1029706	694	10.14	0	71
1030022	1030402	381	9.44	10	33
1030685	1030689	5	32.80	41	42
1031011	1031164	154	17.32	22	36
1031510	1035985	4476	24.65	0	249
1036331	1036788	458	31.78	0	212
1037233	1037285	53	11.11	13	30
1038105	1038225	121	9.93	12	26
1038682	1038826	145	52.70	60	116
1039961	1040335	375	7.92	0	114
1042559	1042857	299	8.31	0	109
1043176	1044119	944	50.21	0	562
1044285	1044446	162	2241.23	325	6450
1045477	1045493	17	0.00	0	0
1046636	1046643	8	0.00	0	0
1047115	1047172	58	0.00	0	0
1048466	1048488	23	0.00	0	0
1048885	1049093	209	0.00	0	0
1055025	1055026	2	0.00	0	0
1057636	1057848	213	0.00	0	0
1058320	1058421	102	0.00	0	0
1058635	1058673	39	0.00	0	0
1060924	1060925	2	0.00	0	0
1062421	1062477	57	0.00	0	0
1062718	1062719	2	0.00	0	0
1063032	1063206	175	0.00	0	0
1064991	1065118	128	0.00	0	0
1065612	1065651	40	0.00	0	0
1066144	1066184	41	0.00	0	0
1066467	1066485	19	0.00	0	0
1068972	1069091	120	0.00	0	0
1069317	1069491	175	0.00	0	0
1069810	1069892	83	0.00	0	0
1070079	1070259	181	0.00	0	0
1070905	1071066	162	30.81	0	281
1071604	1071606	3	32.33	48.5	50
1071964	1071982	19	0.00	0	0
1072199	1072683	485	23.91	0	145
1072882	1072916	35	0.00	0	0
1073663	1073805	143	0.00	0	0
1074136	1074306	171	0.00	0	0
1074723	1074793	71	0.00	0	0
1075478	1075619	142	0.00	0	0
1076288	1076341	54	0.00	0	0
1076555	1076667	113	0.00	0	0
1078059	1078086	28	0.00	0	0
1078279	1078571	293	224.86	21	1823
1079830	1079912	83	6.08	0	26
1081145	1082261	1117	0.00	0	0
1083345	1083351	7	0.00	0	0
1083646	1083648	3	0.00	0	0
1085486	1085600	115	0.00	0	0
1085877	1085885	9	0.00	0	0
1086102	1086189	88	0.00	0	0
1086391	1086406	16	0.00	0	0
1086716	1086788	73	0.00	0	0
1088269	1088666	398	4.41	0	28
1088871	1088967	97	15.29	14	30
1090126	1090273	148	1.31	0	17
1091042	1091145	104	9.62	12	21
1091395	1091448	54	14.13	16	33
1092253	1094182	1930	0.74	0	17
1095593	1096078	486	7.33	0	45
1096535	1096626	92	4.16	0	18
1097479	1097813	335	18.68	11	79
1099701	1100190	490	347.90	0	4573
1100341	1100402	62	26.39	29	40
1101207	1101266	60	1.33	0	10
1102134	1102248	115	1.84	0	11
1102684	1102722	39	0.00	0	0
1102879	1103016	138	0.00	0	0
1103977	1104971	995	0.00	0	0
1106055	1106061	7	0.00	0	0
1106356	1106358	3	0.00	0	0
1107937	1108605	669	0.00	0	0
1108888	1108897	10	0.00	0	0
1109093	1109099	7	0.00	0	0
1109442	1110896	1455	0.00	0	0
1111317	1114326	3010	28.28	24	115
1114471	1114849	379	36.24	0	191
1115297	1115386	90	25.94	32	58
1115684	1121382	5699	0.84	0	128
1121599	1123799	2201	45.83	0	659
1124136	1124289	154	113.63	0	417
1128244	1128344	101	0.00	0	0
1129461	1129601	141	0.00	0	0
1129911	1129937	27	0.00	0	0
1130130	1130144	15	23.93	29	29
1130895	1131130	236	2.83	0	21
1132583	1132670	88	0.00	0	0
1133577	1133859	283	3.66	0	19
1134490	1134510	21	30.05	34	49
1134727	1134873	147	0.00	0	0
1135216	1135217	2	0.00	0	0
1135908	1135976	69	4.26	0	15
1137195	1137256	62	0.00	0	0
1138664	1138853	190	0.00	0	0
1141813	1142044	232	0.00	0	0
1143617	1143684	68	6.62	0	17
1146913	1147034	122	0.00	0	0
1147995	1148342	348	15.05	0	75
1148451	1149326	876	1.68	0	28
1150353	1150418	66	23.85	22	40
1151007	1151401	395	11.45	0	56
1153694	1154087	394	25.25	17	208
1154865	1155020	156	1.69	0	32
1157868	1157887	20	0.00	0	0
1158527	1158532	6	0.00	0	0
1159664	1159775	112	0.00	0	0
1160810	1160953	144	9.28	11	39
1162586	1162699	114	0.00	0	0
1164368	1164440	73	0.60	0	11
1165590	1165668	79	86.41	0	388
1166140	1166273	134	49.98	30	147
1166655	1166815	161	203.67	115.5	559
1167773	1167863	91	12.40	13	31
1169583	1169663	81	6.64	0	18
1170435	1170479	45	155.93	194	236
1171380	1171530	151	3.68	0	15
1172245	1172768	524	271.95	11	3189
1173117	1173308	192	23.70	20	79
1173978	1173995	18	0.00	0	0
1174620	1174728	109	24.21	25	40
1175545	1175806	262	13.45	0	55
1176245	1176309	65	11.69	14	25
1177714	1177889	176	27.11	0	151
1180070	1180076	7	9.00	9.5	22
1180236	1180386	151	7.99	0	35
1182970	1183113	144	62.37	25	271
1184107	1184227	121	35.10	36	52
1185239	1185320	82	123.99	80	268
1185612	1185680	69	75.83	19	211
1186170	1186182	13	50.92	37.5	93
1187908	1188974	1067	47.73	0	552
1189626	1189706	81	58.57	49	104
1190370	1190463	94	76.34	81	110
1192635	1192682	48	5.90	0	16
1193760	1193955	196	1.70	0	13
1194688	1194765	78	17.04	16	30
1195633	1195869	237	1.98	0	31
1196299	1196311	13	0.00	0	0
1197176	1197228	53	47.09	54.5	87
1198279	1199031	753	688.44	89.5	8878
1199593	1199700	108	0.00	0	0
1200121	1200301	181	2.23	0	15
1200635	1200817	183	21.97	20	77
1201658	1201721	64	17.22	11	73
1202298	1202357	60	15.73	15	26
1203258	1203300	43	0.00	0	0
1204429	1204634	206	2.93	0	31
1207257	1207320	64	3.94	0	12
1207660	1208061	402	7.14	0	59
1208713	1209531	819	17.84	11	70
1209673	1209691	19	3.63	0	13
1210373	1210523	151	5.77	0	31
1212825	1212846	22	0.00	0	0
1214569	1214670	102	0.00	0	0
1215421	1215966	546	2.42	0	30
1216927	1217921	995	0.00	0	0
1219005	1219016	12	0.00	0	0
1219305	1219307	3	0.00	0	0
1221145	1221259	115	0.00	0	0
1221536	1221544	9	0.00	0	0
1221827	1221836	10	0.00	0	0
1222032	1222038	7	0.00	0	0
1222381	1224368	1988	0.18	0	11
1224771	1224812	42	0.00	0	0
1225992	1226095	104	1.94	0	17
1228205	1228724	520	81.58	0	741
1229901	1230080	180	0.22	0	10
1230834	1232380	1547	65.91	0	800
1232936	1234708	1773	35.63	27	241
1235021	1235043	23	21.61	23	27
1236148	1236498	351	4.45	0	68
1236946	1236960	15	47.67	53	56
1238476	1238489	14	29.43	32	32
1241319	1241480	162	2.85	0	15
1242819	1242894	76	7.89	0	18
1244233	1244377	145	14.67	0	133
1245002	1245068	67	4.36	0	15
1246485	1246813	329	4.67	0	32
1247540	1247600	61	9.46	12	25
1248087	1248517	431	5.15	0	30
1248800	1249110	311	1603.78	93	11591
1249573	1249796	224	64.65	29	188
1250853	1251142	290	0.98	0	15
1251323	1251396	74	8.07	10	25
1252750	1252766	17	24.53	26.5	29
1253037	1253163	127	29.28	16	110
1253899	1254038	140	3.36	0	22
1254948	1255044	97	21.51	0	157
1255753	1255894	142	0.00	0	0
1256546	1257495	950	2.98	0	27
1257787	1263559	5773	0.35	0	58
1263845	1263919	75	47.53	37.5	87
1265102	1265170	69	6.20	10	15
1267325	1267419	95	9.06	11	31
1267624	1267683	60	52.70	48	91
1268299	1268428	130	13.75	0	93
1269026	1269073	48	0.00	0	0
1269881	1269915	35	0.29	0	10
1270024	1270186	163	0.00	0	0
1271540	1271672	133	5.32	0	14
1272144	1274940	2797	4.23	0	46
1275592	1275618	27	79.85	88.5	101
1276309	1276588	280	0.00	0	0
1279545	1279546	2	0.00	0	0
1280063	1280068	6	0.00	0	0
1281249	1281421	173	36.01	28	88
1281779	1281811	33	8.64	0	25
1284662	1285804	1143	0.40	0	17
1285940	1286025	86	7.94	0	61
1286863	1287289	427	219.09	0	2115
1288481	1288502	22	0.00	0	0
1289589	1289737	149	1.90	0	22
1290836	1290928	93	41.60	62.5	100
1291352	1291427	76	8.20	0	35
1293411	1293479	69	2.72	0	12
1294086	1294169	84	2.58	0	32
1295463	1295537	75	45.64	43	104
1296534	1296660	127	84.79	28	375
1297735	1297826	92	0.00	0	0
1298595	1298599	5	9.20	11.5	12
1299590	1299658	69	4.65	0	20
1300340	1300530	191	30.97	18	99
1301866	1301994	129	12.16	12.5	25
1302847	1302988	142	15.66	0	57
1303880	1303972	93	27.99	41.5	58
1306073	1306138	66	38.74	45	61
1307615	1307636	22	29.73	27	41
1308150	1308158	9	907.11	1020.5	1032
1308498	1308543	46	30.67	40	46
1308709	1308788	80	0.00	0	0
1309536	1309780	245	11.58	0	68
1310345	1311100	756	0.20	0	11
1312241	1312529	289	2337.17	0	14201
1313292	1313294	3	0.00	0	0
1314357	1314592	236	0.00	0	0
1315928	1317125	1198	9.30	0	65
1317918	1318343	426	10.29	0	170
1320694	1320973	280	1.81	0	19
1321259	1321288	30	0.00	0	0
1321436	1321638	203	4.10	0	59
1323040	1323094	55	27.25	21	72
1326296	1326309	14	12.14	11	27
1327546	1327797	252	41.99	14	158
1328428	1328522	95	3.28	0	13
1328778	1329066	289	10.65	0	97
1330633	1330702	70	19.99	0	81
1333907	1334009	103	0.00	0	0
1335417	1335762	346	4.79	0	65
1337080	1337105	26	114.69	116	154
1337274	1337280	7	216.71	252	263
1337890	1337918	29	440.17	468.5	506
1339362	1339677	316	41.16	0	595
1341424	1341451	28	4.68	0	21
1341917	1342419	503	16.65	11	70
1342852	1342856	5	139.20	178	179
1343565	1343584	20	23.60	22	32
1344434	1344691	258	3.46	0	21
1345328	1345401	74	27.31	23	68
1346041	1346185	145	22.90	0	82
1348397	1348462	66	1.74	0	20
1348838	1348908	71	38.99	26.5	124
1349972	1350800	829	30.47	13	169
1351503	1351640	138	0.00	0	0
1352181	1352309	129	21.03	12	56
1352535	1352595	61	34.23	29	55
1353260	1353558	299	5.33	0	43
1355912	1355917	6	0.00	0	0
1356857	1356998	142	0.00	0	0
1357650	1357718	69	0.00	0	0
1360088	1360223	136	2.39	0	12
1362466	1368672	6207	0.24	0	17
1369918	1370072	155	29.37	12.5	114
1370457	1370510	54	194.20	159	407
1371048	1371196	149	48.97	55	73
1372295	1372808	514	1947.69	115	11944
1373289	1373337	49	9.45	10	28
1374297	1374585	289	22.44	0	140
1376077	1376152	76	24.92	29	48
1376804	1377043	240	31.49	0	231
1378385	1378389	5	60.80	76	78
1380389	1380390	2	17.50	35	35
1381015	1381020	6	103.50	124	125
1381612	1381627	16	29.19	31	35
1382843	1383026	184	1.35	0	17
1383192	1383361	170	0.00	0	0
1384415	1384442	28	0.00	0	0
1384656	1384781	126	31.23	24	62
1385358	1385542	185	23.84	12	125
1386359	1386564	206	18.58	20	47
1388074	1388727	654	31.74	27	95
1389064	1389198	135	105.41	30	503
1389907	1390071	165	5.65	0	86
1390342	1390551	210	15.07	0	110
1392478	1392702	225	6.68	0	116
1394621	1394679	59	0.00	0	0
1395655	1396209	555	2.00	0	19
1396909	1397101	193	197.74	103	477
1397708	1397889	182	96.12	56	344
1398514	1399953	1440	24.28	0	266
1402141	1402282	142	9.11	0	59
1403066	1403166	101	53.73	72.5	121
1405099	1405166	68	28.54	17	62
1406343	1406570	228	14.29	0	90
1406958	1407233	276	871.31	0	5160
1408278	1408580	303	46.06	0	407
1412227	1412493	267	66.61	38	180
1413617	1413741	125	2.30	0	14
1414548	1414818	271	9.14	0	45
1416403	1416570	168	37.83	17	116
1416772	1416889	118	25.42	0	119
1417385	1417468	84	23.75	32	37
1418657	1419714	1058	2.40	0	80
1421224	1421380	157	0.00	0	0
1422632	1423092	461	24.17	0	265
1424887	1425018	132	14.97	0	77
1425690	1425713	24	0.00	0	0
1425969	1425992	24	0.00	0	0
1426170	1426489	320	32.14	0	227
1427030	1427070	41	0.00	0	0
1427431	1427460	30	0.00	0	0
1427638	1428737	1100	22.68	0	543
1429149	1429168	20	0.00	0	0
1430747	1430909	163	0.00	0	0
1432050	1432196	147	27.34	17	73
1433028	1433075	48	0.00	0	0
1433202	1433318	117	13.45	13.5	21
1434855	1434860	6	0.00	0	0
1435242	1435323	82	53.66	83	99
1436707	1436916	210	16.22	11	123
1437493	1437733	241	11.25	0	138
1438643	1439309	667	22.80	0	174
1439667	1439689	23	23.57	27	31
1440203	1440880	678	6.68	0	30
1441124	1441349	226	0.35	0	10
1441977	1443639	1663	35.52	14	342
1445055	1445066	12	29.58	33	35
1446207	1446431	225	2.42	0	12
1447506	1447711	206	31.00	25	85
1449176	1449375	200	16.23	16	49
1450297	1450397	101	36.85	43	70
1452288	1452456	169	8.25	0	62
1452739	1452890	152	7.01	0	42
1454439	1454442	4	8.25	11	11
1454695	1454754	60	43.27	47	58
1455490	1455597	108	8.02	0	21
1456744	1456905	162	74.36	43	271
1457167	1457472	306	16.25	0	89
1458613	1460227	1615	15.14	0	327
1462964	1463052	89	32.51	15.5	90
1465162	1465246	85	11.75	0	42
1465388	1465499	112	7.46	0	45
1465659	1467068	1410	5.66	0	162
1468176	1468906	731	11.76	0	93
1469717	1469907	191	1.17	0	14
1471614	1471643	30	18.90	20	22
1472514	1472561	48	2.56	0	21
1473702	1473752	51	14.31	18.5	27
1474975	1475058	84	8.40	10	27
1475434	1475485	52	16.90	21	23
1476212	1476266	55	18.42	19	25
1477008	1477046	39	52.31	43	103
1479247	1479532	286	3.11	0	19
1480406	1481444	1039	0.70	0	34
1482279	1482947	669	0.00	0	0
1484715	1484774	60	2.70	0	19
1487110	1487120	11	13.64	15	15
1487823	1487851	29	0.00	0	0
1489049	1493756	4708	0.13	0	13
1494543	1494696	154	2.29	0	15
1495843	1495929	87	0.00	0	0
1496806	1497425	620	0.08	0	10
1498734	1498871	138	84.25	37	225
1500048	1500168	121	39.15	20	227
1501411	1501498	88	16.81	17	24
1503129	1503242	114	71.16	11	159
1504761	1504806	46	48.93	24	132
1505872	1505877	6	2.00	0	12
1507174	1507327	154	26.47	25	55
1508663	1508749	87	2.93	0	17
1509128	1509254	127	37.94	40	74
1510335	1510581	247	5.21	0	23
1512117	1512243	127	15.21	18	33
1513888	1513912	25	10.56	11	22
1515389	1515415	27	13.63	15	19
1517162	1517224	63	60.00	63	76
1517486	1517514	29	103.21	109	118
1518921	1519201	281	53.14	0	273
1520447	1520889	443	459.53	22	3650
1521709	1521743	35	24.26	26	30
1522386	1522390	5	23.80	29.5	31
1523258	1523359	102	50.22	55	64
1524854	1524869	16	54.94	59	59
1525524	1525687	164	323.84	170	935
1527203	1532252	5050	18.98	10	593
1532613	1532653	41	0.00	0	0
1532990	1533129	140	0.00	0	0
1533346	1533467	122	8.75	0	22
1534143	1534232	90	0.00	0	0
1534377	1534418	42	0.00	0	0
1535187	1535248	62	2.05	0	12
1535528	1535586	59	21.53	19	49
1535770	1535782	13	0.00	0	0
1536032	1536264	233	0.09	0	10
1537144	1537221	78	69.05	89	105
1538158	1538361	204	9.45	10	36
1539472	1539525	54	8.91	13	20
1541032	1547576	6545	1.47	0	104
1549251	1549312	62	13.27	12	45
1550745	1551326	582	17.65	19	52
1551489	1551521	33	5578.03	5978.5	6064
1552230	1552595	366	916.01	0	3396
1553544	1553658	115	23.16	16	75
1554391	1554527	137	65.40	78	193
1555947	1556188	242	12.84	12	38
1557761	1557792	32	72.19	72	127
1557988	1558057	70	2.00	0	10
1559186	1559306	121	0.00	0	0
1560246	1560251	6	0.00	0	0
1562239	1562940	702	160.77	109	851
1563355	1563492	138	154.00	164	346
1564168	1564175	8	0.00	0	0
1564572	1564604	33	292.91	311	325
1564980	1565112	133	8.83	11	23
1565848	1565921	74	18.03	18	28
1566264	1566513	250	12.56	12	45
1566784	1566906	123	6.61	0	28
1567450	1567855	406	14.64	0	73
1568255	1568598	344	31.10	11	177
1570261	1570368	108	47.83	30	126
1571922	1572072	151	2.32	0	20
1573582	1573801	220	2.31	0	26
1574609	1574613	5	38.80	48.5	49
1575313	1575326	14	16.14	16	19
1575567	1575854	288	31.91	0	242
1576587	1576659	73	12.40	14.5	18
1578310	1578350	41	0.98	0	10
1579404	1579421	18	34.72	37	39
1580475	1580934	460	22.61	19	72
1581820	1581891	72	5.42	0	29
1582936	1583027	92	33.32	31	74
1584180	1584231	52	1.42	0	25
1584496	1584605	110	8.17	0	28
1586732	1586844	113	0.00	0	0
1587058	1587111	54	0.00	0	0
1587780	1587921	142	0.00	0	0
1588423	1588676	254	0.00	0	0
1589108	1589262	155	0.00	0	0
1589548	1589735	188	8.60	0	38
1589934	1590176	243	5.54	0	51
1590591	1590601	11	214.64	240	283
1591247	1591368	122	20.23	10	72
1591768	1591872	105	24.86	32	58
1592053	1592224	172	20.38	0	125
1593041	1593315	275	0.00	0	0
1594069	1594481	413	0.00	0	0
1594800	1594974	175	0.00	0	0
1595748	1596025	278	0.00	0	0
1596239	1596418	180	0.00	0	0
1597034	1597105	72	0.00	0	0
1597259	1597351	93	0.00	0	0
1597844	1597883	40	0.00	0	0
1598385	1598473	89	0.00	0	0
1599047	1599377	331	0.00	0	0
1600338	1600890	553	0.00	0	0
1601212	1601334	123	0.00	0	0
1602418	1602429	12	0.00	0	0
1602718	1603893	1176	0.00	0	0
1604176	1604178	3	0.00	0	0
1605364	1605580	217	0.00	0	0
1606535	1606827	293	0.00	0	0
1607365	1607367	3	0.00	0	0
1607710	1608228	519	2.50	0	66
1608607	1608809	203	137.40	38.5	403
1609806	1610150	345	3462.84	84	30916
1610325	1610654	330	86.31	0	1081
1611144	1611219	76	81.79	77	135
1611976	1612047	72	250.44	251	508
1612912	1612962	51	34.92	21	130
1613239	1613240	2	68.50	137	137
1613529	1613533	5	1665.60	2084.5	2092
1614062	1617305	3244	18.56	0	161
1618473	1618485	13	0.00	0	0
1618798	1618902	105	11.92	0	31
1619077	1619109	33	79.18	83	98
1620106	1620352	247	33.94	27.5	130
1621136	1621292	157	28.06	29	66
1622112	1622323	212	1.69	0	12
1623965	1624475	511	65.93	0	670
1625706	1625781	76	8.43	0	42
1627471	1627558	88	52.65	46	124
1629233	1629572	340	319.41	46	2248
1630017	1630022	6	52.17	63	67
1630995	1631220	226	48.42	0	341
1631527	1631553	27	291.04	295.5	368
1631824	1632060	237	11.71	12	38
1633243	1633433	191	9.99	10	25
1633587	1633620	34	421.62	377	884
1633852	1633925	74	239.26	148	837
1635625	1635650	26	5.46	10	11
1636833	1637093	261	14.32	0	86
1637565	1637641	77	0.00	0	0
1638326	1638677	352	55.32	26	250
1641013	1641215	203	2.08	0	15
1642683	1644373	1691	53.73	26	577
1645157	1645170	14	69.14	80	81
1645645	1645676	32	0.00	0	0
1646163	1646232	70	1.14	0	10
1647286	1655424	8139	0.72	0	78
1656229	1656450	222	31.03	22	118
1657819	1658076	258	63.28	40	188
1658530	1658586	57	11.04	12	33
1660016	1660137	122	0.00	0	0
1660333	1660383	51	0.00	0	0
1660780	1660889	110	3.33	0	18
1663087	1663269	183	2.00	0	12
1665418	1665455	38	11.45	15	16
1666068	1666205	138	3.69	0	34
1668072	1668153	82	19.44	31	39
1669522	1669595	74	4.28	0	21
1670226	1670356	131	0.58	0	15
1672262	1672743	482	15.56	14	66
1673743	1673846	104	9.51	0	23
1676250	1676321	72	31.29	32	60
1677324	1677382	59	26.64	13	69
1678085	1678524	440	10.22	0	75
1680061	1680195	135	0.00	0	0
1681986	1682050	65	9.58	11.5	22
1684352	1684390	39	7.03	12	12
1685690	1686073	384	3.28	0	17
1688330	1688396	67	0.00	0	0
1688859	1688988	130	0.00	0	0
1689673	1689735	63	0.00	0	0
1690060	1690143	84	36.23	29	74
1690726	1690727	2	0.00	0	0
1690863	1690891	29	8.48	10	16
1692746	1692752	7	0.00	0	0
1693674	1693788	115	4.69	0	18
1694891	1695009	119	6.23	0	33
1695358	1695420	63	0.00	0	0
1696864	1696875	12	14.33	15	18
1698370	1698485	116	28.97	31	55
1699647	1699832	186	30.19	30	76
1701855	1701859	5	45.80	57.5	64
1702831	1702844	14	50.00	54	55
1703322	1703404	83	39.73	22	85
1704479	1704483	5	16.20	20.5	21
1706743	1707457	715	36.06	27	236
1708757	1709148	392	39.90	30	247
1709620	1709621	2	14.50	29	29
1711459	1711473	15	40.20	45	47
1712301	1712795	495	12.64	0	112
1714888	1715117	230	71.54	77	139
1715463	1715637	175	5.48	0	21
1715836	1716171	336	0.00	0	0
1716484	1716627	144	0.00	0	0
1718833	1719258	426	2.88	0	18
1721947	1722142	196	0.00	0	0
1722476	1722491	16	0.00	0	0
1722963	1723161	199	0.30	0	10
1724167	1724400	234	84.64	0	415
1724635	1724793	159	31.09	32	72
1726039	1728024	1986	7.82	0	65
1729153	1730756	1604	6.03	0	64
1732269	1732786	518	5.49	0	41
1733351	1733574	224	0.00	0	0
1734736	1735318	583	10.81	0	83
1737353	1737442	90	0.00	0	0
1738433	1738580	148	6.70	0	23
1740969	1741069	101	1.05	0	12
1742453	1743698	1246	809.76	25	18939
1745649	1745796	148	0.00	0	0
1746634	1746834	201	0.00	0	0
1747864	1747903	40	0.00	0	0
1748060	1748120	61	0.00	0	0
1748844	1748915	72	10.46	10	18
1749348	1749576	229	14.52	0	119
1749952	1749963	12	0.00	0	0
1750771	1751412	642	44.82	34	188
1752583	1752735	153	7.73	0	35
1753726	1753809	84	21.87	16	71
1754113	1754220	108	81.67	65	173
1756978	1757209	232	13.66	13	40
1758200	1758360	161	20.82	0	74
1759786	1759969	184	8.48	0	59
1761854	1761923	70	4.06	0	14
1762506	1763255	750	9.19	0	61
1764027	1764128	102	2.79	0	19
1764750	1764846	97	14.02	0	73
1765420	1765475	56	390.43	630	677
1766703	1767622	920	11.02	0	46
1768646	1768789	144	30.65	30	109
1769345	1769402	58	210.93	79	551
1770147	1770151	5	81.60	101.5	117
1770947	1771004	58	39.41	19	82
1772187	1772223	37	21.92	20	40
1773562	1773620	59	87.58	65	205
1775997	1776007	11	15.18	16.5	19
1776563	1776597	35	6.17	10	15
1777639	1777676	38	15.18	15	19
1778124	1778332	209	207.21	50	824
1779017	1779061	45	3.00	0	15
1779836	1780300	465	3.54	0	132
1781690	1781770	81	77.80	95.5	121
1783028	1783134	107	7.00	0	37
1785970	1786048	79	7.37	0	23
1786511	1787383	873	0.33	0	13
1788179	1788697	519	495.91	0	5357
1789742	1790264	523	49.96	13	960
1791183	1791188	6	55.67	68	69
1791450	1791455	6	351.33	426	427
1792269	1792299	31	183.48	180	211
1793011	1793159	149	34.19	18	164
1793526	1793551	26	142.54	156	199
1794536	1794563	28	158.50	134	399
1795182	1795203	22	132.09	130	209
1795597	1795618	22	356.36	387	440
1795979	1796180	202	1010.16	1071	2298
1796397	1796403	7	323.43	375	463
1797712	1797725	14	2583.29	2577	3165
1798158	1798161	4	168.25	223	231
1798856	1798876	21	596.52	707.5	1138
1799228	1799243	16	350.62	201	1229
1799775	1799790	16	579.31	553	947
1800181	1800198	18	534.11	627	641
1800502	1800506	5	285.80	357.5	360
1801044	1801055	12	456.17	506	555
1801377	1801390	14	102.57	122	125
1801757	1801980	224	1227.21	363	4534
1802242	1802243	2	26.00	52	52
1802433	1802434	2	241.50	483	483
1803525	1803536	12	93.00	76	163
1803864	1803874	11	35.73	38	55
1804151	1804158	8	72.12	85	86
1804990	1804997	8	761.62	865	890
1805927	1805928	2	188.00	376	376
1806571	1806790	220	170.67	12	708
1806980	1807358	379	5.78	0	161
1807668	1807687	20	236.75	252	278
1808870	1808959	90	1140.80	1713	2128
1811063	1811083	21	180.05	191	206
1811552	1811671	120	141.43	172	277
1812041	1812221	181	39.23	0	348
1812369	1812377	9	0.00	0	0
1813519	1813760	242	0.00	0	0
1814820	1815109	290	5.96	0	45
1819283	1819437	155	66.05	71	106
1823614	1823806	193	132.32	13	796
1824176	1824235	60	1588.87	1662	2569
1824734	1824963	230	1407.35	562	5454
1825657	1825658	2	393.50	787	787
1826091	1826193	103	531.07	601	1091
1826728	1826731	4	210.75	282	292
1827008	1827206	199	1524.06	45.5	6257
1828389	1828807	419	1141.84	361	4433
1829057	1829181	125	3.26	0	18
1829749	1829853	105	7.70	0	45
1830190	1832026	1837	24.43	0	202
1834331	1834410	80	11.14	15	28
1834870	1834897	28	14.86	15	17
1836083	1836175	93	23.83	0	131
1839564	1839565	2	11.50	23	23
1841388	1841468	81	56.79	64	93
1842393	1842482	90	67.74	67	105
1842984	1843058	75	21.05	0	100
1843254	1843283	30	55.77	29	169
1844619	1844693	75	6.07	0	36
1844856	1845041	186	11.78	13	33
1845690	1845753	64	11.45	0	38
1846210	1846221	12	29.67	34	35
1847140	1847377	238	42.34	32	102
1848218	1848737	520	37.02	29	186
1848972	1849021	50	116.14	142	178
1849610	1849887	278	88.25	19	416
1850437	1851527	1091	26.46	16	211
1852998	1854668	1671	1.61	0	36
1855089	1855268	180	2.83	0	24
1855416	1855435	20	0.00	0	0
1855631	1855642	12	11.17	12	14
1856657	1856757	101	2.35	0	14
1857970	1858224	255	42.01	0	245
1858504	1859710	1207	18.73	17	75
1861710	1861742	33	1.45	0	12
1864014	1864134	121	1.00	0	25
1865149	1865151	3	0.00	0	0
1866190	1866296	107	4.67	0	19
1867161	1867901	741	7.58	0	39
1869918	1870114	197	43.70	0	156
1871234	1872223	990	6.21	0	30
1872515	1878577	6063	0.36	0	50
1878992	1879144	153	18.39	20	63
1879934	1879984	51	3.80	0	11
1880390	1880391	2	0.00	0	0
1881076	1881197	122	202.80	22	728
1882239	1882404	166	37.45	41	77
1883629	1883747	119	10.49	0	48
1885896	1886379	484	3.87	0	31
1886662	1891119	4458	12.71	0	226
1891510	1891591	82	29.71	0	123
1893038	1893102	65	32.40	28.5	68
1894372	1894414	43	4.00	0	16
1894862	1894896	35	14.20	15	17
1895869	1896235	367	20.25	0	144
1897487	1897569	83	49.71	16.5	131
1898761	1898814	54	15.85	0	45
1899061	1899155	95	15.46	13.5	37
1900718	1900913	196	17.05	10	90
1901394	1901519	126	29.00	0	175
1902524	1902641	118	47.26	0	206
1904034	1904056	23	0.00	0	0
1904450	1904455	6	24.33	29	30
1904945	1904952	8	42.12	47	57
1905079	1905222	144	0.00	0	0
1907815	1908250	436	5.65	0	95
1909253	1909406	154	20.34	10	129
1910085	1910546	462	289.78	147	1434
1911180	1911218	39	10.00	11.5	26
1912185	1912412	228	50.13	0	196
1913160	1913172	13	96.00	104.5	136
1914106	1914831	726	30.98	27	94
1915033	1915306	274	25.03	19	59
1916576	1916611	36	31.00	12	109
1917212	1917228	17	0.00	0	0
1917742	1917895	154	1.92	0	13
1918316	1918567	252	3.11	0	16
1918745	1918752	8	0.00	0	0
1919338	1919361	24	0.00	0	0
1920938	1921057	120	22.37	16	50
1921394	1921469	76	270.63	388	417
1921917	1922249	333	18.69	0	135
1923150	1923254	105	9.93	0	59
1924356	1924515	160	5265.69	1476	14474
1924726	1924853	128	2614.80	1062	7076
1925112	1925125	14	0.00	0	0
1926581	1927363	783	0.13	0	10
1931531	1931587	57	23.12	24	34
1933493	1933805	313	34.12	20	138
1935033	1935185	153	122.57	88	260
1936473	1936474	2	0.00	0	0
1936676	1936945	270	1.00	0	16
1937210	1937604	395	6.04	0	23
1938946	1939072	127	4.68	0	27
1939871	1939912	42	3.05	0	11
1940897	1942503	1607	5.16	0	32
1942876	1943051	176	49.22	52	81
1943406	1944696	1291	29.82	10	216
1945054	1947206	2153	8.88	0	81
1947414	1947492	79	30.47	36	62
1947850	1947856	7	0.00	0	0
1949351	1949392	42	0.00	0	0
1950353	1950485	133	8.01	0	39
1951203	1951421	219	10.42	0	131
1952274	1952404	131	40.01	21	112
1953131	1953305	175	33.29	27	81
1953537	1953538	2	0.00	0	0
1954196	1954258	63	3.30	0	11
1954847	1955232	386	96.00	0	395
1956697	1956885	189	43.70	48	114
1957444	1957497	54	0.00	0	0
1957795	1957895	101	35.92	44	76
1958673	1958714	42	0.00	0	0
1959363	1959372	10	21.50	20	32
1959979	1960044	66	7.73	0	22
1960636	1960642	7	51.29	60.5	65
1960988	1961036	49	17.45	17.5	25
1961910	1961934	25	13.76	19	21
1962754	1962755	2	26.50	53	53
1963908	1963963	56	26.64	12	106
1965958	1965975	18	12.67	13	15
1967395	1967567	173	3.52	0	13
1968676	1968687	12	0.00	0	0
1969216	1969310	95	12.89	12	30
1970424	1970600	177	32.62	18	140
1971180	1971243	64	25.31	30	54
1972096	1972737	642	300.01	25	1582
1975017	1975131	115	6.14	5	19
1975954	1976164	211	482.55	172	1757
1976285	1976421	137	6.38	0	17
1976656	1976688	33	0.00	0	0
1977475	1977555	81	0.00	0	0
1977748	1978171	424	1.05	0	11
1978787	1978810	24	0.00	0	0
1981132	1981420	289	2.18	0	14
1982861	1983006	146	5.75	0	89
1984322	1984325	4	85.75	113	118
1985055	1985169	115	219.10	171.5	449
1986022	1986402	381	8.62	0	102
1987258	1987345	88	32.38	0	124
1988732	1988734	3	66.33	99.5	101
1988957	1989066	110	113.30	98	237
1989259	1989358	100	54.91	42	120
1990127	1990244	118	11.04	14	24
1992996	1993120	125	41.08	20	156
1994108	1994163	56	28.66	10	72
1994491	1994503	13	24.62	27	29
1994807	1995171	365	5205.68	907.5	28207
1995601	1995615	15	1692.80	1660.5	2591
1996006	1996388	383	12.82	10	130
1996881	1997075	195	6.66	0	18
1998003	1998133	131	1.68	0	15
1998881	1999005	125	22.10	21	57
1999585	1999605	21	129.00	134	146
2000953	2000969	17	252.35	272	284
2001756	2002089	334	8.78	0	102
2003878	2003946	69	11.22	15	24
2004577	2004671	95	0.00	0	0
2005494	2005564	71	3.86	0	38
2006126	2006211	86	16.42	19	38
2006647	2006869	223	2.86	0	19
2007137	2007138	2	0.00	0	0
2008912	2009040	129	2.67	0	19
2009980	2009990	11	21.73	24	25
2010864	2011463	600	233.04	0	1999
2013363	2015246	1884	0.00	0	0
2015466	2017050	1585	0.00	0	0
2017363	2017439	77	2.70	0	20
2019492	2019609	118	5.69	0	22
2021446	2021481	36	1.89	0	15
2021668	2021720	53	0.00	0	0
2022240	2022524	285	5.32	0	24
2023848	2024899	1052	0.00	0	0
2026064	2026372	309	4.62	0	29
2027636	2027709	74	10.01	14	23
2028037	2028113	77	28.71	51	53
2029482	2029538	57	0.00	0	0
2030513	2030573	61	27.79	0	128
2031573	2031668	96	41.49	35	78
2032515	2032542	28	49.18	45	64
2033023	2033108	86	3.17	0	12
2034675	2034822	148	0.00	0	0
2036086	2039364	3279	0.75	0	38
2040286	2046713	6428	0.52	0	41
2048141	2048172	32	0.00	0	0
2048734	2048878	145	4.54	0	14
2050529	2050597	69	2.19	0	13
2051651	2051804	154	0.00	0	0
2053044	2053193	150	0.42	0	11
2053920	2053958	39	8.00	0	19
2054874	2055061	188	5.09	0	30
2055578	2055599	22	0.00	0	0
2056983	2057325	343	4.35	0	32
2058916	2058946	31	0.00	0	0
2060146	2060206	61	30.92	0	95
2060591	2060645	55	40.71	46	64
2061114	2061189	76	87.11	13	336
2061454	2061612	159	31.78	27.5	67
2062294	2062425	132	52.73	69	99
2062939	2063079	141	6.62	5	17
2065024	2065060	37	0.00	0	0
2065817	2065902	86	16.02	23	30
2066527	2066573	47	0.00	0	0
2068504	2068733	230	3.45	0	15
2069703	2069856	154	0.00	0	0
2071996	2072505	510	11.42	0	217
2072794	2072887	94	691.44	324	1597
2074520	2075175	656	16.70	0	166
2076760	2076902	143	64.40	0	345
2077323	2077518	196	0.87	0	12
2078737	2078749	13	0.00	0	0
2078918	2078990	73	16.47	12	42
2079312	2079346	35	24.80	28	32
2079764	2079787	24	12.58	12	17
2080292	2080438	147	7.90	0	24
2083229	2083792	564	8.31	0	129
2084486	2084727	242	55.24	32	225
2089132	2089205	74	18.27	16	31
2089539	2089571	33	7.30	0	20
2091017	2091810	794	7.46	0	30
2094238	2095594	1357	0.60	0	13
2097206	2097268	63	9.32	11	21
2099156	2099284	129	5.13	0	33
2100212	2102862	2651	4.60	0	119
2103721	2103770	50	8.44	13	15
2105090	2105122	33	10.27	11	20
2105711	2105763	53	2.64	0	16
2106870	2106876	7	39.43	46.5	47
2107357	2107358	2	23.50	47	47
2108225	2108307	83	25.90	26.5	34
2108824	2108957	134	114.43	31	388
2109171	2109424	254	10.91	11	117
2110064	2110211	148	0.07	0	10
2111886	2112094	209	4.18	0	28
2112698	2112771	74	10.86	17	25
2113162	2113211	50	13.66	16	30
2113903	2113940	38	285.08	283	410
2114151	2114441	291	46.06	32	148
2116290	2116330	41	0.00	0	0
2116514	2116668	155	17.37	21	37
2117404	2117407	4	0.00	0	0
2118092	2118252	161	18.82	0	64
2119117	2119181	65	12.05	11	28
2119752	2119908	157	4.52	0	39
2120767	2120816	50	12.00	13	15
2121237	2121442	206	106.30	64	301
2122650	2122708	59	431.75	486.5	540
2122943	2123014	72	318.96	191	1090
2123483	2123489	7	285.57	331.5	337
2124021	2124033	13	1051.92	1223	1257
2125579	2125605	27	239.33	234	327
2126479	2126518	40	88.33	89	164
2127914	2127926	13	1371.77	1545	1561
2128347	2128520	174	29.57	0	267
2129415	2129533	119	10.26	0	30
2131595	2132699	1105	18.68	12	202
2133537	2134534	998	22.04	22	64
2135549	2135569	21	24.43	26	27
2136410	2136607	198	136.46	114	322
2137331	2137436	106	16.89	18	39
2138229	2138448	220	4746.41	180	24995
2138932	2138998	67	45.90	16	124
2139743	2139806	64	286.72	347	436
2141370	2141471	102	16.75	15	29
2143338	2143478	141	6.62	0	21
2144403	2144430	28	5.75	10	11
2144800	2144848	49	35.33	19	68
2145809	2146658	850	0.79	0	12
2146908	2147047	140	0.57	0	10
2148092	2148183	92	7.96	0	22
2148709	2148885	177	13.93	11	42
2149063	2149098	36	53.50	54	69
2149597	2149746	150	8.41	0	75
2151170	2151189	20	0.00	0	0
2152825	2152851	27	8.44	12	14
2152984	2152999	16	0.00	0	0
2153219	2153285	67	3.45	0	13
2153649	2153653	5	15.20	19.5	20
2153786	2153922	137	5.38	0	66
