#start	end	length	mean	median	max
1	158	158	4.67	0	18
1713	1794	82	14.35	11	38
2896	3046	151	0.00	0	0
5102	5149	48	0.00	0	0
5196	5272	77	0.00	0	0
5714	5838	125	0.00	0	0
6080	6499	420	3.29	0	31
9134	9163	30	0.00	0	0
9206	9364	159	6.08	0	26
10292	10327	36	29.97	40	40
10363	10393	31	29.19	31	35
11069	11090	22	0.00	0	0
11544	11671	128	39.51	28	85
11703	12068	366	3.37	0	16
12305	12416	112	98.27	103	183
12726	12732	7	108.57	125	133
13087	13340	254	19.38	0	218
13623	13981	359	0.11	0	23
14065	14080	16	464.81	187	2633
14429	14437	9	17.11	19	22
15209	15369	161	13.78	0	52
15895	15999	105	25.88	11	100
16654	16668	15	1.40	0	11
16706	16736	31	1.81	0	12
17058	17322	265	14.32	11	56
19498	19762	265	0.00	0	0
20084	20118	35	0.00	0	0
21249	21325	77	0.00	0	0
22280	22324	45	0.00	0	0
22360	22394	35	0.00	0	0
24408	24448	41	0.63	0	16
24482	24505	24	0.00	0	0
26239	26267	29	8.62	10	11
26302	26308	7	0.00	0	0
26948	27011	64	11.72	0	32
28855	28943	89	9.18	0	51
28986	28995	10	0.00	0	0
29851	29940	90	1.52	0	16
29973	29991	19	51.74	62	68
31054	31249	196	9.03	0	90
32165	32251	87	7.31	0	27
34163	34363	201	3.65	0	20
34395	34411	17	0.00	0	0
35738	36106	369	4.60	0	22
36458	36523	66	21.18	21	30
37802	38080	279	22.74	17.5	77
38475	38535	61	0.00	0	0
38810	39077	268	0.00	0	0
39102	39109	8	0.00	0	0
39671	39690	20	0.00	0	0
40576	40628	53	0.00	0	0
40671	40681	11	0.00	0	0
42041	42156	116	0.00	0	0
42855	42973	119	3.08	0	22
44012	44036	25	0.00	0	0
44070	44154	85	0.00	0	0
44197	44214	18	0.00	0	0
47428	47440	13	24.08	24	34
47972	49538	1567	24.87	0	439
49926	50259	334	1.78	0	19
50450	50523	74	0.18	0	13
51655	51926	272	9.89	0	44
52242	52466	225	0.00	0	0
52499	52526	28	6.79	10	10
55668	57121	1454	20.58	0	305
58199	58419	221	1.68	0	16
58493	58574	82	0.00	0	0
59082	59487	406	166.26	71	792
59863	59980	118	71.70	36	175
60479	60496	18	37.56	40	41
61190	61250	61	15.49	10	51
61606	61830	225	44.07	30	131
63505	63517	13	0.00	0	0
63554	63620	67	3.54	0	28
64710	64746	37	2.16	0	10
66858	66921	64	0.16	0	10
68215	68230	16	0.00	0	0
68261	68980	720	115.15	28	761
69006	69022	17	0.00	0	0
69777	70213	437	54.27	0	491
71171	71268	98	13.54	14	25
71294	71314	21	0.00	0	0
74102	74115	14	12.86	14	15
74158	74484	327	6.56	0	28
74510	74742	233	8.44	0	42
74768	74782	15	0.00	0	0
75578	76564	987	3.60	0	54
77057	77088	32	21.47	21	26
78055	78310	256	0.00	0	0
78492	78745	254	0.00	0	0
78784	78812	29	0.00	0	0
79470	80057	588	0.00	0	0
80329	80405	77	2.40	0	22
81335	81550	216	0.92	0	13
81584	81943	360	5.29	0	47
81977	81988	12	0.00	0	0
85421	85955	535	1.62	0	37
86411	86664	254	13.21	0	52
87499	87510	12	0.00	0	0
87543	87552	10	0.00	0	0
88843	88884	42	0.00	0	0
90809	90858	50	0.00	0	0
92032	92164	133	5.76	0	23
94563	94578	16	0.00	0	0
97059	97255	197	39.99	23	164
98363	98396	34	0.00	0	0
98847	98877	31	0.00	0	0
99718	99774	57	0.00	0	0
99811	100458	648	5.24	0	28
101536	101617	82	0.00	0	0
102128	103397	1270	16.76	0	89
105567	105587	21	13.76	15	17
106131	106150	20	34.90	28	55
106796	106798	3	23.33	35	35
107396	107400	5	218.60	273	276
108514	108667	154	42.27	43	59
111062	111073	12	14.67	16	16
111107	111183	77	0.00	0	0
111817	112019	203	32.72	29	77
112641	112661	21	115.43	117.5	147
112695	112857	163	0.13	0	11
116051	116061	11	0.00	0	0
116094	116168	75	2.24	0	14
117231	117233	3	0.00	0	0
117267	117277	11	0.00	0	0
118169	118223	55	0.00	0	0
118332	118489	158	4.65	0	20
119684	119703	20	0.00	0	0
119734	119750	17	0.00	0	0
121158	121353	196	58.72	0	207
122066	122258	193	0.00	0	0
123570	123846	277	0.00	0	0
124127	124243	117	0.00	0	0
124443	124549	107	4.30	0	18
125832	125834	3	0.00	0	0
127326	127546	221	146.61	0	2750
128309	128353	45	7.62	0	23
130394	130903	510	3.56	0	24
130945	130949	5	0.00	0	0
130976	130989	14	0.00	0	0
132321	132346	26	0.00	0	0
132473	132574	102	7.36	0	22
133727	133903	177	26.86	17.5	72
134309	134371	63	21.30	19	53
135644	135666	23	0.00	0	0
135695	135830	136	6.80	0	21
136176	136191	16	0.00	0	0
136405	136424	20	5.30	0	15
136453	136550	98	0.22	0	11
136936	137492	557	0.00	0	0
137620	137770	151	0.73	0	10
138995	139095	101	74.40	57	140
139474	139484	11	39.27	43	45
140157	140186	30	2.33	0	10
140700	140789	90	0.00	0	0
141210	141477	268	6.84	0	29
142483	142699	217	0.00	0	0
142901	142977	77	1.90	0	26
144061	144119	59	0.00	0	0
145638	145667	30	0.00	0	0
145815	145842	28	0.00	0	0
147340	147376	37	8.57	12	16
147415	147479	65	0.00	0	0
148107	148155	49	0.00	0	0
148690	148718	29	0.00	0	0
148863	148947	85	0.00	0	0
150226	150240	15	15.60	16	19
150273	150435	163	0.06	0	10
150478	150517	40	0.00	0	0
151895	151907	13	0.00	0	0
151948	152039	92	0.00	0	0
152862	152865	4	0.00	0	0
154433	154773	341	11.04	0	38
155081	155151	71	0.00	0	0
155192	155483	292	0.00	0	0
155758	155817	60	0.00	0	0
156212	156292	81	0.00	0	0
156330	156344	15	0.00	0	0
157586	157711	126	2.57	0	17
157749	157761	13	0.00	0	0
159133	159158	26	0.00	0	0
159345	159348	4	0.00	0	0
160351	160449	99	0.00	0	0
161318	161370	53	0.00	0	0
162238	162892	655	9.97	0	168
163026	163143	118	72.00	24	523
163936	164162	227	3.64	0	17
166764	167174	411	1.27	0	16
167425	167567	143	1.10	0	12
167600	167613	14	0.00	0	0
167803	167837	35	17.17	27	31
168303	168361	59	0.00	0	0
168740	168744	5	0.00	0	0
169120	169179	60	8.88	12	20
170064	170108	45	0.00	0	0
170973	171010	38	0.00	0	0
172119	172197	79	5.19	0	22
173029	173107	79	0.00	0	0
173861	174106	246	18.41	13	47
174134	174153	20	15.40	18	22
174517	174533	17	1.41	0	12
175281	175282	2	19.00	38	38
175790	175807	18	622.50	550	920
176051	176207	157	7.27	0	52
176446	178181	1736	0.31	0	17
178471	178603	133	0.00	0	0
178632	178638	7	0.00	0	0
180043	180057	15	55.27	59	60
180733	180924	192	14.06	0	62
183080	183090	11	0.00	0	0
183736	183742	7	0.00	0	0
184511	184525	15	0.00	0	0
185210	185215	6	280.17	338	343
185417	185465	49	67.69	83.5	91
185787	185862	76	11.11	12	25
186184	186271	88	30.97	17	98
186302	186326	25	676.60	663.5	1131
187389	187775	387	104.46	0	619
187957	188222	266	0.00	0	0
189372	189504	133	51.06	24	154
189769	189978	210	33.20	32	155
191833	191838	6	20.50	24	27
192772	192777	6	28.83	34	36
192824	192924	101	19.73	20	29
193246	193357	112	0.00	0	0
194648	194983	336	0.00	0	0
195947	195948	2	10.00	20	20
196834	196857	24	1.25	0	10
198256	198301	46	0.00	0	0
199816	200205	390	29.77	0	216
200248	200271	24	0.00	0	0
201529	201751	223	2.34	0	13
204134	204490	357	68.97	12.5	529
205142	205269	128	0.69	0	11
206089	206116	28	0.00	0	0
206152	206176	25	0.00	0	0
207702	208086	385	21.69	10	95
208708	208723	16	0.00	0	0
208759	208982	224	0.00	0	0
210117	210127	11	0.00	0	0
210155	210213	59	0.00	0	0
211195	211237	43	32.72	32	42
211766	211875	110	1.29	0	12
211918	211935	18	0.00	0	0
213529	213637	109	0.00	0	0
214031	214063	33	0.00	0	0
214829	214843	15	0.00	0	0
215579	215613	35	0.00	0	0
216250	216314	65	14.42	0	57
216360	216381	22	0.00	0	0
217882	218068	187	6.02	0	16
219125	219147	23	0.00	0	0
220675	220681	7	0.00	0	0
220714	220732	19	0.00	0	0
221726	222118	393	0.00	0	0
222458	222477	20	0.00	0	0
222511	222517	7	18.29	21.5	22
223892	223912	21	0.00	0	0
224780	224809	30	0.00	0	0
225633	225703	71	2.00	0	11
225733	225742	10	109.90	125	127
226274	226377	104	4.00	0	50
226834	227046	213	0.00	0	0
227121	227203	83	0.75	0	33
227239	227385	147	0.00	0	0
229270	229299	30	775.47	875	1779
229720	230199	480	39.95	31	109
230443	230447	5	0.00	0	0
230832	230840	9	0.00	0	0
230881	230923	43	0.00	0	0
231045	231054	10	105.40	119	120
231442	231448	7	4.71	5	12
231482	231483	2	7.00	14	14
232939	232955	17	0.00	0	0
233784	233862	79	0.00	0	0
234250	234398	149	0.00	0	0
234924	235368	445	0.00	0	0
236542	236566	25	0.00	0	0
236595	236600	6	0.00	0	0
239070	239100	31	0.00	0	0
239144	239205	62	0.00	0	0
240490	240659	170	7.81	10	23
241256	241341	86	18.13	21	28
242322	242340	19	0.00	0	0
242375	242397	23	14.70	15	16
243016	243239	224	40.03	35	105
244518	244533	16	23.94	25	31
244566	244632	67	6.75	10	16
244834	244921	88	0.00	0	0
245951	246158	208	24.27	19	61
246690	246913	224	4.97	0	23
247852	247876	25	7.44	11	13
248171	248227	57	0.00	0	0
248390	248548	159	57.17	10	1153
248639	248914	276	34.86	0	232
249698	249736	39	44.82	46	57
250607	250617	11	13.36	15	16
250657	250668	12	0.00	0	0
251278	251399	122	55.40	0	274
251602	251609	8	29.00	40	46
252027	252029	3	15.67	23.5	24
252812	253333	522	0.00	0	0
254366	254382	17	0.00	0	0
254415	254446	32	0.00	0	0
254870	254949	80	0.25	0	10
255424	255472	49	0.61	0	10
255794	255966	173	0.00	0	0
256684	256697	14	0.00	0	0
257654	257677	24	0.00	0	0
257710	259241	1532	0.16	0	10
260107	260588	482	2.84	0	22
261213	261273	61	0.00	0	0
261763	261805	43	0.00	0	0
261854	261864	11	32.27	37	38
263407	263602	196	40.75	0	415
265131	265146	16	0.00	0	0
266419	266435	17	17.47	18	21
266890	266896	7	0.00	0	0
267269	267288	20	44.35	47	49
267325	267328	4	0.00	0	0
268055	268098	44	27.07	23	38
268552	268664	113	19.81	20	28
269232	269248	17	23.76	25	28
270026	271015	990	14.98	0	153
272216	272234	19	26.89	29	32
272269	272293	25	0.00	0	0
277073	277496	424	0.00	0	0
279678	279704	27	0.74	0	10
279737	279749	13	8.85	11.5	12
281674	281752	79	1.15	0	11
281812	281858	47	3.72	0	13
282655	282854	200	0.00	0	0
283173	283230	58	0.00	0	0
284008	284061	54	72.28	111	172
284539	284542	4	29.25	39	39
285539	285661	123	9.98	13	26
286079	286102	24	0.00	0	0
286670	286705	36	3.97	0	11
286735	286762	28	8.04	14	15
287645	287839	195	1.62	0	26
288162	288333	172	0.00	0	0
288365	288379	15	25.73	27	30
289250	289506	257	50.11	41	164
291043	291063	21	0.00	0	0
291101	291114	14	0.00	0	0
291853	292058	206	2.96	0	20
294242	294378	137	4.75	0	24
294413	294434	22	0.00	0	0
295443	295486	44	0.00	0	0
295517	295526	10	0.00	0	0
296640	296820	181	5.93	0	37
296895	296949	55	59.40	0	360
298861	298880	20	0.00	0	0
299425	299548	124	436.30	289	840
299744	299758	15	74.13	79	93
300116	300292	177	6.02	0	24
301346	301364	19	0.00	0	0
301776	301899	124	3.94	0	23
302099	302131	33	0.00	0	0
302375	302382	8	37.50	41	49
303130	303222	93	22.65	5	49
305584	305659	76	37.59	20	126
306252	306429	178	0.00	0	0
306913	306919	7	0.00	0	0
306953	306982	30	0.00	0	0
307023	307548	526	1.50	0	34
309983	310108	126	17.73	11	47
311394	311403	10	0.00	0	0
311443	311580	138	43.29	26	245
312028	312033	6	23.83	29	29
313829	313838	10	0.00	0	0
313885	313911	27	0.00	0	0
314851	314852	2	0.00	0	0
314917	314953	37	0.00	0	0
315554	315562	9	0.00	0	0
315599	315739	141	109.12	0	476
317411	317523	113	59.33	65	102
317598	317617	20	147.05	164	173
317690	317696	7	7.86	11	11
317725	318157	433	0.00	0	0
319775	319872	98	2.55	0	15
320263	320307	45	21.44	22	27
321043	321058	16	0.00	0	0
321095	321264	170	421.30	0	2100
321742	321825	84	74.87	56	177
321860	321871	12	0.00	0	0
322364	322375	12	0.00	0	0
322748	322817	70	0.34	0	12
323002	323012	11	0.00	0	0
323374	323454	81	67.26	6.5	183
323746	323876	131	112.92	0	320
324813	325072	260	1.08	0	34
325574	325583	10	0.00	0	0
325612	325627	16	35.12	37	38
326501	326608	108	0.00	0	0
326960	327040	81	0.00	0	0
327272	327274	3	28.33	42.5	44
327309	327645	337	117.09	12	619
328507	328605	99	52.73	0	167
329563	329575	13	18.69	20	22
329613	329679	67	7.49	0	94
329702	329798	97	104.58	90	203
331920	331933	14	0.00	0	0
331966	331994	29	0.00	0	0
332972	333110	139	9.99	0	42
334562	334759	198	55.22	19	375
335690	336096	407	37.59	30	148
336431	336689	259	0.66	0	10
336877	337015	139	8.87	11.5	23
337044	337102	59	9.58	13	19
337337	337477	141	5.65	0	19
337511	337538	28	1.79	0	10
338556	338703	148	0.00	0	0
340495	340638	144	13.40	14	25
341338	341422	85	2.92	0	20
341449	341525	77	344.57	534	587
342636	342671	36	44.06	45	57
343647	343652	6	125.17	148	156
344001	344007	7	23.43	27	28
344785	344812	28	11.79	14	33
345026	345128	103	15.83	15.5	37
345438	345439	2	0.00	0	0
346170	346194	25	45.00	47	49
346513	346519	7	0.00	0	0
346555	346734	180	34.73	0	129
348177	348178	2	37.50	75	75
349145	349425	281	2.70	0	13
349849	349868	20	40.60	43	44
350631	350704	74	182.55	54	614
353191	353213	23	0.00	0	0
353235	353267	33	0.00	0	0
354330	354350	21	9.95	10	12
354390	354394	5	0.00	0	0
356282	356284	3	6.67	10	10
358441	358467	27	0.00	0	0
358723	358829	107	22.53	10.5	77
360207	360212	6	0.00	0	0
360247	360483	237	26.65	26.5	75
360862	361048	187	0.00	0	0
361082	361087	6	0.00	0	0
365086	365122	37	0.00	0	0
365159	365164	6	7.83	12	12
366071	366357	287	5.05	0	46
367889	367900	12	0.00	0	0
368654	368670	17	0.00	0	0
368701	368711	11	0.00	0	0
370092	370147	56	4.54	0	17
370184	370261	78	2.60	0	18
370769	370835	67	133.03	106	332
370872	370890	19	0.00	0	0
372304	372534	231	0.00	0	0
372895	373124	230	0.00	0	0
373737	373761	25	10.80	12	14
373788	373791	4	0.00	0	0
374498	374715	218	3.59	0	25
376681	376746	66	17.55	18	27
377365	377476	112	17.68	0	135
377759	377929	171	41.78	36.5	99
378944	378964	21	0.00	0	0
379000	379009	10	10.70	12	12
380165	380369	205	11.20	11	33
381141	381160	20	0.00	0	0
381180	381339	160	2.09	0	13
382003	382007	5	32.40	41	42
382045	382059	15	0.00	0	0
382816	382842	27	0.00	0	0
383731	383752	22	5.18	0	13
384317	384368	52	22.15	28	36
385143	385199	57	0.00	0	0
385848	385861	14	18.50	20	22
386900	386945	46	0.00	0	0
388323	388381	59	14.93	0	87
388568	388661	94	375.12	487	615
389811	389911	101	13.84	12	34
391214	391228	15	0.00	0	0
391268	391402	135	0.30	0	22
391433	391451	19	0.00	0	0
392289	392505	217	14.00	0	83
393151	393676	526	7.90	0	43
394415	394472	58	17.71	15	29
395433	395498	66	6.14	0	19
396501	396519	19	0.00	0	0
396546	396577	32	0.00	0	0
398120	398237	118	0.00	0	0
399087	399309	223	33.84	0	141
399803	399916	114	0.00	0	0
400410	400466	57	0.00	0	0
400505	400708	204	1.03	0	12
403805	403808	4	0.00	0	0
403839	403846	8	0.00	0	0
406136	406139	4	17.00	23	23
406440	406686	247	127.27	25	496
406888	406919	32	45.28	48	108
406950	407188	239	3.85	0	42
408518	408607	90	0.67	0	10
408634	408673	40	66.38	63	204
409178	409226	49	51.55	49	72
409938	409944	7	11.71	14	14
409975	410008	34	0.00	0	0
411707	412066	360	6.92	0	32
413423	413597	175	26.89	31	53
413919	413998	80	79.83	31	231
414017	414025	9	55.56	62.5	99
414977	415004	28	15.54	17	18
415578	415589	12	0.00	0	0
416175	416314	140	0.29	0	10
417047	417057	11	0.00	0	0
417107	417114	8	0.00	0	0
417679	417776	98	0.00	0	0
418164	418217	54	0.00	0	0
419115	419147	33	0.00	0	0
420603	420714	112	1.73	0	18
421382	421384	3	7.33	11	11
422678	422769	92	5.05	0	31
422803	422807	5	0.00	0	0
423462	423476	15	0.00	0	0
423507	423519	13	0.00	0	0
423742	423972	231	0.00	0	0
424108	425227	1120	57.47	0	1131
425516	426077	562	0.00	0	0
426618	426785	168	0.00	0	0
427707	427787	81	0.00	0	0
428427	428483	57	0.00	0	0
429273	429440	168	0.06	0	10
429514	429657	144	10.60	0	41
430447	430464	18	19.56	21	22
430494	430571	78	0.00	0	0
431406	431421	16	1.94	0	11
431461	433053	1593	5.62	0	30
433469	433711	243	1.36	0	12
434291	434302	12	0.00	0	0
435146	435155	10	6472.50	6914	7739
435229	435243	15	2103.07	2963.5	3360
435317	435321	5	111.60	140	140
435351	435486	136	123.68	106	317
436468	436536	69	4.58	0	12
437107	437162	56	35.36	43	61
437192	437234	43	2.23	0	14
438402	438552	151	1.57	0	24
440077	440089	13	9.08	12	16
440122	440134	13	0.00	0	0
441209	441351	143	0.00	0	0
442171	442381	211	5.78	0	18
442971	443376	406	0.00	0	0
443707	444038	332	133.64	33	627
444546	444721	176	180.90	145	345
444752	444785	34	1.15	0	13
445096	445143	48	16.10	18	20
445352	445523	172	18.36	0	133
446928	447237	310	46.56	21	158
447901	447934	34	12.06	16	17
450586	450599	14	19.14	20	29
450633	450657	25	0.00	0	0
450964	451400	437	0.00	0	0
451612	451839	228	7.36	10	21
452290	452298	9	0.00	0	0
452335	452363	29	33.17	32.5	45
453549	453558	10	11.40	13	13
453592	453862	271	1.51	0	28
454640	454724	85	74.85	74	131
454813	454892	80	397.06	386	851
454980	455172	193	0.18	0	22
456367	456724	358	51.07	50	125
456992	457188	197	40.29	32	94
457870	457882	13	0.00	0	0
458417	458529	113	0.00	0	0
458743	458796	54	0.00	0	0
459465	459606	142	0.00	0	0
460291	460361	71	0.00	0	0
460733	460948	216	0.00	0	0
461234	461421	188	0.00	0	0
462168	462202	35	0.00	0	0
462401	462600	200	0.00	0	0
463446	463488	43	40.60	35.5	98
463924	464038	115	7.44	10	25
464753	465139	387	27.05	24	92
465458	465464	7	0.00	0	0
465858	465977	120	0.00	0	0
468398	468416	19	0.00	0	0
468699	468739	41	8.12	0	41
469232	469410	179	4.72	0	18
469558	469695	138	0.00	0	0
470462	470507	46	39.78	49	54
470913	471137	225	27.67	10	116
471642	471964	323	966.35	534.5	4815
472184	472200	17	0.00	0	0
472235	472478	244	19.98	0	94
472926	472989	64	0.00	0	0
476553	476622	70	0.00	0	0
477800	477820	21	0.00	0	0
479687	479691	5	47.20	59.5	62
480220	480369	150	2.48	0	14
481125	481152	28	0.00	0	0
481924	481986	63	0.00	0	0
482314	482327	14	0.00	0	0
482592	482593	2	5.50	11	11
484042	484045	4	33.00	45	46
484475	484504	30	68.57	72	89
484784	485025	242	262.68	241	746
489169	489215	47	0.00	0	0
489244	489282	39	0.00	0	0
489586	489592	7	0.00	0	0
490526	490590	65	598.42	388	1864
490822	490831	10	15.90	14	26
491177	491178	2	48.00	96	96
491413	491621	209	47.08	0	394
492159	492161	3	0.00	0	0
492504	492679	176	0.00	0	0
492989	493003	15	0.00	0	0
493171	493182	12	0.00	0	0
496228	496231	4	0.00	0	0
496265	496289	25	24.72	26	27
496767	496975	209	7394.20	2236	26466
497008	497110	103	0.79	0	13
498098	498359	262	19.31	18	55
498546	498788	243	47.14	0	502
499821	499834	14	51.21	59	71
499867	500438	572	7.29	0	43
501472	501652	181	0.00	0	0
503633	503661	29	0.00	0	0
503690	503724	35	0.00	0	0
505276	505290	15	2.40	0	12
505444	505445	2	0.00	0	0
505488	505528	41	0.00	0	0
507700	507712	13	0.00	0	0
509147	509231	85	0.00	0	0
509274	509406	133	0.15	0	10
510167	510722	556	0.00	0	0
511095	511104	10	0.00	0	0
511130	511135	6	0.00	0	0
511173	511428	256	28.66	22	103
511799	511947	149	7.33	0	20
512201	512904	704	8.40	0	31
514000	514118	119	3.92	0	14
514165	514172	8	15.38	18	19
515215	515295	81	19.47	23	37
515334	515355	22	55.18	56	64
515809	515887	79	20.23	21	31
517276	517342	67	6.91	0	25
517898	518015	118	0.00	0	0
520077	520168	92	0.00	0	0
523106	523145	40	0.00	0	0
523186	523201	16	0.00	0	0
524159	524215	57	0.00	0	0
524243	524252	10	0.00	0	0
525117	525150	34	6.21	10	15
525511	525587	77	110.30	148	181
526065	526088	24	41.50	44	48
526779	526784	6	13.00	16	16
527658	527679	22	0.00	0	0
527722	527867	146	0.00	0	0
531486	531769	284	0.00	0	0
532718	532939	222	0.00	0	0
534431	534448	18	0.00	0	0
534488	534500	13	0.00	0	0
535896	535923	28	0.00	0	0
536110	536175	66	0.00	0	0
536734	536936	203	7.78	0	32
537588	539364	1777	0.39	0	15
539996	540025	30	0.00	0	0
540058	540133	76	52.59	0	201
541682	541696	15	11.47	12	15
541727	542037	311	3.57	0	21
542068	542107	40	18.55	19	23
543890	543909	20	77.30	78	92
544198	544444	247	20.07	17	59
546032	546061	30	80.47	82	98
546091	546183	93	24.01	25	44
548845	549543	699	32.36	0	409
551254	551263	10	23.50	26	28
551297	551318	22	0.00	0	0
551973	551984	12	0.00	0	0
552979	552982	4	0.00	0	0
553541	553868	328	18.91	13	60
555663	555791	129	29.73	25	56
557265	557275	11	0.00	0	0
557304	557596	293	19.43	19	58
559622	559745	124	0.00	0	0
559780	559801	22	25.00	28	32
560558	561580	1023	1.91	0	34
561621	561639	19	0.00	0	0
562354	562376	23	0.00	0	0
562488	562578	91	0.00	0	0
562631	562638	8	0.00	0	0
562742	562746	5	0.00	0	0
562826	562946	121	0.00	0	0
563017	563063	47	0.00	0	0
563158	563165	8	0.00	0	0
563215	563255	41	0.00	0	0
563359	563366	8	0.00	0	0
563461	563999	539	1.76	0	18
565884	565940	57	0.00	0	0
568116	568256	141	11.38	13	29
569205	569362	158	87.94	10	409
569729	569731	3	0.00	0	0
570032	570040	9	54.67	59	67
570269	570287	19	3.53	0	12
570738	570743	6	11.17	13	14
570803	571362	560	3.85	0	26
572167	572169	3	0.00	0	0
572914	572970	57	23.51	34	47
573241	573499	259	13.38	0	145
573980	573982	3	0.00	0	0
574015	574028	14	9.07	11	13
575238	575320	83	0.84	0	10
575446	575644	199	32.48	25	84
577898	577910	13	0.00	0	0
577959	578213	255	0.00	0	0
578395	578771	377	64.32	0	444
580083	580180	98	53.87	52	93
580793	580813	21	0.00	0	0
580844	580848	5	0.00	0	0
582112	582129	18	0.00	0	0
582889	582893	5	0.00	0	0
583986	584131	146	2.19	0	13
584543	584615	73	31.92	14	106
585765	586296	532	3.77	0	37
587056	587780	725	7.63	0	39
588157	588392	236	11.61	0	57
588798	588958	161	7.42	0	31
588982	588995	14	6.93	10	16
589305	589320	16	25.12	26	30
591004	591158	155	18.13	17	47
591813	591995	183	1.96	0	13
592035	592047	13	0.00	0	0
593416	593891	476	84.42	71	266
594582	594651	70	1.17	0	13
596626	596806	181	16.71	0	104
597470	597524	55	8.45	10	27
598378	598439	62	36.03	46	53
599205	599423	219	2.47	0	34
599458	599469	12	53.25	58	61
599779	600311	533	11.99	0	226
602589	602882	294	9.74	0	31
604035	604049	15	14.93	17.5	20
604086	604157	72	0.00	0	0
604479	604488	10	57.50	66	68
604765	604934	170	6.90	0	45
606219	606267	49	23.55	27.5	55
606706	606722	17	0.00	0	0
607563	607586	24	0.00	0	0
607968	608007	40	70.83	80	90
608103	608131	29	0.00	0	0
608432	608467	36	0.00	0	0
608585	608619	35	0.00	0	0
608651	608659	9	0.00	0	0
612362	612422	61	15.21	18	34
615213	615223	11	0.00	0	0
615262	615311	50	0.00	0	0
615330	615337	8	0.00	0	0
617342	617566	225	85.48	32	287
618218	618398	181	4.41	0	17
618424	618438	15	0.00	0	0
621187	621286	100	7.48	0	57
621836	621898	63	229.76	238.5	784
622041	622049	9	0.00	0	0
622368	622456	89	0.00	0	0
622841	623031	191	0.37	0	10
623324	623655	332	2.24	0	20
623944	623951	8	0.00	0	0
625164	625194	31	0.00	0	0
625868	625918	51	0.00	0	0
625959	625990	32	129.69	141	149
627161	627177	17	15.29	16	17
627208	627311	104	10.79	0	27
632344	632562	219	2.90	0	12
633481	633506	26	0.00	0	0
633534	633540	7	0.00	0	0
634445	634629	185	111.65	95	220
635872	635882	11	873.00	1037	1088
635923	635933	11	159.27	175	176
635968	635980	13	53.77	59	60
637172	637577	406	176.40	34	1091
638076	638162	87	1.51	0	13
638715	638728	14	0.00	0	0
638929	639218	290	0.00	0	0
639262	639281	20	23.10	25	28
640668	640880	213	20.93	15	155
641943	641952	10	0.00	0	0
641982	641996	15	37.13	45.5	46
642327	642626	300	14.47	0	178
643098	643120	23	52.91	56	58
643161	643170	10	0.00	0	0
643990	644188	199	0.00	0	0
645542	646045	504	0.22	0	14
647585	647599	15	0.00	0	0
647638	647645	8	0.00	0	0
648696	648915	220	12.05	0	166
649546	649556	11	12.27	13.5	14
649601	649677	77	0.57	0	13
650686	650730	45	0.00	0	0
650773	650779	7	0.00	0	0
652208	652252	45	7.56	11	11
654625	654689	65	41.08	40	61
654978	655129	152	14.16	16	30
655781	655787	7	0.00	0	0
657129	657179	51	0.00	0	0
657606	657752	147	1.67	0	11
657939	657953	15	0.00	0	0
659208	659245	38	0.00	0	0
660151	660155	5	0.00	0	0
660969	661031	63	0.63	0	10
661110	661214	105	6.39	0	25
661998	662028	31	14.42	13	29
662080	662117	38	0.00	0	0
662957	662986	30	0.00	0	0
664055	664090	36	0.00	0	0
664820	664837	18	9.83	15	20
666107	666238	132	0.00	0	0
666274	666275	2	0.00	0	0
666915	666938	24	0.00	0	0
666967	666978	12	0.00	0	0
667231	667327	97	2.00	0	11
668735	669042	308	73.35	0	523
670336	670348	13	0.00	0	0
670393	670460	68	0.00	0	0
671136	671210	75	0.00	0	0
671934	671940	7	11.86	14	14
671970	672087	118	2.90	0	14
673366	673442	77	1.56	0	16
677019	677178	160	0.00	0	0
677329	677598	270	0.00	0	0
677633	677672	40	0.00	0	0
678447	678589	143	14.74	11.5	60
678617	678636	20	0.00	0	0
679429	679477	49	6.29	5	18
680885	680959	75	31.44	29	51
681326	681533	208	40.86	41	90
681566	681601	36	0.00	0	0
681783	681786	4	0.00	0	0
682259	682266	8	0.00	0	0
682820	682822	3	0.00	0	0
683034	683298	265	4.54	0	25
683468	683632	165	4.78	0	15
684151	684225	75	2.69	0	12
687344	688650	1307	108.06	51	560
689959	690059	101	0.00	0	0
693084	693135	52	8.00	11	15
693367	693415	49	60.35	62.5	77
695169	695181	13	4.62	5	10
696022	696090	69	24.58	24	41
697690	697718	29	0.00	0	0
697986	698002	17	0.00	0	0
699092	699442	351	11.60	0	47
699485	699916	432	0.00	0	0
700041	700381	341	9.02	0	65
700452	700624	173	26.77	15	78
701022	704011	2990	0.31	0	15
704256	704804	549	0.00	0	0
705214	706350	1137	0.00	0	0
706460	706885	426	0.00	0	0
707121	707365	245	0.00	0	0
708270	708429	160	0.00	0	0
708796	709173	378	12.78	0	56
710221	710376	156	0.00	0	0
711391	711439	49	0.00	0	0
711476	711636	161	0.00	0	0
711820	711957	138	0.00	0	0
711997	712010	14	0.00	0	0
712647	712858	212	2.33	0	51
714692	715213	522	57.42	13	962
716657	716810	154	57.08	51	130
718471	718521	51	23.75	25	30
719368	719595	228	3.61	0	17
721240	721252	13	33.46	36.5	37
721457	721458	2	0.00	0	0
722470	722516	47	0.00	0	0
722655	722895	241	0.00	0	0
723464	725366	1903	0.00	0	0
725485	725960	476	0.00	0	0
726412	726541	130	0.00	0	0
727313	727335	23	0.00	0	0
728236	728324	89	1.38	0	22
728554	728610	57	0.00	0	0
729262	729285	24	8.17	12	17
729568	729606	39	19.54	0	98
729868	730253	386	0.08	0	10
730537	730892	356	0.00	0	0
731146	731377	232	1.94	0	13
732312	732448	137	0.80	0	10
732743	733056	314	12.61	0	79
734113	734142	30	0.00	0	0
734171	734184	14	0.00	0	0
736198	736219	22	0.00	0	0
736982	737183	202	9.68	0	35
738228	738882	655	15.48	0	413
739216	739261	46	13.02	13	23
739288	739298	11	0.00	0	0
741420	741467	48	0.00	0	0
741500	741516	17	0.00	0	0
743491	743636	146	3.70	0	53
743820	743832	13	35.00	38	39
744499	744500	2	0.00	0	0
745212	745261	50	0.00	0	0
745745	745768	24	1.75	0	14
745811	746011	201	0.00	0	0
746406	746466	61	0.00	0	0
746741	747032	292	0.00	0	0
747073	747143	71	0.00	0	0
747451	747668	218	0.50	0	10
748575	748732	158	0.00	0	0
751153	751361	209	4.18	0	20
751974	752049	76	33.83	10	96
752080	752093	14	0.00	0	0
752754	752763	10	13.30	15	15
753625	753639	15	21.00	14.5	39
754072	754219	148	23.02	0	225
754910	754929	20	0.00	0	0
754967	755000	34	71.94	77	77
755146	755150	5	0.00	0	0
756180	756200	21	0.00	0	0
756239	756265	27	0.00	0	0
756572	756605	34	0.00	0	0
756744	756991	248	0.00	0	0
758222	758248	27	0.00	0	0
758281	758302	22	0.00	0	0
759929	760080	152	7.59	0	59
760453	760503	51	16.71	18	25
762040	762058	19	20.37	20	31
762088	762108	21	0.00	0	0
762724	762738	15	226.80	242	248
762769	762906	138	526.10	453	1445
763156	763286	131	7.88	0	40
765220	765229	10	0.00	0	0
765273	765288	16	29.75	31	37
767032	767248	217	0.00	0	0
767667	767721	55	0.00	0	0
768721	768870	150	0.00	0	0
769464	769562	99	209.29	0	785
772638	772651	14	0.00	0	0
774384	774581	198	50.56	39	129
774951	775029	79	18.43	21	28
776950	776977	28	0.00	0	0
777332	777424	93	0.00	0	0
777935	777984	50	7.50	10	16
778159	778407	249	2.86	0	17
778828	778866	39	0.00	0	0
779524	779606	83	17.43	16	57
780012	780028	17	14.53	15	19
780974	780985	12	30.50	34	34
781028	781082	55	0.00	0	0
782151	782210	60	0.00	0	0
782611	782665	55	58.27	65.5	73
784212	784295	84	0.00	0	0
784336	784688	353	24.48	0	168
785151	785180	30	241.30	249	280
785652	785741	90	2362.74	2967	5326
786312	786350	39	0.00	0	0
788907	789055	149	6.82	0	44
790517	790538	22	0.00	0	0
790581	790590	10	0.00	0	0
790837	790854	18	30.72	33	36
793228	793318	91	136.85	198.5	247
793403	793443	41	198.85	64	2797
793532	793538	7	62.43	67	126
793567	793664	98	0.00	0	0
795740	795817	78	0.28	0	11
795855	795858	4	0.00	0	0
796747	796831	85	14.39	18	31
797468	797469	2	0.00	0	0
797520	797532	13	0.00	0	0
797569	797897	329	0.00	0	0
798978	799158	181	0.00	0	0
799523	799669	147	0.00	0	0
800241	800341	101	0.00	0	0
800658	801032	375	0.00	0	0
801205	801311	107	0.00	0	0
801802	801875	74	0.00	0	0
802063	802676	614	1.70	0	17
802716	802734	19	0.00	0	0
804592	804635	44	0.00	0	0
805747	805774	28	0.00	0	0
805835	805844	10	4.20	0	11
806895	806914	20	0.00	0	0
807096	807103	8	11.25	14	14
808478	808541	64	22.19	23	38
808845	809471	627	24.77	14	169
809670	809678	9	0.00	0	0
810462	810537	76	61.37	83	99
811816	811915	100	16.03	21	27
812873	813086	214	108.66	38	609
813486	813555	70	30.00	30	53
813751	814523	773	30.47	27	119
814562	814565	4	8.75	11	13
814905	814962	58	0.00	0	0
815719	815759	41	13.20	16	23
816363	816372	10	0.00	0	0
816517	816595	79	6.97	0	16
818456	818628	173	0.00	0	0
819499	819575	77	0.00	0	0
820947	820971	25	5.60	0	15
821689	821856	168	2.64	0	14
822526	822901	376	9.99	0	51
823547	823550	4	0.00	0	0
823730	824046	317	1.78	0	15
824306	824319	14	0.00	0	0
824525	824562	38	0.00	0	0
824996	825234	239	0.00	0	0
825560	825708	149	0.00	0	0
825742	825811	70	15.23	0	52
827143	827146	4	0.00	0	0
827187	827289	103	10.57	5	25
827575	827591	17	0.00	0	0
828486	828529	44	17.48	24	31
828563	828657	95	0.14	0	13
829786	829800	15	14.93	16	16
829843	829861	19	0.00	0	0
830711	830723	13	14.77	15.5	18
830766	830797	32	2.94	0	42
831458	831604	147	7.44	0	37
831644	831658	15	14.00	14.5	26
833210	833709	500	36.31	32	127
834398	834557	160	2.52	0	11
834715	834818	104	2.27	0	14
836079	836206	128	0.00	0	0
836240	836256	17	0.00	0	0
839299	839466	168	33.83	0	218
840145	840175	31	14.45	15	18
840533	840760	228	8.57	0	44
840795	840822	28	48.96	61	77
840958	841186	229	45.02	0	223
841500	841710	211	22.44	20	58
842065	842122	58	37.76	22	81
842723	842749	27	26.04	29.5	31
842787	842816	30	7.10	0	41
843660	843666	7	0.00	0	0
844124	844151	28	122.86	134	146
844398	844640	243	44.75	10	591
845613	845720	108	11.88	14	26
845753	845773	21	59.10	74	74
845990	846191	202	86.09	28	422
846328	846845	518	778.28	143	6100
847033	847066	34	36.44	26	96
847608	847620	13	77.23	85	90
848339	848530	192	278.56	246	667
848771	848839	69	79.52	80.5	163
850088	850109	22	18.05	19	20
850142	850162	21	17.29	19.5	22
850550	851491	942	12.09	0	63
852281	852306	26	0.00	0	0
852334	852355	22	0.00	0	0
852383	852433	51	0.00	0	0
853076	853096	21	8.52	12	15
855005	855028	24	0.00	0	0
855356	855506	151	0.00	0	0
856980	857065	86	0.58	0	10
858002	858004	3	0.00	0	0
858863	858881	19	0.00	0	0
860016	860064	49	0.00	0	0
860545	861002	458	0.00	0	0
861610	861695	86	0.00	0	0
861899	861992	94	0.00	0	0
862182	862281	100	0.00	0	0
862885	862949	65	26.38	0	194
863310	863629	320	8.23	0	650
864449	864622	174	0.00	0	0
864777	864822	46	0.00	0	0
865722	865779	58	0.00	0	0
865846	865856	11	0.00	0	0
866937	867044	108	0.00	0	0
867068	867076	9	0.00	0	0
867623	867719	97	0.00	0	0
867749	867764	16	0.00	0	0
868089	868109	21	31.24	34	44
868297	868320	24	0.00	0	0
870010	870108	99	12.66	0	32
870526	870644	119	179.04	115	505
870924	871107	184	2.46	0	20
874939	874952	14	0.00	0	0
874993	875017	25	0.00	0	0
876017	876038	22	0.00	0	0
876071	876079	9	33.56	37	43
876260	876374	115	30.49	26	81
876419	876434	16	0.00	0	0
876564	876613	50	0.00	0	0
876776	876826	51	0.00	0	0
877740	878295	556	2.05	0	22
878770	879079	310	14.86	0	94
879113	879162	50	0.00	0	0
880462	880470	9	0.00	0	0
880513	880541	29	0.00	0	0
881073	881097	25	25.24	26.5	28
881130	881131	2	0.00	0	0
882707	882769	63	0.00	0	0
884174	884458	285	0.00	0	0
887385	887402	18	1.22	0	11
887441	887535	95	6.15	0	25
887953	887954	2	0.00	0	0
888189	888396	208	5.95	0	31
889216	889389	174	0.00	0	0
889544	889994	451	0.00	0	0
890239	890562	324	0.00	0	0
890604	890631	28	44.43	47	53
891520	891532	13	58.00	62.5	66
892709	892770	62	9.23	0	28
893056	893140	85	66.64	12	220
893167	893177	11	4.82	5	11
894609	894706	98	205.99	162	510
894774	894871	98	9.68	0	145
896051	896113	63	43.81	52.5	63
896141	896152	12	0.00	0	0
898979	899045	67	90.97	94	127
899069	899185	117	33.38	34	51
900467	900580	114	176.18	85	414
900827	900832	6	203.17	243	245
901559	901659	101	13.54	15	30
903421	903425	5	29.40	37	37
904136	904198	63	38.30	48	51
904411	904424	14	43.79	46	54
905826	906076	251	124.17	49	1428
906812	906916	105	604.19	730	1140
907079	907092	14	0.00	0	0
909367	909504	138	0.65	0	10
910381	910581	201	0.00	0	0
910855	910856	2	0.00	0	0
910980	911036	57	6.26	11	13
913144	913195	52	0.00	0	0
913241	914205	965	0.70	0	13
914238	914252	15	22.93	25	32
914811	914855	45	159.09	210	306
916005	916025	21	0.00	0	0
916332	916341	10	0.00	0	0
916651	916654	4	0.00	0	0
917594	917599	6	0.00	0	0
918317	918323	7	0.00	0	0
918810	918898	89	18.11	9	45
919113	919168	56	14.96	0	50
919584	919641	58	16.36	22	25
919678	919828	151	0.00	0	0
920772	920810	39	0.00	0	0
920983	921444	462	1.37	0	16
922318	922327	10	0.00	0	0
923523	923581	59	5.59	0	26
924801	925014	214	0.00	0	0
925778	925794	17	0.00	0	0
925820	926134	315	0.57	0	11
928901	928925	25	0.00	0	0
929147	929778	632	0.00	0	0
929926	929927	2	0.00	0	0
931143	931181	39	0.00	0	0
931344	931346	3	0.00	0	0
932073	932156	84	8.58	0	56
932619	932838	220	116.85	97	365
933649	933859	211	0.00	0	0
935961	936054	94	1.49	0	10
937771	939729	1959	0.09	0	10
939993	940061	69	0.00	0	0
940100	940128	29	0.00	0	0
940163	940181	19	6.58	10	11
940926	940994	69	10.80	16	21
941034	941048	15	0.00	0	0
941081	941106	26	0.00	0	0
941834	941846	13	4.31	0	12
942516	942594	79	0.00	0	0
943075	943108	34	8.29	13	14
944527	944684	158	2.27	0	22
946168	946169	2	11.50	23	23
946467	946789	323	58.77	12	399
948014	948484	471	10.70	0	65
948515	948528	14	24.14	29	42
950368	950460	93	0.00	0	0
950929	950948	20	7.90	12	13
950993	951003	11	14.45	16	17
951829	951838	10	16.60	16	24
951877	951902	26	126.69	139	153
952383	952513	131	67.65	0	301
952796	952857	62	118.16	140	194
953122	953140	19	28.68	28	42
953171	953233	63	2.87	0	11
954599	954644	46	0.00	0	0
954820	954973	154	6.46	0	34
955755	957330	1576	16.92	11	109
957781	957831	51	18.22	19	24
958840	958972	133	2.02	0	19
959046	959238	193	5.98	0	60
960106	960532	427	3.64	0	82
960654	960685	32	0.00	0	0
961737	962110	374	5.11	0	17
963254	963274	21	1.14	0	12
963315	963368	54	0.00	0	0
963987	964022	36	0.00	0	0
964530	964626	97	3.98	0	18
965176	965460	285	58.15	64	123
965881	966014	134	56.34	57	139
968763	968776	14	0.00	0	0
968819	968909	91	0.00	0	0
970680	970710	31	191.65	202	211
970790	970868	79	79.53	87	151
972795	972800	6	14.00	15	25
972833	972836	4	0.00	0	0
973062	973187	126	1.89	0	11
973671	973679	9	1.33	0	12
974046	974074	29	0.00	0	0
975149	975274	126	0.00	0	0
976139	976190	52	0.00	0	0
976730	976975	246	0.00	0	0
977466	977472	7	11.14	13	13
977758	977847	90	0.00	0	0
977869	977879	11	0.00	0	0
978312	978514	203	8.34	10	39
979909	980126	218	36.84	42	92
980157	980159	3	0.00	0	0
980538	980748	211	59.54	36	177
981311	982211	901	0.00	0	0
984006	984206	201	0.00	0	0
984239	985213	975	2.41	0	27
985662	985850	189	13.69	0	52
985925	985944	20	45.95	44	63
986017	986455	439	33.99	11	292
987629	987657	29	24.24	24	38
987690	987789	100	4.94	0	27
987821	987972	152	21.80	24	38
988519	988523	5	15.00	19	20
990018	990281	264	67.09	0	398
990480	990550	71	6.69	0	21
992531	992549	19	14.53	16	16
992582	992676	95	0.00	0	0
994063	994079	17	0.00	0	0
994113	994129	17	3.47	0	12
995051	995425	375	2.36	0	18
995948	995953	6	0.00	0	0
997334	997447	114	6.82	10	22
998069	998125	57	0.00	0	0
998468	998604	137	62.10	0	236
998846	999098	253	17.32	19	35
999328	999362	35	183.14	130	378
999745	999761	17	0.00	0	0
1000507	1000858	352	0.19	0	12
1001690	1001698	9	0.00	0	0
1001731	1001854	124	0.00	0	0
1003361	1003375	15	13.60	15	16
1003408	1003492	85	1.74	0	36
1003520	1003524	5	81.40	102.5	106
1003915	1004233	319	271.09	126	1523
1004777	1004811	35	66.09	79	91
1005868	1006129	262	357.75	0	3669
1008707	1008725	19	84.63	90.5	111
1008767	1008780	14	0.00	0	0
1009993	1010083	91	4.38	0	32
1010291	1010484	194	0.00	0	0
1011289	1011304	16	0.00	0	0
1011339	1011358	20	0.00	0	0
1012056	1012181	126	3.29	0	14
1012381	1012690	310	8.65	0	33
1012928	1012964	37	3.78	0	15
1013673	1013747	75	25.76	18	83
1014207	1014282	76	0.00	0	0
1014442	1014446	5	0.00	0	0
1014487	1014596	110	0.00	0	0
1015077	1015419	343	0.00	0	0
1015452	1015476	25	2.08	0	12
1017336	1017354	19	6.21	11	12
1018909	1019095	187	42.75	19	156
1019129	1019278	150	14.65	0	54
1020062	1020137	76	8.92	13	17
1020170	1020174	5	0.00	0	0
1021606	1022008	403	53.76	18	294
1022942	1023467	526	12.00	0	126
1025731	1025745	15	0.00	0	0
1025779	1025840	62	0.00	0	0
1026153	1026288	136	12.72	0	46
1027249	1027290	42	0.00	0	0
1028695	1028712	18	0.00	0	0
1029013	1029092	80	13.43	17	24
1029370	1029706	337	2.73	0	20
1030022	1030108	87	4.25	0	16
1030338	1030402	65	1.55	0	11
1030685	1030689	5	17.60	22	22
1031011	1031164	154	0.78	0	10
1031510	1032744	1235	36.53	27	160
1033064	1033164	101	0.00	0	0
1033256	1034038	783	2.61	0	34
1034805	1035257	453	6.01	0	135
1036331	1036788	458	71.32	15	423
1037233	1037246	14	0.00	0	0
1037280	1037285	6	30.33	37	37
1038105	1038225	121	6.50	0	22
1038682	1038695	14	10.21	11	11
1038728	1038826	99	13.73	14	24
1039961	1040335	375	1.10	0	23
1042559	1042572	14	68.50	79	81
1042612	1042857	246	0.00	0	0
1043176	1043179	4	0.00	0	0
1043210	1043809	600	1.49	0	18
1043838	1044119	282	151.98	145	402
1044285	1044446	162	1268.81	351	3943
1045477	1045493	17	0.00	0	0
1046636	1046643	8	0.00	0	0
1047115	1047172	58	0.00	0	0
1048466	1048488	23	0.00	0	0
1048885	1049093	209	0.00	0	0
1055025	1055026	2	0.00	0	0
1057636	1057848	213	0.00	0	0
1058320	1058421	102	0.00	0	0
1058635	1058673	39	0.00	0	0
1060924	1060925	2	0.00	0	0
1062421	1062477	57	0.00	0	0
1062718	1062719	2	0.00	0	0
1063032	1063206	175	0.00	0	0
1064991	1065118	128	0.00	0	0
1065612	1065651	40	0.00	0	0
1066144	1066184	41	0.00	0	0
1066467	1066485	19	0.00	0	0
1068972	1069091	120	0.00	0	0
1069317	1069491	175	1.89	0	10
1069810	1069892	83	0.00	0	0
1070079	1070214	136	0.00	0	0
1070905	1071066	162	37.23	0	348
1071604	1071606	3	15.00	22.5	23
1071964	1071982	19	0.00	0	0
1072199	1072683	485	147.61	0	686
1072882	1072916	35	0.00	0	0
1073663	1073805	143	0.00	0	0
1074136	1074306	171	0.00	0	0
1074723	1074793	71	0.00	0	0
1075478	1075619	142	0.00	0	0
1076288	1076341	54	0.00	0	0
1076555	1076667	113	0.00	0	0
1078059	1078086	28	16.86	14	30
1078279	1078336	58	18.21	18	34
1078419	1078571	153	22.44	0	1480
1079830	1079912	83	7.16	0	22
1081145	1082261	1117	0.00	0	0
1083345	1083351	7	0.00	0	0
1083646	1083648	3	0.00	0	0
1085486	1085600	115	0.00	0	0
1085877	1085885	9	0.00	0	0
1086102	1086189	88	3.89	0	13
1086391	1086406	16	0.00	0	0
1086716	1086788	73	0.00	0	0
1088269	1088666	398	0.67	0	13
1088871	1088967	97	12.45	17	28
1090126	1090234	109	10.33	0	67
1091042	1091145	104	15.00	19	33
1091395	1091448	54	3.80	0	22
1092253	1092271	19	4.58	0	13
1092306	1092591	286	1.19	0	12
1093430	1093503	74	0.00	0	0
1094042	1094089	48	0.00	0	0
1094128	1094182	55	0.00	0	0
1095593	1096022	430	0.81	0	12
1096060	1096078	19	0.00	0	0
1096535	1096626	92	5.22	0	22
1097479	1097813	335	28.43	31	86
1099701	1099899	199	6.19	0	65
1099973	1100190	218	3.09	0	13
1100341	1100402	62	10.23	12	16
1101207	1101214	8	0.00	0	0
1101256	1101266	11	15.91	16	22
1102134	1102248	115	2.60	0	14
1102684	1102700	17	0.00	0	0
1102879	1103016	138	0.00	0	0
1103977	1104971	995	0.00	0	0
1106055	1106061	7	0.00	0	0
1106356	1106358	3	0.00	0	0
1107965	1108098	134	0.00	0	0
1108157	1108605	449	0.00	0	0
1108888	1108897	10	0.00	0	0
1109093	1109099	7	0.00	0	0
1109442	1109667	226	0.00	0	0
1110182	1110877	696	0.00	0	0
1111317	1111362	46	0.00	0	0
1111742	1112517	776	7.13	0	36
1112882	1112998	117	13.52	15	30
1113204	1113501	298	8.83	10	23
1113959	1114195	237	2.21	0	15
1114230	1114326	97	0.00	0	0
1114471	1114587	117	1.01	0	12
1114617	1114849	233	95.82	109	219
1115297	1115386	90	61.90	64	125
1115684	1116037	354	0.00	0	0
1116150	1116248	99	0.00	0	0
1119143	1119493	351	0.00	0	0
1119568	1119577	10	0.00	0	0
1119654	1119756	103	0.00	0	0
1121295	1121382	88	0.00	0	0
1121599	1121832	234	10.02	0	54
1122260	1122292	33	5.70	0	14
1122561	1122940	380	274.47	134	774
1123017	1123752	736	14.68	0	300
1123785	1123799	15	75.80	80.5	85
1124136	1124289	154	183.86	0	717
1128244	1128260	17	0.00	0	0
1128306	1128344	39	0.00	0	0
1129491	1129601	111	0.50	0	11
1129911	1129937	27	0.74	0	10
1130130	1130144	15	32.60	37	40
1130895	1130909	15	0.00	0	0
1130945	1131130	186	0.32	0	10
1132583	1132605	23	0.00	0	0
1132644	1132670	27	23.96	25	28
1133577	1133859	283	11.28	0	52
1134490	1134510	21	14.29	14	26
1134727	1134873	147	0.00	0	0
1135216	1135217	2	0.00	0	0
1135927	1135976	50	0.00	0	0
1137195	1137256	62	0.00	0	0
1138664	1138734	71	0.00	0	0
1138779	1138853	75	0.00	0	0
1141813	1142044	232	0.00	0	0
1143617	1143684	68	0.00	0	0
1146913	1147034	122	0.00	0	0
1147995	1148079	85	0.00	0	0
1148219	1148342	124	2.11	0	13
1148451	1148816	366	1.09	0	13
1148998	1149251	254	0.00	0	0
1149300	1149326	27	0.00	0	0
1150353	1150383	31	7.23	11.5	14
1151007	1151401	395	10.08	0	41
1153694	1154087	394	32.16	29	136
1154865	1154935	71	5.38	0	35
1154965	1155020	56	0.00	0	0
1157868	1157887	20	0.00	0	0
1158527	1158532	6	0.00	0	0
1159664	1159775	112	0.00	0	0
1160810	1160888	79	10.49	14.5	19
1160931	1160953	23	17.52	19	19
1162586	1162643	58	0.00	0	0
1162693	1162699	7	0.00	0	0
1164368	1164404	37	0.00	0	0
1164434	1164440	7	19.14	23	23
1165590	1165610	21	0.00	0	0
1165650	1165668	19	989.79	1049.5	1136
1166140	1166273	134	71.34	11	341
1166655	1166815	161	27.47	21	78
1167773	1167822	50	2.20	0	10
1169583	1169598	16	41.56	45	47
1170435	1170479	45	235.89	368	416
1171380	1171422	43	0.00	0	0
1171479	1171487	9	0.00	0	0
1171517	1171530	14	0.00	0	0
1172245	1172768	524	567.47	14	5872
1173117	1173288	172	37.72	42	88
1173978	1173995	18	0.00	0	0
1174620	1174637	18	0.00	0	0
1174683	1174690	8	14.88	16	20
1174722	1174728	7	19.29	22	26
1175545	1175781	237	47.14	43.5	130
1176245	1176263	19	0.00	0	0
1176300	1176309	10	0.00	0	0
1177714	1177889	176	30.83	15	152
1180070	1180073	4	28.50	39	39
1180236	1180386	151	9.62	0	47
1182970	1183005	36	74.44	75	140
1183038	1183113	76	2.42	0	26
1184107	1184144	38	4.82	0	11
1184175	1184227	53	0.00	0	0
1185239	1185320	82	52.21	38	104
1185612	1185680	69	18.20	0	55
1186170	1186182	13	19.77	19	36
1187908	1188613	706	2.62	0	436
1188696	1188974	279	51.92	11	581
1189626	1189630	5	32.00	40	41
1189677	1189706	30	26.90	28	32
1190370	1190463	94	11.17	12	21
1192635	1192682	48	0.00	0	0
1193760	1193955	196	0.00	0	0
1194688	1194700	13	0.00	0	0
1194736	1194765	30	2.90	0	11
1195633	1195646	14	14.57	17	17
1195690	1195869	180	0.68	0	15
1196299	1196311	13	28.92	35.5	38
1197176	1197178	3	6.67	10	10
1197211	1197228	18	9.50	11	13
1198279	1198384	106	0.51	0	12
1198472	1198489	18	371.61	35	1459
1198562	1198574	13	429.54	35.5	2573
1198646	1198673	28	799.11	185	4712
1198747	1198774	28	0.00	0	0
1198848	1198875	28	0.00	0	0
1198949	1199031	83	84.31	32	234
1199593	1199700	108	0.00	0	0
1200121	1200188	68	9.03	12	15
1200221	1200252	32	0.00	0	0
1200285	1200301	17	0.00	0	0
1200635	1200817	183	30.34	22	147
1201658	1201676	19	0.00	0	0
1201710	1201721	12	175.08	193	230
1202298	1202357	60	11.05	16	19
1203258	1203260	3	0.00	0	0
1204429	1204634	206	0.63	0	10
1207257	1207270	14	0.00	0	0
1207303	1207320	18	0.00	0	0
1207660	1208061	402	0.00	0	0
1208713	1209531	819	0.00	0	0
1209676	1209691	16	0.00	0	0
1210373	1210523	151	0.41	0	13
1212825	1212846	22	0.00	0	0
1214569	1214670	102	0.00	0	0
1215421	1215966	546	0.00	0	0
1216927	1217921	995	0.00	0	0
1219005	1219016	12	0.00	0	0
1219305	1219307	3	0.00	0	0
1221145	1221259	115	0.00	0	0
1221536	1221544	9	0.00	0	0
1221827	1221836	10	0.00	0	0
1222032	1222038	7	0.00	0	0
1222381	1222606	226	0.00	0	0
1223121	1223789	669	0.00	0	0
1223816	1224368	553	2.78	0	30
1224771	1224812	42	0.00	0	0
1225992	1226007	16	0.00	0	0
1226038	1226095	58	4.24	0	21
1228205	1228724	520	83.26	0	675
1229901	1230033	133	60.00	45	275
1230834	1230860	27	0.00	0	0
1230901	1231550	650	29.04	0	415
1232320	1232336	17	0.00	0	0
1232362	1232380	19	0.00	0	0
1232936	1232976	41	20.98	25.5	43
1233005	1233062	58	15.53	20	27
1233946	1234025	80	0.00	0	0
1234471	1234708	238	0.47	0	11
1235037	1235043	7	0.00	0	0
1236148	1236498	351	2.92	0	44
1236946	1236960	15	0.00	0	0
1238476	1238489	14	0.00	0	0
1241319	1241337	19	0.00	0	0
1241362	1241365	4	0.00	0	0
1241396	1241480	85	8.05	11	15
1242819	1242894	76	4.12	0	13
1244233	1244235	3	0.00	0	0
1244265	1244377	113	7.64	0	64
1245002	1245068	67	4.70	0	19
1246485	1246813	329	6.85	0	63
1247540	1247566	27	0.00	0	0
1248087	1248517	431	4.77	0	30
1248800	1249110	311	1966.54	50	14126
1249573	1249796	224	16.17	0	108
1250853	1250868	16	0.00	0	0
1250907	1251142	236	0.00	0	0
1251323	1251346	24	0.00	0	0
1251378	1251396	19	11.26	11.5	18
1252750	1252766	17	40.06	43.5	46
1253037	1253125	89	37.99	13	117
1253899	1253989	91	8.24	0	39
1254028	1254038	11	50.55	57	59
1254948	1255044	97	33.53	0	254
1255753	1255894	142	0.92	0	10
1256546	1257344	799	3.69	0	38
1257378	1257495	118	0.00	0	0
1257787	1258140	354	0.00	0	0
1258253	1258351	99	0.00	0	0
1261240	1261590	351	0.00	0	0
1261664	1261671	8	0.00	0	0
1261746	1261848	103	0.00	0	0
1263387	1263559	173	0.00	0	0
1263845	1263919	75	0.00	0	0
1265102	1265170	69	4.45	0	24
1267325	1267419	95	24.43	22	47
1267624	1267683	60	45.95	35	74
1268299	1268428	130	18.95	10	107
1269026	1269073	48	2.88	0	11
1269881	1269915	35	0.00	0	0
1270024	1270186	163	16.79	0	63
1271540	1271545	6	0.00	0	0
1271582	1271672	91	0.26	0	12
1272144	1272161	18	0.00	0	0
1272195	1272275	81	0.00	0	0
1272316	1272359	44	0.00	0	0
1272610	1272946	337	0.00	0	0
1273260	1274253	994	0.00	0	0
1274588	1274940	353	2.40	0	21
1275592	1275618	27	0.00	0	0
1276309	1276588	280	0.00	0	0
1279545	1279546	2	0.00	0	0
1280063	1280068	6	0.00	0	0
1281249	1281421	173	75.48	36	216
1281779	1281811	33	5.39	0	17
1284662	1284682	21	0.00	0	0
1284715	1284824	110	0.00	0	0
1285219	1285279	61	0.00	0	0
1285554	1285804	251	0.00	0	0
1285940	1286025	86	11.80	0	93
1286863	1287149	287	152.06	130	639
1287223	1287230	8	108.25	82	343
1287271	1287289	19	0.00	0	0
1288481	1288502	22	0.00	0	0
1289589	1289737	149	1.83	0	12
1290836	1290928	93	29.68	46	72
1291352	1291364	13	33.00	38.5	48
1291404	1291427	24	0.00	0	0
1293411	1293479	69	7.01	0	34
1294086	1294169	84	5.71	0	51
1295463	1295481	19	14.05	16	19
1295515	1295537	23	0.43	0	10
1296534	1296660	127	54.80	0	300
1297735	1297752	18	0.00	0	0
1297777	1297826	50	0.00	0	0
1298595	1298599	5	0.00	0	0
1299590	1299658	69	8.62	12	20
1300340	1300416	77	28.88	24.5	59
1300484	1300530	47	9.98	12	16
1301866	1301936	71	6.63	0	26
1301974	1301994	21	0.00	0	0
1302847	1302881	35	21.49	20	35
1302917	1302988	72	0.00	0	0
1303880	1303972	93	9.54	11	30
1306073	1306091	19	12.16	0	48
1306126	1306138	13	69.23	74	83
1307615	1307636	22	33.86	35	38
1308150	1308158	9	178.44	201	202
1308498	1308543	46	38.28	43	55
1308709	1308788	80	0.00	0	0
1309536	1309780	245	12.28	0	53
1310986	1311001	16	0.00	0	0
1312241	1312385	145	3.89	0	68
1312459	1312529	71	8.30	0	132
1313292	1313294	3	0.00	0	0
1314357	1314592	236	0.00	0	0
1315928	1315947	20	0.00	0	0
1315980	1316133	154	0.00	0	0
1316765	1317125	361	27.37	14	127
1317918	1318343	426	13.59	0	166
1320694	1320973	280	0.43	0	14
1321259	1321270	12	0.00	0	0
1321436	1321585	150	0.00	0	0
1321623	1321638	16	43.81	47	51
1323040	1323045	6	15.50	19	19
1323090	1323094	5	0.00	0	0
1326296	1326309	14	0.00	0	0
1327546	1327797	252	46.86	19	169
1328428	1328445	18	15.11	16	16
1328482	1328522	41	14.88	17	18
1328778	1329066	289	1.31	0	32
1330633	1330646	14	0.00	0	0
1330687	1330702	16	0.00	0	0
1333907	1333975	69	0.00	0	0
1335417	1335762	346	3.14	0	20
1337080	1337105	26	74.73	77	91
1337274	1337280	7	81.86	95	100
1337890	1337918	29	147.03	153.5	167
1339362	1339677	316	40.66	0	490
1341424	1341451	28	5.32	0	20
1341917	1342369	453	15.36	0	103
1342402	1342419	18	0.00	0	0
1342852	1342856	5	12.00	15	15
1343565	1343584	20	0.00	0	0
1344434	1344691	258	0.00	0	0
1345328	1345401	74	4.16	0	16
1346041	1346185	145	19.28	11	64
1348397	1348404	8	0.00	0	0
1348445	1348462	18	9.50	13	17
1348838	1348908	71	12.38	0	45
1349972	1350046	75	3.16	0	12
1350086	1350443	358	0.79	0	18
1350485	1350800	316	47.26	33	108
1351503	1351578	76	0.00	0	0
1351618	1351640	23	0.00	0	0
1352181	1352259	79	11.81	10	28
1352302	1352309	8	0.00	0	0
1352535	1352595	61	26.52	27	40
1353260	1353502	243	2.96	0	21
1353543	1353558	16	0.00	0	0
1355912	1355917	6	0.00	0	0
1356857	1356930	74	0.00	0	0
1356974	1356998	25	0.00	0	0
1357650	1357718	69	2.62	0	13
1360088	1360170	83	0.00	0	0
1360212	1360223	12	16.25	18	18
1362466	1362719	254	0.00	0	0
1363075	1363088	14	0.00	0	0
1363726	1363922	197	1.32	0	10
1363953	1363959	7	0.00	0	0
1363998	1364028	31	0.00	0	0
1364309	1366424	2116	1.57	0	20
1366531	1366697	167	0.00	0	0
1366837	1367872	1036	16.00	12	81
1367910	1367927	18	16.67	15	24
1368175	1368622	448	18.87	0	113
1368658	1368672	15	21.07	29	40
1369918	1370072	155	18.75	0	95
1370457	1370510	54	58.35	65	110
1371048	1371196	149	9.75	13.5	21
1372295	1372808	514	446.98	122	2674
1373289	1373337	49	2.86	0	12
1374297	1374585	289	8.25	0	79
1376111	1376152	42	0.00	0	0
1376804	1377043	240	6.56	0	40
1378385	1378389	5	0.00	0	0
1380389	1380390	2	0.00	0	0
1381015	1381020	6	0.00	0	0
1381612	1381627	16	0.00	0	0
1382843	1382899	57	0.00	0	0
1382928	1383026	99	0.00	0	0
1383192	1383263	72	0.00	0	0
1383296	1383361	66	0.83	0	11
1384415	1384442	28	0.00	0	0
1384656	1384667	12	9.83	0	43
1384715	1384781	67	84.99	96	112
1385358	1385542	185	48.85	12	300
1386359	1386370	12	38.08	43	43
1386411	1386564	154	17.79	18	58
1388074	1388684	611	24.74	26	70
1388710	1388727	18	109.50	127	143
1389064	1389198	135	291.06	60	1290
1389907	1390071	165	63.15	16	753
1390342	1390551	210	126.11	56	495
1392478	1392493	16	362.62	384	471
1392525	1392702	178	0.00	0	0
1394621	1394679	59	0.00	0	0
1395655	1395662	8	9.88	17	21
1395727	1396209	483	7.25	0	34
1396909	1397101	193	214.39	87	534
1397708	1397889	182	43.08	41	136
1398514	1398908	395	55.33	13	271
1399882	1399906	25	0.00	0	0
1399944	1399953	10	0.00	0	0
1402141	1402282	142	7.92	0	56
1403066	1403078	13	0.00	0	0
1403109	1403111	3	9.33	14	14
1403155	1403166	12	0.00	0	0
1405099	1405121	23	28.96	30.5	35
1405162	1405166	5	0.00	0	0
1406343	1406570	228	150.07	0	938
1406958	1406987	30	0.00	0	0
1407021	1407233	213	961.85	0	4818
1408278	1408301	24	532.62	578	591
1408334	1408580	247	33.43	0	157
1412227	1412493	267	36.96	32	91
1413617	1413676	60	0.70	0	11
1413703	1413741	39	0.00	0	0
1414548	1414549	2	0.00	0	0
1414581	1414818	238	0.00	0	0
1416403	1416513	111	0.90	0	10
1416553	1416570	18	15.11	16	16
1416772	1416889	118	28.26	0	132
1417385	1417468	84	2.25	0	14
1418657	1418712	56	0.00	0	0
1419107	1419167	61	0.00	0	0
1419442	1419714	273	2.20	0	20
1421224	1421336	113	0.00	0	0
1421365	1421380	16	0.00	0	0
1422632	1423092	461	21.87	0	208
1424887	1424902	16	0.00	0	0
1424938	1425017	80	0.00	0	0
1425690	1425713	24	0.00	0	0
1425969	1425992	24	0.00	0	0
1426170	1426489	320	13.04	0	110
1427030	1427070	41	0.00	0	0
1427431	1427460	30	0.00	0	0
1428394	1428737	344	0.00	0	0
1429156	1429168	13	0.00	0	0
1430747	1430867	121	12.58	0	52
1430900	1430909	10	0.00	0	0
1432050	1432149	100	0.00	0	0
1432185	1432196	12	0.00	0	0
1433028	1433075	48	0.00	0	0
1433202	1433318	117	9.61	13	19
1434855	1434860	6	0.00	0	0
1435242	1435248	7	0.00	0	0
1435289	1435323	35	24.77	26	28
1436707	1436916	210	2.30	0	31
1437493	1437733	241	11.60	0	100
1438643	1439142	500	13.38	0	474
1439216	1439309	94	2.06	0	40
1439667	1439689	23	0.00	0	0
1440203	1440362	160	9.09	13	20
1440694	1440880	187	2.63	0	13
1441124	1441349	226	0.00	0	0
1441977	1443639	1663	19.77	0	229
1445055	1445066	12	24.83	26	29
1446207	1446431	225	15.35	16	34
1447506	1447623	118	9.05	11	37
1447654	1447711	58	0.74	0	12
1449176	1449375	200	0.60	0	10
1450297	1450397	101	4.61	0	18
1452288	1452400	113	5.32	0	27
1452431	1452456	26	0.00	0	0
1452739	1452890	152	0.00	0	0
1454439	1454442	4	0.00	0	0
1454695	1454733	39	19.10	20	22
1455490	1455597	108	7.70	0	22
1456744	1456832	89	70.56	78	161
1456862	1456905	44	29.18	25	71
1457167	1457472	306	5.30	0	119
1458613	1458627	15	0.00	0	0
1458660	1460179	1520	40.80	0	898
1460211	1460227	17	15.65	16.5	18
1462964	1463052	89	32.44	22.5	83
1465162	1465246	85	0.00	0	0
1465388	1465499	112	25.36	22	67
1465659	1467068	1410	13.30	0	310
1468176	1468641	466	6.56	0	41
1468673	1468906	234	36.93	23	129
1469717	1469907	191	3.36	0	29
1471614	1471643	30	10.57	14	18
1472547	1472561	15	0.00	0	0
1473702	1473752	51	0.00	0	0
1474975	1475022	48	0.00	0	0
1475434	1475455	22	10.00	11	11
1475476	1475485	10	0.00	0	0
1476212	1476266	55	0.00	0	0
1477008	1477046	39	5.10	0	18
1479256	1479513	258	0.00	0	0
1480406	1480695	290	4.38	0	27
1481087	1481444	358	0.00	0	0
1482279	1482293	15	0.00	0	0
1482319	1482931	613	0.58	0	12
1484715	1484737	23	0.00	0	0
1484770	1484774	5	0.00	0	0
1487113	1487120	8	0.00	0	0
1487826	1487851	26	0.00	0	0
1489049	1489091	43	0.00	0	0
1489140	1489315	176	0.00	0	0
1489362	1489376	15	0.00	0	0
1490514	1491301	788	0.67	0	13
1491696	1492063	368	0.00	0	0
1493019	1493025	7	0.00	0	0
1493447	1493756	310	0.00	0	0
1494543	1494696	154	5.77	0	22
1495843	1495929	87	0.00	0	0
1496806	1497376	571	1.51	0	19
1497409	1497425	17	0.00	0	0
1498734	1498871	138	68.07	0	206
1500048	1500168	121	42.88	12	240
1501411	1501498	88	18.16	18	27
1503129	1503168	40	30.68	32	34
1503209	1503242	34	10.12	12	14
1504761	1504762	2	6.00	12	12
1504796	1504806	11	64.73	72	73
1505872	1505877	6	0.00	0	0
1507174	1507236	63	8.33	11	24
1508663	1508749	87	0.00	0	0
1509128	1509218	91	7.55	11	17
1510335	1510581	247	0.28	0	10
1512117	1512243	127	7.73	10.5	18
1513888	1513912	25	5.76	6	12
1515389	1515415	27	0.00	0	0
1517162	1517224	63	32.65	34	46
1517486	1517514	29	33.86	35	39
1518921	1519201	281	54.56	0	278
1520447	1520544	98	153.74	0	1992
1520619	1520628	10	65.70	49	167
1520702	1520847	146	13.29	0	72
1520882	1520889	8	22.62	26	27
1521709	1521743	35	11.11	13	16
1522386	1522390	5	27.60	34	36
1523258	1523359	102	53.20	32	102
1525524	1525687	164	30.33	20	89
1527203	1527903	701	13.22	10	81
1528904	1529151	248	0.00	0	0
1530479	1531094	616	3.31	0	56
1531127	1531364	238	36.84	0	148
1532116	1532132	17	0.00	0	0
1532158	1532252	95	36.38	0	119
1532613	1532653	41	0.00	0	0
1532990	1533129	140	0.00	0	0
1533346	1533467	122	8.43	0	29
1534143	1534160	18	23.39	24	27
1534191	1534232	42	0.00	0	0
1534405	1534418	14	2.86	0	10
1535187	1535203	17	0.00	0	0
1535228	1535248	21	11.57	13	23
1535528	1535586	59	19.93	17.5	40
1535770	1535782	13	0.00	0	0
1536032	1536151	120	0.00	0	0
1536185	1536264	80	0.00	0	0
1537144	1537221	78	74.86	99	110
1538158	1538361	204	38.27	29	164
1539472	1539525	54	24.48	25	48
1541032	1541386	355	0.00	0	0
1541568	1541811	244	0.00	0	0
1541845	1542018	174	0.00	0	0
1542491	1542546	56	0.00	0	0
1542696	1542709	14	0.00	0	0
1543293	1543300	8	0.00	0	0
1543819	1543985	167	0.00	0	0
1544737	1545041	305	0.66	0	10
1545307	1545354	48	0.00	0	0
1545620	1545628	9	0.00	0	0
1545918	1547576	1659	19.67	12	114
1549251	1549259	9	24.56	27	31
1549294	1549312	19	7.37	10	10
1550745	1551326	582	8.78	0	39
1551489	1551521	33	1603.55	1720.5	1737
1552230	1552595	366	516.11	21	2256
1553544	1553658	115	5.59	0	27
1554391	1554527	137	57.53	54.5	99
1555947	1555963	17	0.00	0	0
1555998	1556142	145	2.01	0	13
1556181	1556188	8	0.00	0	0
1557761	1557792	32	32.03	31	52
1557988	1558057	70	9.37	11	11
1559186	1559191	6	0.00	0	0
1559233	1559306	74	0.00	0	0
1560246	1560251	6	0.00	0	0
1562239	1562253	15	24.80	27	28
1562294	1562302	9	171.33	192.5	205
1562916	1562940	25	258.08	246	335
1563355	1563375	21	87.95	93	94
1563417	1563492	76	18.45	29	62
1564168	1564175	8	0.00	0	0
1564572	1564604	33	116.00	121.5	126
1564980	1564997	18	0.00	0	0
1565047	1565112	66	0.00	0	0
1565848	1565903	56	5.82	0	18
1566264	1566315	52	28.06	30	34
1566357	1566513	157	3.39	0	29
1566784	1566797	14	0.00	0	0
1566827	1566906	80	0.00	0	0
1567450	1567471	22	0.00	0	0
1567512	1567855	344	12.03	12	43
1568255	1568297	43	7.56	11.5	13
1568338	1568598	261	8.17	0	40
1570261	1570344	84	15.71	16	21
1571922	1572020	99	1.15	0	16
1572052	1572072	21	0.00	0	0
1573639	1573709	71	0.00	0	0
1573745	1573801	57	0.00	0	0
1574609	1574613	5	12.40	15.5	16
1575313	1575326	14	0.00	0	0
1575567	1575588	22	0.00	0	0
1575662	1575854	193	8.47	0	456
1576587	1576615	29	2.76	0	10
1578310	1578350	41	4.51	0	14
1579404	1579421	18	4.78	0	13
1580475	1580485	11	17.36	20	20
1580518	1580934	417	14.59	0	68
1581820	1581841	22	1.05	0	12
1581872	1581891	20	39.55	43	71
1582936	1583027	92	57.39	42	114
1584180	1584231	52	16.52	18	34
1584496	1584605	110	20.77	14	67
1586732	1586844	113	0.00	0	0
1587058	1587111	54	0.00	0	0
1587780	1587921	142	0.00	0	0
1588423	1588676	254	0.00	0	0
1589108	1589262	155	0.00	0	0
1589548	1589735	188	285.86	0	1365
1589934	1590176	243	139.93	0	1341
1590591	1590601	11	284.82	310.5	390
1591247	1591368	122	77.41	37	247
1591768	1591872	105	135.29	169	315
1592053	1592224	172	106.79	0	716
1593041	1593315	275	1.87	0	16
1594069	1594210	142	8.62	0	111
1594380	1594481	102	27.39	0	152
1594800	1594974	175	1.65	0	26
1595748	1596025	278	60.03	50	193
1596239	1596418	180	10.06	12	56
1597034	1597105	72	29.69	13	71
1597259	1597351	93	0.00	0	0
1597844	1597883	40	0.00	0	0
1598385	1598473	89	0.00	0	0
1599047	1599377	331	1.60	0	28
1600338	1600890	553	0.00	0	0
1601212	1601334	123	0.00	0	0
1602418	1602429	12	0.00	0	0
1602718	1602739	22	0.00	0	0
1603647	1603893	247	0.00	0	0
1604176	1604178	3	0.00	0	0
1605364	1605385	22	0.00	0	0
1605429	1605580	152	3.89	0	18
1606535	1606827	293	0.70	0	11
1607365	1607367	3	0.00	0	0
1607710	1608051	342	0.00	0	0
1608132	1608228	97	10.15	0	48
1608607	1608773	167	231.20	219	561
1608803	1608809	7	0.00	0	0
1609806	1610150	345	1186.14	171	7842
1610325	1610654	330	182.73	0	2290
1611144	1611170	27	29.85	30.5	40
1611203	1611219	17	38.41	41	44
1611976	1612047	72	105.07	96	235
1612912	1612962	51	14.55	13.5	46
1613239	1613240	2	48.50	97	97
1613529	1613533	5	1016.80	1274.5	1288
1614062	1614857	796	29.63	0	138
1615009	1616716	1708	0.07	0	11
1616739	1616811	73	0.00	0	0
1616849	1616907	59	12.29	12.5	33
1617254	1617305	52	43.44	44	56
1618473	1618485	13	15.85	17	22
1618798	1618902	105	25.59	25	40
1619077	1619109	33	90.18	95.5	101
1620106	1620121	16	53.75	66	76
1620162	1620352	191	8.58	10	21
1621136	1621232	97	32.01	0	103
1621266	1621292	27	0.00	0	0
1622112	1622323	212	0.00	0	0
1623965	1624475	511	24.91	0	227
1625706	1625781	76	0.00	0	0
1627471	1627507	37	6.51	0	26
1627545	1627558	14	51.79	55	58
1629233	1629480	248	92.76	24	494
1629550	1629572	23	223.13	5.5	2299
1630017	1630022	6	34.00	42	45
1630995	1631220	226	33.40	22	140
1631527	1631553	27	131.44	137	177
1631824	1632014	191	11.41	11	61
1632037	1632060	24	85.00	101	104
1633243	1633253	11	22.09	25	28
1633285	1633390	106	3.94	0	18
1633421	1633433	13	14.00	15	16
1633587	1633620	34	332.12	315	753
1633852	1633925	74	152.82	32	687
1635625	1635650	26	6.04	0	14
1636833	1637045	213	4.44	0	45
1637088	1637093	6	9.83	12	12
1637565	1637641	77	0.00	0	0
1638326	1638611	286	54.50	30	230
1638657	1638677	21	12.57	14	16
1641013	1641036	24	0.00	0	0
1641075	1641215	141	0.00	0	0
1642683	1642753	71	3.32	0	16
1642788	1642970	183	1.04	0	10
1643230	1644373	1144	33.73	23	329
1645157	1645170	14	8.43	11	11
1645671	1645676	6	0.00	0	0
1646163	1646177	15	27.93	28.5	33
1646208	1646232	25	0.00	0	0
1647286	1648563	1278	2.64	0	33
1648599	1648919	321	6.43	0	31
1648953	1649135	183	0.00	0	0
1649293	1649716	424	0.00	0	0
1649829	1649927	99	0.00	0	0
1652815	1653165	351	0.00	0	0
1653239	1653246	8	0.00	0	0
1653321	1653423	103	0.00	0	0
1654962	1655375	414	0.00	0	0
1655412	1655424	13	79.23	85.5	112
1656229	1656450	222	55.36	40	207
1657819	1657831	13	0.00	0	0
1657865	1658076	212	45.92	22	115
1658530	1658538	9	14.44	16.5	21
1658571	1658586	16	0.00	0	0
1660016	1660137	122	0.00	0	0
1660333	1660383	51	0.00	0	0
1660780	1660889	110	2.58	0	22
1663087	1663095	9	0.00	0	0
1663134	1663269	136	0.00	0	0
1665418	1665455	38	2.42	0	11
1666068	1666205	138	3.98	0	48
1668072	1668104	33	8.03	13	15
1668141	1668153	13	0.00	0	0
1669522	1669595	74	2.57	0	20
1670226	1670356	131	0.00	0	0
1672262	1672743	482	4.24	0	23
1673743	1673846	104	0.00	0	0
1676250	1676321	72	35.74	30	78
1677324	1677334	11	0.00	0	0
1677370	1677382	13	15.85	17	18
1678085	1678524	440	12.60	0	59
1680061	1680195	135	0.00	0	0
1682011	1682050	40	17.32	20	22
1684380	1684390	11	0.00	0	0
1685690	1686026	337	3.81	0	44
1686067	1686073	7	0.00	0	0
1688330	1688396	67	0.00	0	0
1688859	1688988	130	0.00	0	0
1689673	1689735	63	0.00	0	0
1690060	1690070	11	0.00	0	0
1690113	1690143	31	2.90	0	26
1690726	1690727	2	0.00	0	0
1690863	1690891	29	23.55	23	32
1693674	1693698	25	2.60	0	11
1693742	1693788	47	0.00	0	0
1694891	1694957	67	0.00	0	0
1694990	1695009	20	22.50	24	26
1695358	1695420	63	2.67	0	19
1696864	1696875	12	0.00	0	0
1698370	1698485	116	7.29	10	18
1699647	1699832	186	8.74	10	24
1701855	1701859	5	15.60	17.5	27
1702831	1702844	14	12.21	13	14
1703322	1703404	83	12.90	0	31
1704479	1704483	5	0.00	0	0
1706743	1706788	46	60.83	76	81
1706820	1707457	638	11.24	10	66
1708757	1709148	392	10.88	0	61
1709620	1709621	2	0.00	0	0
1711459	1711473	15	3.47	0	11
1712301	1712795	495	7.04	0	58
1714888	1715117	230	92.55	100	167
1715463	1715637	175	5.65	0	22
1715836	1716171	336	0.00	0	0
1716484	1716627	144	0.00	0	0
1718833	1719208	376	0.00	0	0
1719252	1719258	7	0.00	0	0
1721947	1722142	196	0.00	0	0
1722483	1722491	9	0.00	0	0
1722963	1723105	143	0.00	0	0
1723147	1723161	15	8.40	10	11
1724167	1724400	234	61.22	0	302
1724635	1724793	159	49.71	21	170
1726039	1726065	27	28.81	31	33
1726098	1726493	396	0.00	0	0
1726918	1727672	755	0.00	0	0
1727703	1728024	322	4.60	0	22
1729153	1729567	415	3.60	0	25
1729686	1729809	124	0.00	0	0
1730180	1730256	77	0.00	0	0
1730390	1730756	367	14.17	0	62
1732269	1732343	75	43.17	58	71
1732386	1732786	401	1.01	0	15
1733351	1733364	14	0.00	0	0
1733403	1733574	172	5.66	0	54
1734736	1734753	18	71.22	82	99
1734793	1735098	306	0.00	0	0
1735131	1735318	188	97.29	56	268
1737353	1737442	90	23.91	11	60
1738433	1738580	148	25.55	12	80
1740969	1741069	101	0.00	0	0
1742453	1742470	18	0.00	0	0
1742506	1742539	34	1.15	0	15
1742631	1743195	565	31.94	23	101
1743270	1743304	35	0.63	0	11
1743378	1743419	42	29.19	19	240
1743494	1743528	35	769.91	16.5	12900
1743602	1743698	97	39.22	0	272
1745649	1745796	148	0.00	0	0
1746634	1746644	11	0.00	0	0
1746678	1746834	157	1.29	0	18
1747864	1747883	20	0.00	0	0
1748060	1748120	61	7.54	0	22
1748844	1748915	72	7.88	0	21
1749348	1749576	229	12.00	0	57
1749952	1749963	12	0.00	0	0
1750771	1750782	12	4.67	0	29
1750819	1751412	594	24.74	0	161
1752583	1752699	117	10.57	0	46
1752730	1752735	6	7.17	11	16
1753726	1753809	84	89.35	99	228
1754113	1754220	108	21.36	21	39
1756978	1756993	16	0.00	0	0
1757022	1757209	188	0.00	0	0
1758200	1758360	161	3.89	0	16
1759786	1759891	106	0.85	0	14
1759916	1759969	54	29.24	46	59
1761854	1761866	13	0.00	0	0
1761900	1761923	24	0.00	0	0
1762506	1762517	12	0.00	0	0
1762546	1763255	710	8.30	0	37
1764027	1764128	102	1.18	0	10
1764750	1764792	43	45.33	47	111
1764835	1764846	12	0.00	0	0
1765420	1765432	13	20.62	20.5	51
1766703	1766714	12	0.00	0	0
1766753	1766819	67	5.72	0	21
1767596	1767622	27	0.00	0	0
1768646	1768789	144	29.87	34	109
1769345	1769402	58	109.72	36	287
1770147	1770151	5	45.20	56	61
1770947	1770952	6	0.00	0	0
1770981	1771004	24	46.33	48	51
1773562	1773620	59	68.08	56	154
1775997	1776004	8	0.00	0	0
1776563	1776597	35	0.00	0	0
1777639	1777676	38	0.00	0	0
1778124	1778137	14	16.86	29	31
1778164	1778302	139	159.55	43	474
1779017	1779055	39	2.31	0	10
1779836	1779850	15	7.20	11	11
1779887	1780300	414	4.66	0	66
1781690	1781700	11	0.00	0	0
1781726	1781770	45	29.20	29	40
1783028	1783040	13	0.00	0	0
1783086	1783134	49	16.35	17.5	45
1785970	1785983	14	0.00	0	0
1786032	1786048	17	0.00	0	0
1786511	1787383	873	0.81	0	27
1788179	1788697	519	147.82	0	1580
1789742	1790222	481	7.41	0	221
1790256	1790264	9	0.00	0	0
1791183	1791188	6	31.67	38	39
1791450	1791455	6	84.83	103	106
1792269	1792299	31	105.97	106	124
1793011	1793115	105	6.10	0	85
1793147	1793159	13	20.38	22	24
1793526	1793551	26	28.54	34	42
1794536	1794563	28	28.04	26	56
1795182	1795203	22	22.55	21	43
1795597	1795618	22	31.00	31	48
1795979	1796048	70	75.53	77	192
1796155	1796180	26	132.88	143	153
1796397	1796403	7	61.00	65.5	103
1797712	1797725	14	348.14	364	414
1798158	1798161	4	53.75	71	73
1798856	1798876	21	98.38	97	188
1799228	1799243	16	36.44	17	134
1799775	1799790	16	35.75	34	64
1800181	1800198	18	94.28	109	111
1800502	1800506	5	32.60	40.5	42
1801044	1801055	12	77.42	87	90
1801377	1801390	14	18.14	21	23
1801757	1801980	224	158.46	102	539
1802242	1802243	2	12.50	25	25
1802433	1802434	2	26.50	53	53
1803525	1803536	12	17.83	18	25
1803864	1803874	11	0.00	0	0
1804151	1804158	8	0.00	0	0
1804990	1804997	8	92.50	105	108
1805927	1805928	2	29.50	59	59
1806571	1806717	147	65.61	36.5	193
1806753	1806790	38	0.00	0	0
1806980	1807188	209	3.95	0	19
1807231	1807358	128	6.84	0	24
1807668	1807687	20	22.00	21	29
1808870	1808902	33	391.30	390.5	453
1808952	1808959	8	33.00	38	38
1811063	1811083	21	22.33	24	26
1811552	1811671	120	16.32	20	37
1812041	1812221	181	3.52	0	51
1812369	1812377	9	0.00	0	0
1813519	1813690	172	0.00	0	0
1813721	1813760	40	0.00	0	0
1814820	1815055	236	0.00	0	0
1815086	1815109	24	3.38	0	11
1819283	1819437	155	9.07	13	22
1823614	1823806	193	37.49	0	413
1824176	1824235	60	698.13	676	1059
1824734	1824963	230	383.52	223	1429
1825657	1825658	2	184.50	369	369
1826091	1826193	103	502.86	493	1125
1826728	1826731	4	30.75	40	43
1827008	1827124	117	3.66	0	128
1827198	1827206	9	2649.56	129.5	11557
1828389	1828439	51	715.31	816	913
1828512	1828523	12	1068.33	91	6013
1828595	1828627	33	963.91	1103	1379
1828709	1828807	99	111.14	40	1322
1829057	1829181	125	24.94	29	50
1829749	1829799	51	43.71	0	137
1829834	1829853	20	0.00	0	0
1830191	1830207	17	0.00	0	0
1830980	1831676	697	45.58	20	203
1831762	1831967	206	6.92	10	17
1832001	1832026	26	1.92	0	10
1834331	1834410	80	5.55	0	22
1834870	1834897	28	30.61	32	35
1836083	1836085	3	25.00	37.5	38
1836118	1836175	58	0.00	0	0
1839564	1839565	2	0.00	0	0
1841388	1841468	81	40.44	39	66
1842393	1842435	43	109.91	103.5	199
1842469	1842482	14	104.14	117	119
1842984	1843058	75	11.19	0	65
1843254	1843283	30	35.77	28	87
1844619	1844629	11	6.27	10.5	13
1844662	1844693	32	0.00	0	0
1844856	1845041	186	0.00	0	0
1845690	1845753	64	2.33	0	16
1846210	1846221	12	0.00	0	0
1847140	1847377	238	18.98	13	112
1848218	1848737	520	17.57	15	75
1848972	1849021	50	62.64	73	106
1849610	1849887	278	37.60	17	130
1850437	1850658	222	79.73	39	294
1851090	1851527	438	13.53	0	70
1852998	1853014	17	11.47	13	13
1853058	1853254	197	4.80	0	19
1853754	1853818	65	5.63	0	23
1854579	1854607	29	0.00	0	0
1854647	1854668	22	0.00	0	0
1855089	1855268	180	0.89	0	12
1855419	1855435	17	11.29	12	12
1855631	1855642	12	7.33	11	12
1856657	1856703	47	11.94	14	32
1856739	1856757	19	0.00	0	0
1857970	1858204	235	7.42	0	39
1858504	1858685	182	12.79	14	28
1858810	1859710	901	9.27	0	57
1861710	1861742	33	11.94	16	20
1864014	1864134	121	1.55	0	35
1865149	1865151	3	0.00	0	0
1866190	1866296	107	0.00	0	0
1867161	1867162	2	0.00	0	0
1867199	1867312	114	0.00	0	0
1867824	1867858	35	0.00	0	0
1867889	1867901	13	14.15	15	18
1869918	1870114	197	57.07	0	244
1871234	1871522	289	14.01	13	77
1871704	1872072	369	18.68	0	66
1872106	1872223	118	0.00	0	0
1872515	1872868	354	0.00	0	0
1872981	1873079	99	0.00	0	0
1875967	1876317	351	0.00	0	0
1876391	1876398	8	0.00	0	0
1876473	1876575	103	0.00	0	0
1878114	1878526	413	0.00	0	0
1878564	1878577	14	0.00	0	0
1878992	1879144	153	0.00	0	0
1879949	1879984	36	6.81	0	21
1880390	1880391	2	0.00	0	0
1881076	1881197	122	179.25	16	694
1882239	1882404	166	17.65	21	32
1883629	1883643	15	15.47	17.5	19
1883682	1883747	66	0.00	0	0
1885896	1886379	484	0.88	0	13
1886662	1887184	523	0.00	0	0
1887217	1887810	594	0.00	0	0
1888820	1891119	2300	16.00	0	242
1891510	1891591	82	15.16	0	62
1893038	1893050	13	25.54	28	29
1893081	1893102	22	23.77	26	27
1894372	1894414	43	0.00	0	0
1894862	1894896	35	3.74	0	11
1895936	1895939	4	15.75	21	21
1896013	1896235	223	1.12	0	22
1897487	1897498	12	0.00	0	0
1897525	1897569	45	30.42	41.5	50
1898761	1898764	4	0.00	0	0
1898802	1898814	13	11.69	15	22
1899061	1899109	49	0.00	0	0
1899143	1899155	13	0.00	0	0
1900718	1900874	157	106.70	0	596
1901394	1901519	126	92.60	0	540
1902524	1902534	11	16.82	18	20
1902580	1902641	62	1.08	0	14
1904034	1904055	22	0.00	0	0
1904450	1904455	6	10.33	12	14
1904945	1904950	6	3.67	0	11
1905079	1905222	144	0.00	0	0
1907815	1908250	436	5.89	0	105
1909253	1909279	27	69.74	64	102
1909318	1909406	89	0.00	0	0
1910085	1910546	462	344.91	169	1560
1911180	1911218	39	5.49	5	13
1912185	1912412	228	50.86	0	179
1913160	1913172	13	68.46	78	92
1914106	1914294	189	9.95	0	38
1914539	1914831	293	15.63	18	33
1915135	1915306	172	3.09	0	21
1916576	1916582	7	14.57	17	17
1917212	1917228	17	0.00	0	0
1917742	1917807	66	2.17	0	12
1917853	1917895	43	0.00	0	0
1918316	1918537	222	6.64	0	19
1918566	1918567	2	0.00	0	0
1918745	1918752	8	0.00	0	0
1919338	1919361	24	16.12	18	19
1920938	1921057	120	4.29	0	20
1921394	1921469	76	141.05	203	225
1921917	1922249	333	28.54	0	154
1923150	1923254	105	5.97	0	38
1924356	1924367	12	24.67	27	29
1924402	1924436	35	309.03	0	2268
1924794	1924807	14	425.21	126	1553
1924848	1924853	6	0.00	0	0
1925112	1925125	14	0.00	0	0
1926581	1927363	783	0.00	0	0
1931531	1931587	57	5.33	0	12
1933493	1933805	313	0.00	0	0
1935081	1935185	105	8.82	12	16
1936473	1936474	2	0.00	0	0
1936676	1936689	14	0.00	0	0
1936724	1936907	184	0.00	0	0
1936940	1936945	6	0.00	0	0
1937210	1937604	395	0.00	0	0
1938946	1939015	70	15.16	14	23
1939054	1939072	19	0.00	0	0
1939871	1939912	42	0.48	0	10
1940897	1941281	385	1.71	0	14
1941400	1941694	295	0.31	0	10
1941819	1942107	289	0.00	0	0
1942403	1942503	101	11.43	10	30
1942876	1943051	176	47.45	49	81
1943406	1943805	400	63.08	23	289
1944251	1944696	446	38.42	31	166
1945054	1945540	487	2.38	0	15
1945788	1946664	877	12.39	13	40
1947104	1947206	103	0.00	0	0
1947414	1947492	79	18.41	23	42
1947850	1947856	7	0.00	0	0
1949351	1949392	42	0.00	0	0
1950353	1950485	133	5.70	0	24
1951203	1951421	219	3.80	0	55
1952274	1952404	131	7.68	0	33
1953131	1953305	175	16.26	0	58
1953537	1953538	2	5.50	11	11
1954196	1954258	63	6.92	0	18
1954847	1955232	386	29.39	0	121
1956697	1956840	144	10.53	12	21
1956872	1956885	14	70.29	74	96
1957444	1957497	54	0.00	0	0
1957795	1957895	101	18.36	16	49
1958673	1958714	42	0.00	0	0
1959366	1959372	7	37.86	46.5	48
1959979	1960044	66	8.77	0	28
1960636	1960642	7	181.43	207	233
1960988	1961036	49	13.94	14	21
1961910	1961934	25	0.00	0	0
1962754	1962755	2	41.00	82	82
1963908	1963916	9	0.00	0	0
1963943	1963963	21	44.14	64	92
1965958	1965975	18	0.00	0	0
1967395	1967567	173	0.00	0	0
1968676	1968687	12	0.00	0	0
1969216	1969260	45	0.00	0	0
1969294	1969310	17	0.00	0	0
1970424	1970600	177	45.45	15	282
1971180	1971193	14	49.79	56	63
1971226	1971243	18	0.00	0	0
1972096	1972320	225	4.61	0	41
1972396	1972422	27	317.00	233	1844
1972497	1972526	30	122.63	17	3326
1972600	1972737	138	32.05	0	1798
1975017	1975131	115	0.00	0	0
1975954	1975967	14	20.50	23	23
1976122	1976164	43	0.00	0	0
1976285	1976421	137	0.00	0	0
1976673	1976688	16	0.00	0	0
1977475	1977507	33	0.00	0	0
1977554	1977555	2	0.00	0	0
1977748	1978171	424	1.18	0	12
1978787	1978810	24	0.00	0	0
1981132	1981199	68	0.00	0	0
1981302	1981420	119	0.00	0	0
1982861	1982876	16	0.00	0	0
1982909	1983006	98	0.00	0	0
1984322	1984325	4	0.00	0	0
1985055	1985064	10	0.00	0	0
1985095	1985169	75	34.11	12.5	72
1986022	1986402	381	4.18	0	62
1987258	1987345	88	3.84	0	15
1988732	1988734	3	8.33	12.5	13
1988957	1989066	110	31.18	25	68
1989259	1989358	100	18.12	11	42
1990127	1990244	118	0.18	0	11
1992996	1993015	20	0.00	0	0
1993048	1993120	73	89.93	20	278
1994108	1994120	13	5.69	10	11
1994146	1994163	18	34.94	37	37
1994491	1994503	13	13.46	14	17
1994807	1995171	365	10166.99	2516.5	47338
1995601	1995615	15	282.67	282	420
1996006	1996388	383	6.89	0	30
1996881	1997075	195	1.03	0	11
1998003	1998133	131	0.00	0	0
1998881	1999005	125	7.37	0	35
1999585	1999605	21	38.71	39.5	47
2000953	2000969	17	118.00	125.5	132
2001756	2001769	14	25.43	27	28
2001799	2001836	38	6.76	11	12
2001874	2002089	216	0.00	0	0
2003878	2003946	69	0.00	0	0
2004577	2004671	95	0.00	0	0
2005494	2005564	71	4.04	0	29
2006126	2006133	8	0.00	0	0
2006166	2006211	46	19.67	14	39
2006647	2006869	223	2.34	0	13
2007137	2007138	2	0.00	0	0
2008912	2008982	71	12.82	0	43
2009015	2009040	26	0.00	0	0
2009980	2009990	11	8.18	10	10
2010864	2011048	185	7.29	0	67
2011123	2011273	151	48.13	0	3464
2011371	2011463	93	0.00	0	0
2013363	2013377	15	0.00	0	0
2013422	2013873	452	0.00	0	0
2014202	2014257	56	0.00	0	0
2014568	2014645	78	0.00	0	0
2015013	2015246	234	0.00	0	0
2015466	2015501	36	0.00	0	0
2015863	2016321	459	0.00	0	0
2016587	2016725	139	0.00	0	0
2017048	2017050	3	0.00	0	0
2017363	2017385	23	0.00	0	0
2017424	2017439	16	0.00	0	0
2019492	2019547	56	0.00	0	0
2019591	2019609	19	0.00	0	0
2021446	2021481	36	10.56	13	30
2021668	2021720	53	0.00	0	0
2022240	2022524	285	0.00	0	0
2023848	2024067	220	0.00	0	0
2024147	2024173	27	0.00	0	0
2024791	2024899	109	0.00	0	0
2026089	2026372	284	0.00	0	0
2027636	2027652	17	0.00	0	0
2027694	2027709	16	0.00	0	0
2028037	2028071	35	35.31	37	37
2028108	2028113	6	0.00	0	0
2029482	2029497	16	0.00	0	0
2029530	2029538	9	16.22	18.5	19
2030513	2030573	61	35.89	5.5	149
2031612	2031668	57	10.23	11	27
2032515	2032542	28	23.71	24	28
2033023	2033044	22	0.00	0	0
2033083	2033108	26	0.00	0	0
2034675	2034822	148	0.00	0	0
2036086	2036343	258	9.93	0	66
2036369	2036385	17	0.00	0	0
2037134	2037541	408	0.00	0	0
2037911	2037933	23	0.00	0	0
2038013	2038856	844	0.99	0	20
2039215	2039364	150	0.00	0	0
2040286	2040881	596	0.27	0	11
2041198	2041275	78	14.31	14	33
2041604	2041659	56	0.00	0	0
2042021	2042483	463	0.00	0	0
2042728	2042811	84	0.00	0	0
2043143	2043158	16	0.00	0	0
2043517	2044020	504	0.00	0	0
2044355	2044411	57	0.00	0	0
2044737	2044792	56	0.00	0	0
2045049	2045525	477	0.00	0	0
2045788	2045871	84	0.00	0	0
2046251	2046455	205	4.49	0	21
2046488	2046713	226	0.00	0	0
2048141	2048172	32	0.00	0	0
2048734	2048878	145	3.96	0	16
2050529	2050560	32	0.00	0	0
2050594	2050597	4	0.00	0	0
2051651	2051758	108	0.00	0	0
2051797	2051804	8	0.00	0	0
2053044	2053115	72	0.00	0	0
2053143	2053193	51	6.76	5.5	17
2053920	2053958	39	0.00	0	0
2054874	2054895	22	6.55	10	18
2054928	2055006	79	0.00	0	0
2055056	2055061	6	0.00	0	0
2055578	2055599	22	0.00	0	0
2056983	2057325	343	1.67	0	14
2058916	2058946	31	0.00	0	0
2060146	2060206	61	32.95	0	104
2060591	2060598	8	27.12	31	33
2060624	2060645	22	70.82	73	80
2061114	2061189	76	48.22	0	175
2061454	2061475	22	9.77	12	18
2061504	2061612	109	20.50	11	78
2062294	2062315	22	65.45	66	81
2062355	2062425	71	107.48	170	183
2062939	2063079	141	43.90	37	98
2065024	2065060	37	0.00	0	0
2065817	2065902	86	3.85	0	12
2066527	2066573	47	0.00	0	0
2068504	2068665	162	8.15	11	15
2068715	2068733	19	0.00	0	0
2069703	2069794	92	0.00	0	0
2069839	2069856	18	0.00	0	0
2071996	2072505	510	8.27	0	156
2072794	2072807	14	93.79	102	115
2072842	2072887	46	722.35	950	1062
2074520	2074525	6	44.50	50	64
2074550	2075175	626	21.61	0	168
2076760	2076866	107	8.31	0	27
2076898	2076902	5	0.00	0	0
2077323	2077469	147	0.00	0	0
2077506	2077518	13	0.00	0	0
2078737	2078749	13	0.00	0	0
2078918	2078990	73	2.97	0	16
2079312	2079346	35	12.40	13	16
2079764	2079787	24	0.00	0	0
2080292	2080301	10	0.00	0	0
2080336	2080438	103	0.79	0	11
2083229	2083792	564	2.65	0	20
2084486	2084668	183	38.84	35	121
2084712	2084727	16	2.69	0	11
2089132	2089205	74	22.35	22	32
2089539	2089571	33	2.88	0	12
2091017	2091753	737	2.49	0	19
2091795	2091810	16	6.62	10	15
2094238	2095594	1357	0.82	0	20
2097206	2097218	13	0.00	0	0
2097257	2097268	12	0.00	0	0
2099156	2099284	129	0.47	0	10
2100212	2100231	20	0.00	0	0
2100271	2100318	48	0.00	0	0
2101622	2101917	296	0.00	0	0
2102078	2102862	785	6.42	0	69
2103721	2103770	50	11.72	17	22
2105090	2105122	33	3.33	0	20
2105711	2105763	53	0.00	0	0
2108225	2108228	4	13.25	17	19
2108306	2108307	2	0.00	0	0
2108824	2108957	134	34.95	19	113
2109171	2109187	17	5.18	0	18
2109224	2109424	201	1.51	0	84
2110064	2110211	148	0.40	0	15
2111886	2112094	209	17.69	0	84
2112698	2112704	7	0.00	0	0
2112739	2112771	33	10.55	12	18
2113204	2113211	8	7.12	11	12
2113903	2113940	38	120.79	114	180
2114151	2114396	246	18.13	16	47
2114433	2114441	9	21.89	25	25
2116290	2116330	41	4.32	0	11
2116514	2116668	155	28.41	20	70
2117404	2117407	4	0.00	0	0
2118092	2118252	161	9.71	0	30
2119117	2119131	15	0.00	0	0
2119173	2119181	9	5.89	5.5	16
2119752	2119908	157	20.18	0	121
2120767	2120816	50	1.30	0	15
2121237	2121442	206	63.08	51	159
2122650	2122708	59	111.98	122	149
2122943	2123014	72	98.99	98	285
2123483	2123489	7	55.43	64.5	66
2124021	2124033	13	283.77	318.5	327
2125579	2125605	27	52.22	53.5	70
2126479	2126518	40	16.05	18	35
2127914	2127926	13	104.23	113	118
2128347	2128520	174	2.80	0	30
2129415	2129418	4	0.00	0	0
2129455	2129533	79	11.48	11	25
2131595	2131610	16	0.00	0	0
2131645	2131669	25	0.00	0	0
2131899	2131923	25	0.00	0	0
2132195	2132699	505	38.12	0	336
2133537	2133559	23	0.00	0	0
2133696	2133758	63	2.43	0	17
2134315	2134480	166	2.75	0	14
2134507	2134534	28	3.89	0	14
2135549	2135569	21	17.43	18	19
2136410	2136607	198	126.26	97	311
2137331	2137436	106	10.48	13	28
2138229	2138417	189	3281.19	1083	14430
2138447	2138448	2	0.00	0	0
2138932	2138948	17	0.00	0	0
2138983	2138998	16	24.38	26	29
2139743	2139806	64	73.52	85	115
2141370	2141419	50	3.84	0	13
2141465	2141471	7	0.00	0	0
2143338	2143434	97	18.77	15.5	45
2143465	2143478	14	10.36	11	12
2144403	2144430	28	0.00	0	0
2144800	2144809	10	21.90	24	25
2144847	2144848	2	6.00	12	12
2145809	2146002	194	4.72	0	31
2146043	2146658	616	1.86	0	18
2146908	2147001	94	0.00	0	0
2147038	2147047	10	0.00	0	0
2148092	2148183	92	10.77	0	30
2148709	2148885	177	9.38	0	41
2149063	2149098	36	26.97	27	34
2149597	2149746	150	18.35	21	49
2151173	2151189	17	0.00	0	0
2152825	2152851	27	0.00	0	0
2152984	2152999	16	0.00	0	0
2153219	2153285	67	0.00	0	0
2153649	2153653	5	31.20	38.5	41
2153786	2153922	137	13.51	0	95
