#start	end	length	mean	median	max
1	158	158	17.64	0	65
1713	1794	82	49.46	20	105
2896	3046	151	3.29	0	18
5102	5272	171	0.90	0	11
5714	6499	786	6.54	0	89
9134	9364	231	4.29	0	26
10292	10393	102	35.02	31	61
11069	11090	22	4.09	0	10
11544	12106	563	21.36	15	103
12305	12416	112	135.32	132	245
12726	13340	615	132.45	108	452
13623	13984	362	3.02	0	505
14065	14080	16	1454.25	893	6727
14429	14437	9	41.22	44	56
15209	15369	161	13.89	0	52
15895	15999	105	32.33	12.5	119
16654	16736	83	18.00	12	38
17058	17322	265	36.38	17	128
19498	19762	265	1.47	0	20
20084	20118	35	0.00	0	0
21249	21325	77	0.00	0	0
22280	22394	115	0.00	0	0
24408	24505	98	11.04	0	38
26239	26308	70	9.91	11	16
26948	27011	64	16.91	0	43
28855	28995	141	8.90	0	65
29851	29991	141	9.95	0	74
31054	31249	196	9.46	0	90
32165	32251	87	13.61	0	45
34163	34411	249	13.53	10	54
35738	36106	369	7.81	0	29
36458	36523	66	44.21	42	60
37802	39109	1308	7.59	0	104
39671	39690	20	0.00	0	0
40576	40681	106	18.51	24	49
42041	42156	116	21.00	21	31
42855	42973	119	5.19	0	31
44012	44214	203	1.99	0	15
47428	47440	13	53.23	55	71
47972	49538	1567	54.46	0	891
49926	50523	598	20.36	13	137
51655	51926	272	11.78	0	52
52242	52526	285	5.48	0	20
55668	57121	1454	29.03	0	367
58199	58419	221	3.04	0	29
58490	58574	85	11.29	5.5	33
59082	59487	406	325.14	213	1091
59863	59980	118	96.46	54	227
60479	60496	18	78.00	81	95
61190	61830	641	34.66	25	131
63505	63620	116	9.04	0	71
64710	64749	40	21.27	30	40
66858	66921	64	11.19	11	35
68215	70213	1999	107.25	10	1439
71171	71314	144	40.82	36	83
74102	74782	681	11.04	0	51
75578	76564	987	5.76	0	56
77057	77088	32	91.03	94	110
78055	78812	758	0.83	0	19
79470	80405	936	1.55	0	27
81335	81550	216	1.34	0	13
81584	81988	405	20.65	0	189
85421	85550	130	7.09	0	65
85621	85955	335	1.50	0	26
86368	86664	297	24.50	14	75
87499	87552	54	0.00	0	0
88843	88900	58	0.00	0	0
90809	90858	50	0.00	0	0
92032	92164	133	7.71	0	26
94563	94578	16	0.00	0	0
97059	97255	197	43.57	26	164
98363	98396	34	0.00	0	0
98847	98877	31	0.00	0	0
99718	100458	741	23.91	15.5	144
101536	101617	82	0.00	0	0
102128	103397	1270	33.84	24	204
105567	105587	21	30.81	32.5	36
106131	106150	20	106.90	84	167
106796	106798	3	72.00	108	108
107396	107400	5	559.00	699	700
108514	108667	154	185.57	164	320
111062	111183	122	13.31	17	38
111817	112019	203	59.65	61	122
112641	112857	217	15.79	0	170
116051	116168	118	19.22	21	38
117231	117277	47	4.96	0	15
118169	118223	55	0.00	0	0
118332	118489	158	10.37	11	31
119684	119750	67	1.51	0	13
121158	121404	247	260.47	10.5	1533
122066	122258	193	0.00	0	0
123570	124549	980	0.75	0	18
125798	125834	37	0.00	0	0
127326	127546	221	148.39	0	2750
128308	128353	46	9.54	0	29
130394	130989	596	6.24	0	34
132321	132346	26	0.00	0	0
132473	132574	102	9.23	0	27
133727	133903	177	68.15	61	117
134309	134371	63	28.60	26	85
135644	135830	187	13.93	15	28
136176	136191	16	17.94	20	20
136405	137770	1366	3.73	0	69
138995	139095	101	86.74	57	185
139474	139484	11	39.27	43	45
140157	140186	30	25.23	31	37
140700	140789	90	7.00	10	16
141210	141477	268	15.87	16	44
142483	142699	217	21.71	19	44
142901	142977	77	2.91	0	39
144061	144119	59	1.19	0	10
145638	145667	30	0.00	0	0
145815	145842	28	9.50	11	12
147340	147479	140	3.97	0	31
148107	148155	49	0.00	0	0
148690	148718	29	0.00	0	0
148863	148947	85	1.49	0	19
150226	150517	292	27.17	14	94
151895	152039	145	4.14	0	20
152862	152865	4	13.00	17	18
154433	156344	1912	7.88	0	154
157580	157761	182	2.62	0	33
159133	159158	26	6.54	10	10
159345	159348	4	14.75	20	20
160351	160451	101	1.88	0	10
161318	161370	53	0.00	0	0
162238	162893	656	24.47	13	346
163026	163143	118	362.06	99	3060
163936	164162	227	18.04	18.5	46
166764	167613	850	1.81	0	16
167803	167837	35	45.51	72	83
168303	168361	59	0.00	0	0
168740	168744	5	6.00	10	10
169120	169179	60	12.28	16	25
170064	170108	45	0.00	0	0
170973	171010	38	0.00	0	0
172119	172197	79	5.19	0	22
173023	173107	85	0.00	0	0
173861	174153	293	18.84	5	59
174517	174533	17	33.59	35	50
175281	175282	2	87.50	175	175
175790	175807	18	1277.61	1028	2089
176051	178638	2588	2.23	0	165
180043	180057	15	156.87	168	170
180733	180924	192	53.76	0	189
183080	183090	11	0.00	0	0
183736	183742	7	0.00	0	0
184511	184525	15	6.87	10	11
185210	185215	6	653.00	790	804
185417	185465	49	136.59	155	181
185787	185862	76	28.03	33	51
186184	186326	143	212.24	62	1199
187389	188255	867	61.66	0	746
189372	189504	133	106.95	39	338
189769	189978	210	94.31	90	297
191833	191838	6	132.17	158	163
192772	192924	153	45.34	42	104
193246	193357	112	6.51	0	23
194648	194983	336	0.00	0	0
195947	195948	2	19.00	38	38
196834	196857	24	28.38	11	90
198256	198351	96	34.47	39	58
199816	200271	456	59.84	0	358
201529	201751	223	5.92	0	27
204134	204490	357	114.15	13	950
205142	205269	128	4.77	0	14
206089	206176	88	7.52	10	19
207702	208086	385	22.72	12	95
208708	208982	275	4.40	0	18
210117	210213	97	1.52	0	23
211195	211237	43	145.49	152.5	181
211766	211935	170	18.73	21	35
213529	213637	109	4.92	0	15
214031	214063	33	20.97	28	34
214829	214843	15	10.93	12	13
215579	215613	35	19.40	20	23
216250	216381	132	18.78	15	64
217882	218068	187	20.58	21	43
219125	219147	23	0.00	0	0
220675	220732	58	16.36	18	26
221726	222118	393	12.89	0	119
222458	222517	60	15.63	17	48
223892	223912	21	3.86	0	11
224780	224809	30	0.00	0	0
225633	225742	110	36.50	18	150
226274	226377	104	19.17	0	158
226834	227046	213	0.50	0	12
227118	227385	268	3.73	0	44
229270	229299	30	790.83	905	1788
229720	230199	480	69.18	46	220
230443	230447	5	0.00	0	0
230832	231054	223	191.25	13.5	927
231442	231483	42	19.12	18	27
232939	232955	17	0.00	0	0
233784	233862	79	9.39	13.5	21
234250	234398	149	0.00	0	0
234924	235368	445	1.54	0	30
236542	236600	59	0.00	0	0
239070	239205	136	4.64	0	14
240490	240685	196	8.73	0	25
241256	241341	86	29.35	35	44
242287	242397	111	34.85	0	140
243016	243239	224	84.29	60	223
244518	244632	115	32.48	25	80
244834	244921	88	3.41	0	12
245951	246158	208	47.44	41	87
246690	246913	224	7.96	0	32
247852	247876	25	29.16	29	38
248171	248227	57	0.18	0	10
248390	248548	159	100.60	25	1257
248636	248914	279	69.37	16	423
249698	249736	39	51.62	52	61
250607	250668	62	13.03	18	22
251278	251642	365	162.18	106	577
252027	252029	3	31.00	46.5	47
252621	253333	713	0.00	0	0
254366	254446	81	2.04	0	11
254870	254949	80	4.46	0	25
255424	255472	49	10.61	12	15
255794	255966	173	4.50	0	29
256684	256720	37	7.54	10	13
257654	260588	2935	2.72	0	116
261213	261273	61	0.82	0	10
261763	261864	102	27.89	22	57
263407	263602	196	43.14	0	451
265131	265146	16	0.00	0	0
266419	266451	33	35.18	36.5	48
266890	266896	7	14.86	17	18
267269	267328	60	49.25	27	107
268055	268098	44	54.23	41	82
268552	268664	113	23.50	23	40
269232	269248	17	32.71	32	50
270026	271015	990	19.36	0	197
272216	272293	78	23.79	27	40
277073	277604	532	2.85	0	70
279678	279749	72	7.81	0	34
281674	282854	1181	5.06	0	42
283173	283230	58	5.81	0	17
284008	284061	54	80.02	124	173
284539	284542	4	29.25	39	39
285539	285661	123	19.44	20	41
286079	286105	27	3.00	0	14
286670	286762	93	23.83	17	57
287645	288379	735	2.74	0	45
289250	289506	257	108.24	123	269
291043	291114	72	2.92	0	12
291853	292058	206	11.17	0	64
294242	294434	193	3.86	0	24
295443	295526	84	1.71	0	12
296640	296820	181	11.13	0	54
296892	296949	58	101.41	0	615
298861	298880	20	64.30	66	77
299400	299548	149	1284.99	907.5	2899
299744	299758	15	324.33	352	383
300116	300292	177	58.44	55	273
301346	301364	19	7.95	11	11
301776	302131	356	51.88	36	160
302375	302382	8	128.88	144	174
303130	303222	93	125.20	31	249
305584	305659	76	139.62	80	448
306252	306429	178	7.76	0	39
306913	307548	636	4.49	0	34
309983	310108	126	23.79	17	60
311394	311580	187	67.91	43.5	534
312028	312033	6	49.17	59	60
313829	313911	83	12.20	17	23
314851	314953	103	0.00	0	0
315554	315739	186	110.98	0	639
317411	317523	113	82.93	90	129
317595	317617	23	168.43	174	220
317687	318157	471	0.53	0	28
319775	319872	98	9.84	10	38
320263	320307	45	46.53	42	76
321043	321264	222	2005.86	0	13807
321742	321871	130	437.79	0	1369
322364	322375	12	0.00	0	0
322748	323454	707	18.37	0	329
323746	323876	131	488.77	0	1366
324813	325072	260	7.09	0	46
325574	325627	54	31.02	10	89
326501	326608	108	6.74	0	16
326960	327040	81	25.36	28	41
327272	327645	374	280.69	82	967
328507	328605	99	91.25	0	292
329563	329798	236	169.14	32	594
331920	331994	75	10.00	0	32
332972	333110	139	23.76	14	86
334562	334759	198	339.11	61	1735
335690	337102	1413	39.49	18	792
337337	337538	202	14.00	11	47
338556	338703	148	12.71	10	54
340495	340638	144	29.76	32	50
341338	341525	188	342.93	12	1394
342636	342671	36	134.00	158	171
343647	343652	6	180.67	216	221
344001	344007	7	49.71	57	61
344785	344812	28	31.36	32	63
345026	345128	103	52.32	34.5	108
345438	345439	2	15.50	31	31
346170	346194	25	80.04	84	88
346513	346734	222	41.38	13	162
347329	347354	26	123.96	125	155
348177	348178	2	100.50	201	201
349145	349425	281	16.80	20	30
349849	349868	20	68.90	72	75
350631	350704	74	352.05	68	1279
353191	353267	77	11.04	0	35
354330	354394	65	13.52	14	17
356282	356284	3	7.33	11	11
358441	358467	27	0.00	0	0
358723	358829	107	31.48	19.5	88
360207	360483	277	36.44	23	112
360862	361087	226	5.43	0	19
365086	365164	79	4.81	0	23
366071	366357	287	85.58	0	1142
367889	367900	12	24.33	25	38
368654	368711	58	11.74	16	36
370092	370261	170	12.68	13	48
370769	370890	122	86.41	37	332
372304	372534	231	5.95	0	29
372895	373160	266	0.00	0	0
373737	373791	55	18.15	25	40
374498	374715	218	10.96	13	35
376681	376746	66	18.39	19	30
377365	377476	112	31.00	0	226
377759	377929	171	72.96	72	152
378944	379009	66	6.00	0	22
380165	380369	205	21.00	16	61
381141	381339	199	19.33	21	34
382003	382059	57	30.40	42	80
382816	382842	27	0.00	0	0
383731	383752	22	5.50	0	16
384317	384368	52	30.69	38	51
385143	385199	57	0.00	0	0
385848	385861	14	18.50	20	22
386900	386945	46	0.70	0	11
388323	388381	59	28.85	28	96
388568	388661	94	944.09	1321	1794
389811	389911	101	38.16	28.5	72
391214	391451	238	6.86	0	44
392289	392505	217	24.24	0	126
393151	393676	526	20.13	17	96
394415	394472	58	25.21	20	47
395433	395498	66	10.15	11	21
396501	396577	77	0.00	0	0
398120	398237	118	5.14	0	14
399087	400708	1622	24.98	0	639
403805	403846	42	0.00	0	0
406136	406139	4	25.50	34	34
406440	406588	149	143.72	11	1171
406952	407188	237	27.73	16	504
408518	408673	156	24.30	0	296
409178	409226	49	57.39	57	72
409938	410008	71	6.06	10	14
411707	412066	360	15.73	13	78
413423	413597	175	68.63	74	126
413919	414025	107	125.45	64	400
414977	415004	28	32.46	34	43
415488	415589	102	5.54	0	15
416175	416314	140	13.53	15	23
417047	417114	68	26.16	0	82
417679	417776	98	1.00	0	12
418164	418217	54	0.00	0	0
419115	419147	33	18.36	20	26
420603	420754	152	39.95	20	88
421382	421384	3	50.00	75	77
422678	422807	130	7.19	0	72
423462	423519	58	0.00	0	0
423742	423972	231	1.95	0	11
424108	425227	1120	62.03	16	1131
425516	426077	562	0.00	0	0
426618	426785	168	0.00	0	0
427707	427787	81	0.00	0	0
428427	428483	57	11.16	15	23
429273	429440	168	1.02	0	31
429511	429657	147	18.03	0	65
430447	430571	125	17.51	11	60
431406	433711	2306	23.87	20	109
434291	434302	12	17.25	19	21
435146	435155	10	6472.50	6914	7739
435226	435243	18	1911.17	2433	3360
435314	435486	173	311.09	204	877
436468	436536	69	50.93	50	90
437107	437234	128	78.64	49	230
438402	438552	151	6.08	0	55
440077	440134	58	12.31	0	44
441209	441351	143	0.00	0	0
442171	443376	1206	17.75	13	97
443707	444038	332	262.86	70	1159
444546	445523	978	79.57	33	421
446928	447237	310	95.59	35	431
447901	447934	34	28.62	33	36
450586	450657	72	9.28	0	50
450964	451839	876	3.74	0	48
452290	452363	74	51.58	48	115
453549	453862	314	10.08	11	32
454640	454724	85	94.62	92	133
454810	454892	83	598.01	599	1028
454977	455172	196	4.60	0	81
456367	456724	358	60.68	58	170
456992	457188	197	88.07	78.5	198
457870	457882	13	14.38	15	20
458417	458529	113	0.00	0	0
458743	458796	54	0.00	0	0
459465	459606	142	0.00	0	0
460291	460361	71	0.00	0	0
460733	460948	216	0.00	0	0
461234	461421	188	0.00	0	0
462168	462202	35	0.00	0	0
462401	462600	200	0.53	0	16
463446	463488	43	57.14	50.5	133
463924	464038	115	14.81	15	28
464753	465139	387	39.05	36.5	117
465458	465464	7	0.00	0	0
465858	465977	120	0.00	0	0
468398	468416	19	0.00	0	0
468699	468739	41	19.10	0	95
469232	469410	179	8.76	0	23
469558	469695	138	0.00	0	0
470462	470507	46	90.70	102	121
470913	471137	225	92.83	41.5	341
471642	471837	196	732.36	613	2065
471926	471964	39	64.49	57	257
472184	472478	295	26.43	13	119
472926	472989	64	4.61	0	13
476553	476622	70	0.00	0	0
477778	477820	43	5.30	0	16
479318	479326	9	0.00	0	0
479687	479691	5	55.20	67	76
480220	480369	150	6.36	0	22
481125	481152	28	0.00	0	0
481924	481986	63	0.00	0	0
482314	482327	14	0.00	0	0
482592	482593	2	8.00	16	16
484042	484045	4	42.25	58	59
484475	484504	30	68.57	72	89
484784	485025	242	325.47	352	877
489169	489282	114	3.15	0	12
489586	489592	7	0.00	0	0
490526	490590	65	601.83	402	1864
490822	490831	10	25.00	28	29
491177	491178	2	48.00	96	96
491413	491621	209	65.56	0	542
492159	492161	3	0.00	0	0
492504	492679	176	0.00	0	0
492989	493003	15	0.00	0	0
493151	493182	32	0.00	0	0
496228	496289	62	31.65	12	83
496767	497110	344	8951.39	10	55421
498098	498359	262	24.67	21	55
498546	498788	243	57.14	11	576
499821	500438	618	13.35	0	140
501472	501652	181	4.58	0	16
503633	503724	92	0.00	0	0
505276	505290	15	16.87	18	20
505444	505528	85	0.00	0	0
507700	507712	13	0.00	0	0
509147	510722	1576	2.82	0	27
511095	512904	1810	25.43	21	103
514000	515355	1356	28.84	20	156
515809	515887	79	28.77	28	42
517276	517342	67	18.49	0	62
517898	518015	118	0.51	0	10
520077	520168	92	9.40	11	14
523106	523201	96	0.00	0	0
524159	524252	94	0.00	0	0
525117	525150	34	14.24	15	20
525511	525587	77	171.91	157	356
526065	526088	24	67.83	73	77
526779	526784	6	17.33	21	21
527658	527867	210	0.00	0	0
531486	531769	284	0.00	0	0
532718	532939	222	0.00	0	0
534431	534500	70	2.43	0	16
535896	535923	28	0.00	0	0
536110	536175	66	16.73	19	23
536734	536936	203	8.47	0	34
537588	540133	2546	16.73	11	356
541682	542107	426	18.53	13	72
543890	543909	20	171.85	181	192
544198	544444	247	41.26	36	101
546032	546183	152	174.34	93	564
548845	549543	699	105.42	0	1340
551254	551318	65	18.65	12	72
551973	551984	12	12.83	13	16
552979	552982	4	13.50	18	18
553541	553868	328	30.22	25	88
555663	555791	129	57.38	52.5	97
557265	557596	332	31.77	24	110
559622	559801	180	3.12	0	33
560558	561639	1082	6.63	0	59
562354	563999	1646	2.36	0	36
565884	565940	57	13.65	15	24
568116	568256	141	19.13	17	42
569205	569362	158	781.35	128	3450
569729	569731	3	41.67	62.5	63
570032	570040	9	513.78	569	610
570269	570287	19	63.37	66.5	73
570738	571362	625	102.08	51	878
572167	572169	3	0.00	0	0
572914	572970	57	37.91	37	51
573241	573499	259	41.37	21	174
573980	574028	49	13.22	0	46
575238	575668	431	40.70	33	137
577898	578771	874	37.02	0	444
580083	580180	98	179.24	210	275
580793	580848	56	9.79	0	28
582112	582129	18	7.00	12	13
582889	582893	5	16.00	20	20
583986	584131	146	15.12	16	34
584441	584615	175	92.35	86.5	230
585765	586296	532	5.29	0	46
587041	588392	1352	14.55	12	88
588798	588995	198	11.48	0	126
589290	589320	31	139.16	121.5	232
591004	591158	155	77.17	84	159
591813	592047	235	2.41	0	13
593416	593891	476	105.55	102	267
594582	594651	70	3.47	0	16
596626	596806	181	43.62	0	275
597470	597524	55	8.95	10	29
598350	598439	90	30.86	40	63
599205	599469	265	21.04	0	129
599779	600311	533	27.00	0	446
602589	602882	294	26.28	27	65
604035	604157	123	11.71	10	53
604446	604488	43	41.12	19	96
604765	604934	170	25.76	21	104
606219	606267	49	65.08	66.5	134
606706	606722	17	4.82	0	14
607563	607586	24	12.54	14	15
607968	608131	164	44.26	40	115
608432	608467	36	0.00	0	0
608585	608659	75	2.67	0	10
612362	612422	61	18.77	19	46
615213	615337	125	0.00	0	0
617342	617566	225	134.13	51	473
618218	618438	221	4.63	0	20
621187	621286	100	14.10	0	93
621638	621688	51	0.00	0	0
621836	622049	214	774.21	319	2547
622368	622456	89	32.75	36.5	50
622841	623655	815	102.92	67	362
623944	623951	8	27.50	31	34
625164	625194	31	4.84	0	16
625868	625990	123	677.54	118	2398
627161	627311	151	84.57	26.5	470
632344	632562	219	6.79	0	36
633481	633540	60	8.62	10	15
634445	634629	185	189.59	171.5	358
635872	635980	109	196.39	60	1163
637172	637577	406	233.68	34	1488
638076	638162	87	4.83	0	16
638715	638730	16	14.88	19	19
638929	639281	353	7.61	0	145
640668	640880	213	136.82	97.5	322
641943	641996	54	19.93	0	93
642327	642626	300	15.45	0	178
643098	643170	73	23.19	10.5	58
643990	644188	199	0.63	0	15
645542	646045	504	1.53	0	22
647585	647645	61	7.18	0	20
648696	648915	220	12.05	0	166
649546	649677	132	14.19	16	31
650686	650779	94	23.60	15	52
652208	652252	45	26.18	24.5	40
654625	654689	65	43.03	40	61
654978	655129	152	43.68	38	112
655781	655787	7	24.29	29	29
657129	657179	51	0.00	0	0
657606	657752	147	3.71	0	14
657936	657953	18	0.00	0	0
659208	659245	38	0.00	0	0
660113	660155	43	2.91	0	14
660969	661214	246	25.10	22	53
661998	662117	120	15.01	0	43
662957	662986	30	15.77	12	41
664055	664090	36	27.69	28	34
664820	664837	18	55.17	70	82
666107	666275	169	13.60	14	34
666915	666978	64	10.33	10	20
667231	667327	97	17.21	15	49
668735	669168	434	118.49	0	848
670336	670460	125	7.14	10	17
671136	671210	75	2.20	0	11
671934	672087	154	13.38	13	35
673366	673442	77	20.77	21	29
677003	677178	176	2.40	0	13
677329	677672	344	2.97	0	23
678447	678636	190	27.01	0	129
679429	679477	49	18.08	19	23
680885	680959	75	39.75	43	60
681326	684225	2900	7.63	0	147
687344	688650	1307	124.11	59	708
689959	690059	101	0.00	0	0
693084	693135	52	8.67	12	15
693367	693415	49	64.06	62.5	83
695169	695181	13	4.62	5	10
696022	696090	69	53.33	45	107
697690	697718	29	18.72	18	28
697986	698002	17	0.00	0	0
699092	708429	9338	3.34	0	104
708796	709173	378	21.21	17	76
710221	710376	156	0.00	0	0
711391	711636	246	0.00	0	0
711820	712010	191	6.81	0	36
712647	712858	212	11.39	11	82
714692	715213	522	74.88	31	1054
716657	716810	154	58.09	51	130
718471	718521	51	50.96	52	61
719368	719595	228	13.33	12	37
721240	721255	16	74.75	87	89
721457	721458	2	0.00	0	0
722470	722516	47	0.00	0	0
722655	722895	241	3.87	0	27
723464	726766	3303	0.00	0	0
727313	727335	23	0.00	0	0
728236	728343	108	1.83	0	32
728554	728610	57	0.63	0	13
729262	729285	24	8.67	12	17
729568	729606	39	29.72	17.5	115
729868	731377	1510	0.84	0	15
732312	732448	137	0.80	0	10
732743	733056	314	32.37	15	150
734113	734184	72	19.11	13	50
736198	736219	22	0.00	0	0
736982	737183	202	13.44	0	50
738228	738882	655	27.40	11	413
739216	739298	83	30.94	29.5	64
741420	741516	97	0.00	0	0
743491	743636	146	11.90	0	92
743820	743832	13	35.23	38	39
744499	744500	2	0.00	0	0
745212	745261	50	0.00	0	0
745745	747668	1924	0.29	0	14
748575	748732	158	0.78	0	14
751153	751361	209	6.80	0	40
751974	752093	120	21.43	0	96
752754	752763	10	20.40	23	25
753625	753639	15	46.60	41.5	75
754072	754219	148	34.11	12	225
754910	755000	91	138.21	15	330
755145	755150	6	50.83	61	61
756180	756265	86	21.37	21	43
756572	756605	34	20.18	23	26
756744	756991	248	8.29	10	17
758222	758302	81	1.90	0	14
759929	760080	152	13.53	0	63
760453	760503	51	34.90	37.5	49
762040	762108	69	11.88	0	55
762724	762906	183	639.47	583	2166
763156	763286	131	17.43	0	80
765220	765288	69	37.77	32.5	73
767032	767721	690	5.88	0	28
768721	768870	150	0.13	0	10
769438	769562	125	168.94	11.5	785
772603	772651	49	10.86	12	21
774384	774581	198	71.79	59	163
774951	775029	79	30.06	35	45
776950	776977	28	0.00	0	0
777332	777424	93	2.80	0	20
777935	777984	50	22.44	21	50
778159	778407	249	8.60	10	26
778828	778866	39	8.59	11	13
779524	779606	83	18.24	23	57
780012	780028	17	32.00	33	41
780974	781082	109	11.74	12	36
782151	782210	60	3.03	0	13
782611	782665	55	130.18	133	168
784212	784688	477	34.89	0	316
785151	785180	30	344.77	351	390
785652	785741	90	2846.08	3889	6194
786312	786350	39	0.00	0	0
788907	789055	149	7.97	0	53
790517	790590	74	10.57	0	35
790837	790854	18	39.06	43	45
793228	793318	91	163.18	204	248
793400	793443	44	452.66	108	3368
793529	793664	136	13.98	0	179
795740	795858	119	3.90	0	27
796747	796888	142	19.44	18	33
797468	797897	430	0.00	0	0
798978	802734	3757	0.74	0	19
804592	804635	44	0.00	0	0
805747	805844	98	6.88	0	18
806895	806914	20	0.00	0	0
807065	807103	39	12.26	15	18
808478	808541	64	47.97	53	65
808845	809471	627	38.07	22	190
809667	809678	12	11.00	12	14
810462	810537	76	62.32	83	99
811816	811915	100	41.35	44	61
812873	813086	214	216.09	67	1436
813486	813555	70	47.87	48	78
813751	814565	815	53.10	50	174
814905	814962	58	17.12	19	24
815719	815759	41	68.66	74.5	90
816321	816372	52	14.21	14	25
816517	816595	79	27.82	12	58
818456	818628	173	0.71	0	13
819499	819575	77	0.52	0	10
820947	820971	25	12.44	13	16
821689	821856	168	15.73	15	39
822526	822901	376	27.96	21	95
823547	823588	42	0.00	0	0
823730	825811	2082	1.32	0	82
827143	827289	147	12.66	10	37
827575	827591	17	19.00	20	23
828486	828657	172	4.69	0	32
829786	829861	76	10.97	16	20
830711	830797	87	10.23	0	74
831458	831658	201	19.98	15	61
833210	834818	1609	34.33	18	244
836079	836256	178	1.74	0	15
839299	839466	168	63.65	0	401
840145	840175	31	17.87	19	21
840533	840822	290	14.09	0	77
840958	841710	753	45.09	29	223
842065	842122	58	62.29	32	128
842723	842816	94	41.77	41	91
843660	843667	8	22.50	26	26
844124	844151	28	238.46	254	280
844398	844640	243	72.36	10	922
845613	845773	161	72.11	47	232
845990	848530	2541	287.85	71	6100
848771	848839	69	80.49	80.5	163
850088	850162	75	21.64	24.5	41
850550	851491	942	23.86	17	125
852281	852433	153	2.74	0	23
853076	853096	21	26.76	32	36
855005	855028	24	0.00	0	0
855356	855506	151	1.44	0	15
856980	857065	86	8.97	12	23
858002	858004	3	0.00	0	0
858863	858881	19	2.37	0	15
860016	860064	49	0.00	0	0
860545	861697	1153	15.73	15	60
861899	861992	94	0.00	0	0
862182	862281	100	0.00	0	0
863310	863629	320	19.68	16	802
864449	864822	374	0.00	0	0
865147	865170	24	0.00	0	0
865722	865856	135	0.00	0	0
866937	867076	140	0.00	0	0
867623	867764	142	4.54	0	22
868023	868109	87	18.33	21.5	65
868269	868320	52	7.62	0	19
870010	870108	99	14.87	13	32
870526	870644	119	245.57	203	583
870924	871107	184	9.96	11	32
874939	875017	79	7.39	0	27
876017	876079	63	15.83	17	43
876260	876434	175	24.33	22.5	81
876564	876613	50	7.22	12	15
876776	878295	1520	8.15	0	49
878770	879162	393	31.75	0	225
880462	880541	80	0.38	0	10
881073	881131	59	14.71	22	28
882707	882769	63	0.00	0	0
884174	884458	285	0.00	0	0
887385	887535	151	38.07	28	132
887953	887954	2	0.00	0	0
888189	888396	208	35.67	27	122
889216	890631	1416	4.89	0	231
891520	891532	13	202.92	222.5	229
892697	892770	74	40.78	44	83
893056	893177	122	63.24	35	220
894609	894871	263	491.10	224.5	1900
896051	896152	102	102.84	95	219
898979	899185	207	157.36	156	284
900467	900580	114	340.46	160	755
900827	900832	6	203.17	243	245
901559	901659	101	58.22	59	118
903421	903425	5	113.00	141	142
904136	904198	63	262.78	355	364
904406	904424	19	57.68	65	76
905826	906076	251	266.36	67.5	3720
906812	906916	105	626.30	730	1147
907079	907092	14	16.43	17	22
909367	909504	138	11.72	0	54
910381	910581	201	9.32	11	24
910855	910856	2	7.50	15	15
910980	911040	61	14.74	16	19
913144	914252	1109	3.54	0	105
914811	914855	45	251.11	325.5	475
916005	916025	21	1.57	0	11
916332	916341	10	0.00	0	0
916651	916654	4	0.00	0	0
917594	917599	6	0.00	0	0
918317	918323	7	0.00	0	0
918810	921444	2635	11.65	0	199
922318	922328	11	7.45	6.5	21
923523	923581	59	11.15	0	54
924801	926134	1334	0.68	0	17
928901	928933	33	0.00	0	0
929147	929778	632	0.00	0	0
929926	929927	2	0.00	0	0
931143	931181	39	17.18	21.5	35
931344	931346	3	0.00	0	0
932073	932156	84	15.30	14	67
932619	932838	220	124.15	97	365
933613	933859	247	1.20	0	14
935961	936054	94	10.23	14	23
937771	939734	1964	3.87	0	25
939993	940181	189	7.05	0	29
940926	941106	181	7.46	0	36
941806	941846	41	13.85	11	39
942516	942594	79	1.67	0	14
943075	943108	34	17.97	16	31
944527	944684	158	8.29	0	41
946168	946169	2	11.50	23	23
946467	946789	323	76.24	17	434
948014	948528	515	20.69	15.5	160
950368	950460	93	8.69	15	17
950929	951003	75	20.99	17	36
951829	951902	74	143.05	85	288
952383	952513	131	216.63	0	919
952796	952857	62	171.73	190	287
953122	953233	112	15.76	13	77
954599	957330	2732	50.08	32	407
957781	957831	51	47.82	47	72
958840	958975	136	13.47	12	55
959046	959238	193	9.48	0	60
960106	960875	770	16.71	11	127
961737	962110	374	8.76	12	24
963254	963368	115	1.86	0	12
963987	964022	36	0.00	0	0
964530	964626	97	8.38	0	29
965176	965460	285	84.36	103	209
965881	966014	134	78.60	74	219
968763	968909	147	2.95	0	13
970680	970868	189	247.58	185.5	644
972795	972836	42	8.55	0	62
973062	973187	126	5.63	0	20
973671	973679	9	2.44	0	12
974046	974074	29	5.28	0	16
974615	974782	168	0.00	0	0
975140	975274	135	0.00	0	0
976139	976190	52	4.85	0	11
976539	976975	437	0.00	0	0
977466	977472	7	16.00	19	19
977758	977879	122	13.57	14	18
978312	978514	203	32.71	28	109
979762	980159	398	73.62	62	197
980538	980748	211	114.92	97	250
981311	982211	901	0.00	0	0
984006	985850	1845	10.52	5	63
985922	985944	23	71.35	75	90
986014	986455	442	40.59	12	357
987629	987972	344	30.13	31	72
988519	988523	5	31.20	39	39
990018	990281	264	67.64	0	398
990480	990553	74	15.78	10	39
992531	992676	146	10.23	0	47
994063	994129	67	36.54	39	69
995051	995425	375	25.70	25	63
995948	995953	6	29.67	36	36
997334	997447	114	27.34	24	61
998069	998125	57	1.93	0	10
998468	999362	895	57.96	33	583
999744	1000963	1220	9.13	0	279
1001690	1001854	165	0.83	0	11
1003361	1003524	164	34.95	18	165
1003915	1004233	319	746.88	158	4654
1004777	1004859	83	68.04	59	127
1005868	1006129	262	365.40	0	3669
1008707	1008780	74	36.51	14	115
1009993	1010083	91	12.58	0	57
1010291	1010484	194	0.00	0	0
1011289	1012690	1402	9.86	0	92
1012928	1012964	37	7.41	0	24
1013673	1013747	75	28.36	18	86
1014207	1014282	76	0.00	0	0
1014442	1014596	155	0.00	0	0
1015077	1015476	400	1.98	0	27
1017336	1017354	19	17.00	18	24
1018909	1019278	370	39.92	19	174
1020062	1020174	113	9.77	12.5	17
1021606	1022008	403	115.34	21	608
1022942	1023467	526	60.60	27	275
1025731	1025840	110	4.21	0	15
1026153	1026288	136	21.37	13	66
1027249	1027290	42	0.00	0	0
1028695	1028712	18	6.17	10	12
1029013	1029706	694	13.27	0	71
1030022	1030402	381	10.20	12	33
1030685	1030689	5	32.80	41	42
1031011	1031164	154	17.74	22	36
1031510	1035985	4476	30.74	12	340
1036331	1036788	458	108.48	30	785
1037233	1037285	53	14.83	13.5	47
1038105	1038225	121	17.09	20	38
1038682	1038826	145	62.29	72	118
1039961	1040335	375	9.08	0	114
1042559	1042857	299	8.60	0	109
1043176	1044119	944	85.74	0	676
1044285	1044446	162	2259.99	352	6450
1045477	1045493	17	0.00	0	0
1046636	1046643	8	0.00	0	0
1047115	1047172	58	0.00	0	0
1048466	1048488	23	6.61	11	13
1048885	1049093	209	0.00	0	0
1055025	1055026	2	0.00	0	0
1057636	1057848	213	0.00	0	0
1058320	1058421	102	0.00	0	0
1058635	1058673	39	0.00	0	0
1060924	1060925	2	0.00	0	0
1062421	1062477	57	0.00	0	0
1062718	1062719	2	0.00	0	0
1063032	1063206	175	1.06	0	11
1064991	1065118	128	0.00	0	0
1065612	1065651	40	0.00	0	0
1066144	1066184	41	0.00	0	0
1066467	1066485	19	0.00	0	0
1068972	1069091	120	0.00	0	0
1069317	1069491	175	1.89	0	10
1069810	1069892	83	0.00	0	0
1070079	1070259	181	0.00	0	0
1070905	1071066	162	49.06	0	456
1071604	1071606	3	32.33	48.5	50
1071964	1071982	19	0.00	0	0
1072199	1072683	485	147.97	0	686
1072882	1072916	35	0.00	0	0
1073663	1073805	143	0.00	0	0
1074136	1074306	171	0.00	0	0
1074723	1074793	71	0.00	0	0
1075478	1075619	142	0.00	0	0
1076288	1076341	54	0.00	0	0
1076555	1076667	113	0.00	0	0
1078059	1078086	28	34.86	37	42
1078279	1078339	61	56.49	42	437
1078419	1078571	153	43.71	0	2700
1079830	1079912	83	7.61	0	26
1081145	1082261	1117	0.00	0	0
1083345	1083351	7	0.00	0	0
1083646	1083648	3	0.00	0	0
1085486	1085600	115	0.00	0	0
1085877	1085885	9	0.00	0	0
1086102	1086189	88	3.89	0	13
1086391	1086406	16	0.00	0	0
1086716	1086788	73	0.00	0	0
1088269	1088666	398	10.08	10	38
1088871	1088967	97	23.40	24.5	49
1090126	1090273	148	14.36	11	67
1091042	1091145	104	26.70	20	61
1091395	1091448	54	26.13	27	42
1092253	1094182	1930	2.69	0	21
1095593	1096078	486	7.33	0	45
1096535	1096626	92	5.34	0	22
1097479	1097813	335	37.81	32	144
1099701	1099899	199	7.17	0	67
1099970	1100190	221	16.07	17	45
1100341	1100402	62	31.08	36	43
1101207	1101266	60	4.82	0	22
1102134	1102248	115	3.87	0	22
1102684	1102722	39	0.00	0	0
1102879	1103016	138	0.00	0	0
1103977	1104971	995	0.00	0	0
1106055	1106061	7	0.00	0	0
1106356	1106358	3	0.00	0	0
1107937	1108605	669	0.00	0	0
1108888	1108897	10	0.00	0	0
1109093	1109099	7	0.00	0	0
1109442	1110896	1455	0.00	0	0
1111317	1114326	3010	28.82	25	115
1114471	1114849	379	112.79	49	405
1115297	1115386	90	91.44	97	142
1115684	1116038	355	0.00	0	0
1116150	1116764	615	0.00	0	0
1116870	1119496	2627	2.73	0	161
1119568	1119580	13	0.00	0	0
1119654	1119756	103	0.00	0	0
1121295	1121382	88	0.00	0	0
1121599	1123799	2201	101.87	0	1145
1124136	1124289	154	191.67	0	717
1128244	1128344	101	1.18	0	12
1129461	1129601	141	5.70	0	19
1129911	1129937	27	12.89	13.5	16
1130130	1130144	15	32.93	37	40
1130895	1131130	236	4.39	0	21
1132583	1132670	88	19.33	0	56
1133577	1133859	283	22.08	0	75
1134490	1134510	21	51.90	64	87
1134727	1134873	147	0.00	0	0
1135216	1135217	2	5.00	10	10
1135908	1135976	69	6.03	0	18
1137195	1137256	62	0.00	0	0
1138664	1138853	190	0.00	0	0
1141813	1142044	232	0.00	0	0
1143617	1143684	68	6.62	0	17
1146913	1147034	122	0.00	0	0
1147995	1148342	348	22.64	15	92
1148451	1149326	876	2.02	0	28
1150353	1150418	66	25.09	22	43
1151007	1151401	395	15.82	0	77
1153694	1154087	394	72.23	60	308
1154865	1155020	156	3.49	0	53
1157868	1157887	20	0.00	0	0
1158527	1158532	6	0.00	0	0
1159664	1159775	112	0.00	0	0
1160810	1160953	144	14.04	16	39
1162586	1162699	114	0.23	0	14
1164368	1164440	73	11.99	11	40
1165590	1165668	79	253.16	0	1136
1166140	1166273	134	83.89	30	341
1166655	1166815	161	203.68	115.5	559
1167773	1167863	91	13.66	13	31
1169583	1169663	81	21.96	20	47
1170435	1170479	45	281.91	423.5	446
1171380	1171530	151	15.33	12	48
1172245	1172768	524	589.36	26	5872
1173117	1173308	192	59.91	46	184
1173978	1173995	18	4.56	0	12
1174620	1174728	109	41.13	40.5	69
1175545	1175806	262	73.83	14	271
1176245	1176309	65	11.82	14.5	25
1177714	1177889	176	45.21	16	220
1180070	1180076	7	25.29	29	39
1180236	1180386	151	14.44	0	56
1182970	1183113	144	69.69	32	307
1184107	1184227	121	36.84	42	52
1185239	1185320	82	129.32	90	268
1185612	1185680	69	77.62	22	211
1186170	1186182	13	52.92	38.5	98
1187908	1188616	709	21.08	0	522
1188696	1188974	279	85.98	12.5	773
1189626	1189706	81	84.63	90	109
1190370	1190463	94	86.89	84	132
1192635	1192682	48	5.90	0	16
1193760	1193955	196	4.61	0	14
1194688	1194765	78	20.10	18	41
1195633	1195869	237	2.64	0	32
1196299	1196311	13	28.92	35.5	38
1197176	1197228	53	47.17	54.5	87
1198279	1198387	109	83.33	90	153
1198472	1198489	18	534.61	90	1992
1198562	1198577	16	628.44	93	3195
1198646	1198676	31	1428.06	1191	9696
1198747	1198777	31	0.00	0	0
1198848	1198878	31	0.00	0	0
1198949	1199031	83	104.82	59	287
1199593	1199700	108	0.00	0	0
1200121	1200301	181	8.07	0	29
1200635	1200817	183	45.10	34	147
1201658	1201721	64	73.69	20	364
1202298	1202357	60	21.05	24	27
1203258	1203300	43	0.00	0	0
1204429	1204634	206	6.09	0	31
1207257	1207320	64	3.94	0	12
1207660	1208061	402	7.14	0	59
1208713	1209531	819	19.93	14	70
1209673	1209691	19	3.63	0	13
1210373	1210523	151	8.46	0	48
1212825	1212846	22	0.00	0	0
1214569	1214670	102	0.00	0	0
1215421	1215966	546	2.62	0	30
1216927	1217921	995	0.00	0	0
1219005	1219016	12	0.00	0	0
1219305	1219307	3	0.00	0	0
1221145	1221259	115	0.00	0	0
1221536	1221544	9	0.00	0	0
1221827	1221836	10	0.00	0	0
1222032	1222038	7	0.00	0	0
1222381	1224368	1988	0.89	0	30
1224771	1224812	42	0.00	0	0
1225992	1226095	104	7.10	0	42
1228205	1228724	520	97.91	0	783
1229901	1230080	180	50.37	32	275
1230834	1232380	1547	83.24	0	1169
1232936	1234708	1773	38.24	28	241
1235021	1235043	23	36.17	35	47
1236148	1236498	351	4.54	0	68
1236946	1236960	15	47.67	53	56
1238476	1238489	14	29.50	32	32
1241319	1241480	162	7.57	11	20
1242819	1242894	76	10.96	12	24
1244233	1244377	145	14.67	0	133
1245002	1245068	67	18.42	15	42
1246485	1246813	329	17.94	0	134
1247540	1247600	61	14.10	16.5	30
1248087	1248517	431	12.01	0	68
1248800	1249110	311	3262.31	94	23010
1249573	1249796	224	71.64	40	209
1250853	1251142	290	5.27	0	22
1251323	1251396	74	10.68	11	34
1252750	1252766	17	61.06	67	70
1253037	1253163	127	49.24	27	171
1253899	1254038	140	19.61	11	69
1254948	1255044	97	80.34	0	595
1255753	1255894	142	0.92	0	10
1256546	1257495	950	6.49	0	38
1257787	1258141	355	0.00	0	0
1258253	1258865	613	0.00	0	0
1258971	1261593	2623	0.88	0	64
1261664	1261674	11	0.00	0	0
1261746	1261848	103	0.00	0	0
1263387	1263559	173	0.00	0	0
1263845	1263919	75	47.53	37.5	87
1265102	1265170	69	10.41	10	24
1267325	1267419	95	30.96	33	49
1267624	1267683	60	76.07	54	119
1268299	1268428	130	35.79	14	215
1269026	1269073	48	2.88	0	11
1269881	1269915	35	0.29	0	10
1270024	1270186	163	19.83	0	73
1271540	1271672	133	9.29	10	26
1272144	1274940	2797	5.49	0	46
1275592	1275618	27	79.85	88.5	101
1276309	1276588	280	0.00	0	0
1279545	1279546	2	0.00	0	0
1280063	1280068	6	0.00	0	0
1281249	1281421	173	92.04	63.5	218
1281779	1281811	33	8.64	0	25
1284662	1285804	1143	1.11	0	23
1285940	1286025	86	11.80	0	93
1286863	1287149	287	152.06	130	639
1287220	1287289	70	57.04	23	629
1288481	1288502	22	0.00	0	0
1289589	1289737	149	5.41	0	28
1290836	1290928	93	45.40	62.5	120
1291352	1291427	76	17.38	0	48
1293411	1293479	69	13.65	0	43
1294086	1294169	84	6.33	0	56
1295463	1295537	75	47.21	44.5	104
1296534	1296660	127	105.14	32	460
1297735	1297826	92	0.00	0	0
1298595	1298599	5	20.40	25.5	26
1299590	1299658	69	15.93	18	38
1300340	1300530	191	62.35	42.5	155
1301866	1301994	129	17.81	18	40
1302847	1302988	142	15.66	0	57
1303880	1303972	93	36.11	50.5	78
1306073	1306138	66	52.00	57	87
1307615	1307636	22	51.86	54	59
1308150	1308158	9	907.11	1020.5	1032
1308498	1308543	46	66.76	88	96
1308709	1308788	80	0.00	0	0
1309536	1309780	245	12.60	0	68
1310345	1311100	756	1.05	0	15
1312241	1312385	145	5.99	0	104
1312456	1312529	74	20.39	11	132
1313292	1313294	3	0.00	0	0
1314357	1314592	236	0.00	0	0
1315928	1317125	1198	16.75	12	153
1317918	1318343	426	17.99	0	237
1320694	1320973	280	3.90	0	46
1321259	1321288	30	11.40	13	13
1321436	1321638	203	6.58	0	79
1323040	1323094	55	33.47	25.5	84
1326296	1326309	14	17.79	14	38
1327546	1327797	252	67.41	22	231
1328428	1328522	95	13.22	17	19
1328778	1329066	289	14.74	0	125
1330633	1330702	70	31.30	11	105
1333907	1334009	103	0.32	0	11
1335417	1335762	346	7.19	0	65
1337080	1337105	26	172.15	176	202
1337274	1337280	7	227.57	264	276
1337890	1337918	29	440.17	468.5	506
1339362	1339677	316	57.09	0	673
1341424	1341451	28	9.00	10	28
1341917	1342419	503	22.40	12	103
1342852	1342856	5	139.20	178	179
1343565	1343584	20	23.60	22	32
1344434	1344691	258	6.12	0	21
1345328	1345401	74	27.46	23	68
1346041	1346185	145	30.32	13	113
1348397	1348462	66	2.73	0	20
1348838	1348908	71	38.99	26.5	124
1349972	1350800	829	42.74	16	188
1351503	1351640	138	0.00	0	0
1352181	1352309	129	22.85	13	56
1352535	1352595	61	36.08	34	55
1353260	1353558	299	5.33	0	43
1355912	1355917	6	0.00	0	0
1356857	1356998	142	0.57	0	11
1357650	1357718	69	6.42	0	16
1360088	1360223	136	7.13	0	20
1362466	1368672	6207	10.75	0	113
1369918	1370072	155	33.97	20	114
1370457	1370510	54	195.72	164	407
1371048	1371196	149	49.46	55	76
1372295	1372808	514	2484.06	265	15910
1373289	1373337	49	13.20	13.5	28
1374297	1374585	289	22.44	0	140
1376077	1376152	76	25.03	29	48
1376804	1377043	240	32.47	0	231
1378385	1378389	5	69.00	86.5	87
1380389	1380390	2	18.00	36	36
1381015	1381020	6	127.33	153	154
1381612	1381627	16	34.94	40	42
1382843	1383026	184	1.35	0	17
1383192	1383361	170	0.49	0	14
1384415	1384442	28	3.11	0	12
1384656	1384781	126	94.74	90	170
1385358	1385542	185	62.06	20	398
1386359	1386564	206	31.88	33	87
1388074	1388727	654	59.19	55	193
1389064	1389198	135	400.87	92	1647
1389907	1390071	165	63.77	18.5	753
1390342	1390551	210	140.53	61	620
1392478	1392702	225	39.75	0	597
1394621	1394679	59	0.00	0	0
1395655	1396209	555	13.83	12	76
1396909	1397101	193	297.33	140.5	746
1397708	1397889	182	99.29	64	344
1398514	1399953	1440	32.27	11	403
1402141	1402282	142	16.29	0	113
1403066	1403166	101	53.81	72.5	121
1405099	1405166	68	45.91	24	83
1406343	1406570	228	152.05	0	938
1406958	1407233	276	1236.70	0	7570
1408278	1408580	303	88.22	15	672
1412227	1412493	267	72.95	52	180
1413617	1413741	125	2.30	0	14
1414548	1414818	271	12.01	0	61
1416403	1416570	168	43.00	26	116
1416772	1416889	118	31.37	0	165
1417385	1417468	84	24.74	32	37
1418657	1419714	1058	2.51	0	85
1421224	1421380	157	0.53	0	12
1422632	1423092	461	42.07	0	398
1424887	1425018	132	14.97	0	77
1425690	1425713	24	0.00	0	0
1425969	1425992	24	0.00	0	0
1426170	1426489	320	32.14	0	227
1427030	1427070	41	0.00	0	0
1427431	1427460	30	0.00	0	0
1427638	1428737	1100	37.97	0	929
1429149	1429168	20	0.00	0	0
1430747	1430909	163	16.33	0	76
1432050	1432196	147	27.34	17	73
1433028	1433075	48	0.00	0	0
1433202	1433318	117	14.84	16.5	23
1434855	1434860	6	11.33	13	15
1435242	1435323	82	53.66	83	99
1436707	1436916	210	20.38	15	123
1437493	1437733	241	18.56	10	188
1438643	1439145	503	35.73	0	687
1439216	1439309	94	4.27	0	40
1439667	1439689	23	23.57	27	31
1440203	1440880	678	9.61	10	35
1441124	1441349	226	1.07	0	11
1441977	1443639	1663	39.64	20	342
1445055	1445066	12	41.33	43	49
1446207	1446431	225	28.14	28.5	68
1447506	1447711	206	31.01	25	85
1449176	1449375	200	21.11	19	49
1450297	1450397	101	36.85	43	70
1452288	1452456	169	18.68	0	122
1452739	1452890	152	9.59	12	42
1454439	1454442	4	9.75	13	13
1454695	1454754	60	91.82	83	123
1455490	1455597	108	16.13	11	44
1456744	1456905	162	121.34	102	274
1457167	1457472	306	23.00	0	253
1458613	1460227	1615	42.16	0	898
1462964	1463052	89	36.46	22.5	90
1465162	1465246	85	16.28	0	57
1465388	1465499	112	26.27	22	79
1465659	1467068	1410	14.51	0	310
1468176	1468906	731	19.73	12	129
1469717	1469907	191	5.84	0	54
1471614	1471643	30	18.90	20	22
1472514	1472561	48	5.35	0	23
1473702	1473752	51	16.65	18.5	27
1474975	1475058	84	8.92	10	27
1475434	1475485	52	25.29	27	34
1476212	1476266	55	19.73	19.5	25
1477008	1477046	39	52.33	43	103
1479247	1479532	286	5.06	0	19
1480406	1481444	1039	1.92	0	41
1482279	1482947	669	0.81	0	14
1484715	1484774	60	8.47	0	22
1487110	1487120	11	13.64	15	15
1487823	1487851	29	0.00	0	0
1489049	1493756	4708	0.24	0	13
1494543	1494696	154	9.26	0	31
1495843	1495929	87	0.00	0	0
1496806	1497425	620	2.74	0	24
1498734	1498871	138	89.36	46	225
1500048	1500168	121	81.09	25	467
1501411	1501498	88	28.02	29	41
1503129	1503242	114	72.39	19	159
1504761	1504806	46	48.98	24	132
1505872	1505877	6	9.33	11	12
1507174	1507327	154	32.72	35	57
1508663	1508749	87	5.56	0	18
1509128	1509254	127	38.31	40	74
1510335	1510581	247	6.69	0	23
1512117	1512243	127	19.25	22.5	44
1513888	1513912	25	17.12	20.5	26
1515389	1515415	27	20.44	23.5	27
1517162	1517224	63	66.57	64.5	100
1517486	1517514	29	103.62	109	118
1518921	1519201	281	81.30	0	404
1520447	1520544	98	153.74	0	1992
1520616	1520628	13	300.00	114	685
1520699	1520889	191	25.24	25	85
1521709	1521743	35	36.97	38.5	45
1522386	1522390	5	35.80	44	48
1523258	1523359	102	76.26	60	125
1524854	1524869	16	141.38	151	154
1525524	1525687	164	323.92	170	935
1527203	1532252	5050	25.45	12	593
1532613	1532653	41	0.00	0	0
1532990	1533129	140	0.00	0	0
1533346	1533467	122	19.39	14	63
1534143	1534232	90	8.17	0	37
1534377	1534418	42	2.48	0	12
1535187	1535248	62	11.89	0	49
1535528	1535586	59	78.20	71.5	180
1535770	1535782	13	0.00	0	0
1536032	1536264	233	0.09	0	10
1537144	1537221	78	97.62	127	146
1538158	1538361	204	40.90	33	164
1539472	1539525	54	26.04	30	48
1541032	1547576	6545	6.37	0	176
1549251	1549312	62	19.85	19	54
1550745	1551326	582	27.23	24	75
1551489	1551521	33	5830.48	6295.5	6377
1552230	1552595	366	1058.35	25	4289
1553544	1553658	115	27.00	27	75
1554391	1554527	137	105.95	93	272
1555947	1556188	242	14.46	12	49
1557761	1557792	32	85.72	90	139
1557988	1558057	70	9.37	11	11
1559186	1559306	121	0.00	0	0
1560246	1560251	6	0.00	0	0
1562239	1562940	702	160.95	109	851
1563355	1563492	138	154.00	164	346
1564168	1564175	8	0.00	0	0
1564572	1564604	33	292.91	311	325
1564980	1565112	133	8.83	11	23
1565848	1565921	74	19.03	21	28
1566264	1566513	250	18.08	21	45
1566784	1566906	123	7.98	0	28
1567450	1567855	406	18.44	14	73
1568255	1568598	344	33.81	17	177
1570261	1570368	108	49.74	34	126
1571922	1572072	151	5.46	0	36
1573582	1573801	220	7.07	0	67
1574609	1574613	5	52.00	65	65
1575313	1575326	14	16.14	16	19
1575567	1575591	25	2.08	0	18
1575662	1575854	193	17.91	0	505
1576587	1576659	73	24.70	22	40
1578310	1578350	41	6.51	0	19
1579404	1579421	18	40.56	43	46
1580475	1580934	460	30.12	25	72
1581820	1581891	72	15.92	13	71
1582936	1583027	92	60.24	47	114
1584180	1584231	52	19.37	18	47
1584496	1584605	110	41.23	36	94
1586732	1586844	113	0.00	0	0
1587058	1587111	54	0.00	0	0
1587780	1587921	142	0.00	0	0
1588423	1588676	254	0.00	0	0
1589108	1589262	155	0.00	0	0
1589548	1589735	188	372.57	0	1831
1589934	1590176	243	236.58	0	2394
1590591	1590601	11	492.09	545	656
1591247	1591368	122	152.30	78	437
1591768	1591872	105	201.49	245.5	544
1592053	1592224	172	219.59	0	1403
1593041	1593315	275	1.91	0	16
1594069	1594481	413	202.84	86.5	715
1594800	1594974	175	4.66	0	58
1595748	1596025	278	76.48	62	238
1596239	1596418	180	27.07	24	116
1597034	1597105	72	46.04	23	118
1597259	1597351	93	0.00	0	0
1597844	1597883	40	0.00	0	0
1598385	1598473	89	0.00	0	0
1599047	1599377	331	8.14	0	52
1600338	1600890	553	0.00	0	0
1601212	1601334	123	0.00	0	0
1602418	1602429	12	0.00	0	0
1602718	1603893	1176	0.00	0	0
1604176	1604178	3	0.00	0	0
1605364	1605580	217	2.72	0	18
1606535	1606827	293	0.70	0	11
1607365	1607367	3	0.00	0	0
1607710	1608228	519	2.52	0	66
1608607	1608809	203	249.88	74.5	676
1609806	1610150	345	3664.35	175.5	30916
1610325	1610654	330	184.18	0	2316
1611144	1611219	76	83.57	77	135
1611976	1612047	72	251.49	251	508
1612912	1612962	51	43.51	28	130
1613239	1613240	2	68.50	137	137
1613529	1613533	5	1754.40	2194	2221
1614062	1617305	3244	26.43	0	278
1618473	1618485	13	23.46	25	31
1618798	1618902	105	43.45	42	61
1619077	1619109	33	103.12	108	132
1620106	1620352	247	38.29	31	130
1621136	1621292	157	52.48	36.5	164
1622112	1622323	212	7.53	0	36
1623965	1624475	511	70.02	0	670
1625706	1625781	76	8.43	0	42
1627471	1627558	88	62.36	56	146
1629233	1629572	340	527.59	85	3534
1630017	1630022	6	87.67	111	111
1630995	1631220	226	86.50	43	419
1631527	1631553	27	494.11	482.5	672
1631824	1632060	237	33.14	14	108
1633243	1633433	191	27.92	30	57
1633587	1633620	34	821.50	592	1743
1633852	1633925	74	315.24	148	1295
1635625	1635650	26	21.81	22	26
1636833	1637045	213	5.67	0	58
1637088	1637093	6	19.67	23	26
1637565	1637641	77	0.00	0	0
1638326	1638677	352	66.29	38	291
1641013	1641215	203	2.08	0	15
1642683	1644373	1691	71.76	37	892
1645157	1645170	14	69.14	80	81
1645645	1645676	32	2.28	0	11
1646163	1646232	70	14.40	20	33
1647286	1649717	2432	6.64	0	94
1649829	1650441	613	0.00	0	0
1650547	1653168	2622	0.00	0	0
1653239	1653249	11	0.00	0	0
1653321	1653423	103	0.00	0	0
1654962	1655424	463	4.28	0	137
1656229	1656450	222	88.40	78	291
1657819	1658076	258	80.89	53	215
1658530	1658586	57	11.53	12	33
1660016	1660137	122	0.00	0	0
1660333	1660383	51	0.00	0	0
1660780	1660889	110	6.99	0	39
1663087	1663269	183	2.28	0	12
1665418	1665455	38	11.45	15	16
1666068	1666205	138	5.76	0	48
1668072	1668153	82	19.44	31	39
1669522	1669595	74	6.64	0	21
1670226	1670356	131	0.58	0	15
1672262	1672743	482	19.37	16	66
1673743	1673846	104	11.87	10	28
1676250	1676321	72	80.89	81	136
1677324	1677382	59	28.32	15	69
1678085	1678524	440	20.01	0	78
1680061	1680195	135	0.00	0	0
1681986	1682050	65	12.82	18	25
1684352	1684390	39	7.03	12	12
1685690	1686073	384	8.88	0	47
1688330	1688396	67	0.00	0	0
1688859	1688988	130	6.72	0	19
1689673	1689735	63	0.00	0	0
1690060	1690143	84	45.48	55	81
1690726	1690727	2	0.00	0	0
1690863	1690891	29	28.41	24	44
1692746	1692752	7	8.29	10	17
1693674	1693788	115	5.70	0	20
1694891	1695009	119	6.31	0	33
1695358	1695420	63	2.67	0	19
1696864	1696875	12	34.00	40	41
1698370	1698485	116	29.29	31	55
1699647	1699832	186	31.78	30	76
1701855	1701859	5	48.00	58	70
1702831	1702844	14	50.00	54	55
1703322	1703404	83	42.22	33.5	85
1704479	1704483	5	16.20	20.5	21
1706743	1707457	715	39.95	28	236
1708757	1709148	392	41.38	30	247
1709620	1709621	2	15.00	30	30
1711459	1711473	15	40.20	45	47
1712301	1712795	495	17.98	0	160
1714888	1715117	230	171.95	173	327
1715463	1715637	175	6.31	0	22
1715836	1716171	336	0.00	0	0
1716484	1716627	144	0.00	0	0
1718833	1719258	426	3.38	0	18
1721947	1722142	196	0.00	0	0
1722476	1722491	16	0.00	0	0
1722963	1723161	199	0.93	0	11
1724167	1724400	234	140.12	0	731
1724635	1724793	159	80.84	46.5	225
1726039	1728024	1986	11.39	0	73
1729153	1730756	1604	12.34	0	107
1732269	1732786	518	11.98	0	105
1733351	1733574	224	4.34	0	54
1734736	1735318	583	35.36	0	268
1737353	1737442	90	24.29	12	60
1738433	1738580	148	30.74	22	89
1740969	1741069	101	1.05	0	12
1742453	1743198	746	93.02	48	505
1743270	1743307	38	0.74	0	14
1743378	1743422	45	98.58	19	1626
1743494	1743531	38	1228.58	0	22472
1743602	1743698	97	129.88	0	1056
1745649	1745796	148	1.14	0	17
1746634	1746834	201	3.00	0	21
1747864	1747903	40	0.00	0	0
1748060	1748120	61	7.54	0	22
1748844	1748915	72	14.68	13	26
1749348	1749576	229	26.01	17.5	119
1749952	1749963	12	9.67	11	13
1750771	1751412	642	85.33	54	296
1752583	1752735	153	12.68	0	57
1753726	1753809	84	102.51	113	270
1754113	1754220	108	95.97	105	173
1756978	1757209	232	15.38	16	40
1758200	1758360	161	27.25	0	96
1759786	1759969	184	18.60	0	82
1761854	1761923	70	4.49	0	14
1762506	1763255	750	15.76	0	79
1764027	1764128	102	2.79	0	19
1764750	1764846	97	20.11	0	111
1765420	1765432	13	20.62	20.5	51
1766703	1767622	920	16.18	14	52
1768646	1768789	144	43.92	45	155
1769345	1769402	58	211.14	79	551
1770147	1770151	5	88.40	110.5	118
1770947	1771004	58	39.41	19	82
1772187	1772223	37	21.92	20	40
1773562	1773620	59	112.36	73	281
1775997	1776007	11	15.73	17.5	20
1776563	1776597	35	7.89	11	15
1777639	1777676	38	15.18	15	19
1778124	1778332	209	213.00	62	824
1779017	1779061	45	6.31	0	24
1779836	1780300	465	6.51	0	199
1781690	1781770	81	107.58	132.5	166
1783028	1783134	107	14.72	0	78
1785970	1786048	79	7.37	0	23
1786511	1787383	873	1.41	0	27
1788179	1788697	519	697.97	0	7532
1789742	1790264	523	55.11	13	1164
1791183	1791188	6	55.67	68	69
1791450	1791455	6	351.33	426	427
1792269	1792299	31	183.48	180	211
1793011	1793159	149	36.15	19	164
1793526	1793551	26	150.92	165	199
1794536	1794563	28	164.18	149	409
1795182	1795203	22	132.09	130	209
1795597	1795618	22	356.36	387	440
1795979	1796180	202	1010.16	1071	2298
1796397	1796403	7	323.43	375	463
1797712	1797725	14	2583.29	2577	3165
1798158	1798161	4	168.25	223	231
1798856	1798876	21	619.76	707.5	1138
1799228	1799243	16	350.62	201	1229
1799775	1799790	16	579.31	553	947
1800181	1800198	18	534.11	627	641
1800502	1800506	5	285.80	357.5	360
1801044	1801055	12	456.17	506	555
1801377	1801390	14	103.36	122	125
1801757	1801980	224	1227.21	363	4534
1802242	1802243	2	26.00	52	52
1802433	1802434	2	241.50	483	483
1803525	1803536	12	96.67	84	163
1803864	1803874	11	35.73	38	55
1804151	1804158	8	72.12	85	86
1804990	1804997	8	761.62	865	890
1805927	1805928	2	193.50	387	387
1806571	1806790	220	177.96	16	716
1806980	1807358	379	15.02	10	161
1807668	1807687	20	237.45	252	278
1808870	1808959	90	1141.41	1713	2128
1811063	1811083	21	180.05	191	206
1811552	1811671	120	153.97	172	325
1812041	1812221	181	48.51	0	405
1812369	1812377	9	0.00	0	0
1813519	1813760	242	1.38	0	13
1814820	1815109	290	7.87	0	45
1819283	1819437	155	66.12	71	106
1823614	1823806	193	136.79	26	814
1824176	1824235	60	1778.28	1803	2717
1824734	1824963	230	1413.97	568	5454
1825657	1825658	2	483.00	966	966
1826091	1826193	103	577.58	633	1154
1826728	1826731	4	210.75	282	292
1827008	1827127	120	46.64	26	787
1827198	1827206	9	3064.89	447.5	12470
1828389	1828442	54	2248.31	2717	3129
1828512	1828526	15	1006.80	209.5	6461
1828595	1828630	36	1814.19	2217	2394
1828709	1828807	99	164.88	43	2766
1829057	1829181	125	41.30	50	70
1829749	1829853	105	26.36	0	171
1830190	1832026	1837	53.59	19	493
1834331	1834410	80	12.90	18	32
1834870	1834897	28	36.14	37	43
1836083	1836175	93	23.83	0	131
1839564	1839565	2	11.50	23	23
1841388	1841468	81	62.86	65.5	97
1842393	1842482	90	139.93	127	220
1842984	1843058	75	30.65	0	161
1843254	1843283	30	83.33	53	231
1844619	1844693	75	10.57	5	45
1844856	1845041	186	11.88	13	33
1845690	1845753	64	12.05	10	38
1846210	1846221	12	35.75	38	42
1847140	1847377	238	52.76	51	167
1848218	1848737	520	49.32	37	186
1848972	1849021	50	183.12	211	308
1849610	1849887	278	94.96	32	416
1850437	1851527	1091	80.85	43	667
1852998	1854668	1671	3.56	0	39
1855089	1855268	180	2.83	0	24
1855416	1855435	20	11.40	12	12
1855631	1855642	12	16.17	19	21
1856657	1856757	101	9.87	0	36
1857970	1858224	255	42.39	0	245
1858504	1859710	1207	21.24	19	75
1861710	1861742	33	27.45	37	45
1864014	1864134	121	1.64	0	36
1865149	1865151	3	0.00	0	0
1866190	1866296	107	4.67	0	19
1867161	1867901	741	7.70	0	39
1869918	1870114	197	90.37	0	349
1871234	1872223	990	19.57	0	119
1872515	1872869	355	0.00	0	0
1872981	1873593	613	0.00	0	0
1873699	1876320	2622	0.74	0	50
1876391	1876401	11	0.00	0	0
1876473	1876575	103	0.00	0	0
1878114	1878577	464	0.79	0	13
1878992	1879144	153	18.95	20	65
1879934	1879984	51	11.53	15	24
1880390	1880391	2	0.00	0	0
1881076	1881197	122	389.90	22	1474
1882239	1882404	166	42.22	41	77
1883629	1883747	119	11.24	10	48
1885896	1886379	484	3.87	0	31
1886662	1891119	4458	17.61	0	468
1891510	1891591	82	30.59	0	123
1893038	1893102	65	40.65	36	85
1894372	1894414	43	7.84	11	24
1894862	1894896	35	19.17	18.5	24
1895869	1895939	71	25.28	24	36
1896010	1896235	226	6.69	0	40
1897487	1897569	83	50.67	19.5	131
1898761	1898814	54	16.30	0	45
1899061	1899155	95	16.39	14.5	37
1900718	1900913	196	89.34	12	596
1901394	1901519	126	93.69	0	540
1902524	1902641	118	120.46	19	512
1904034	1904056	23	0.00	0	0
1904450	1904455	6	26.50	29	43
1904945	1904952	8	42.12	47	57
1905079	1905222	144	0.00	0	0
1907815	1908250	436	7.31	0	119
1909253	1909406	154	24.18	10	148
1910085	1910546	462	497.63	266	2418
1911180	1911218	39	14.21	18.5	37
1912185	1912412	228	90.94	12	350
1913160	1913172	13	145.38	158.5	193
1914106	1914831	726	35.75	31	103
1915033	1915306	274	27.77	23	59
1916576	1916611	36	48.25	38	109
1917212	1917228	17	0.00	0	0
1917742	1917895	154	4.68	0	15
1918316	1918567	252	9.03	0	25
1918745	1918752	8	11.25	13	13
1919338	1919361	24	17.12	18	19
1920938	1921057	120	26.10	19	69
1921394	1921469	76	273.05	388	417
1921917	1922249	333	32.55	0	156
1923150	1923254	105	21.81	16	83
1924356	1924436	81	165.10	30.5	2268
1924794	1924853	60	122.28	31	1553
1925112	1925125	14	0.00	0	0
1926581	1927363	783	1.54	0	15
1931531	1931587	57	24.32	24	34
1933493	1933805	313	34.28	20	138
1935033	1935185	153	124.11	88	260
1936473	1936474	2	0.00	0	0
1936676	1936945	270	1.14	0	16
1937210	1937604	395	9.50	12	26
1938946	1939072	127	11.09	11	47
1939871	1939912	42	6.95	12	16
1940897	1942503	1607	6.02	0	34
1942876	1943051	176	59.52	59	111
1943406	1944696	1291	52.24	23	420
1945054	1947206	2153	14.07	11	94
1947414	1947492	79	45.37	48	103
1947850	1947856	7	12.00	14	14
1949351	1949392	42	0.00	0	0
1950353	1950485	133	12.71	0	47
1951203	1951421	219	17.30	0	180
1952274	1952404	131	43.72	25.5	131
1953131	1953305	175	60.29	41.5	166
1953537	1953538	2	7.00	14	14
1954196	1954258	63	8.86	0	26
1954847	1955232	386	107.47	0	395
1956697	1956885	189	53.26	53.5	132
1957444	1957497	54	0.00	0	0
1957795	1957895	101	50.48	48	109
1958673	1958714	42	2.19	0	11
1959363	1959372	10	47.60	51	65
1959979	1960044	66	22.98	13	50
1960636	1960642	7	182.00	207.5	233
1960988	1961036	49	20.86	19.5	36
1961910	1961934	25	13.96	19	24
1962754	1962755	2	56.50	113	113
1963908	1963963	56	26.88	12	106
1965958	1965975	18	16.39	17	19
1967395	1967567	173	5.80	0	15
1968676	1968687	12	0.00	0	0
1969216	1969310	95	17.47	15	30
1970424	1970600	177	52.83	24	282
1971180	1971243	64	40.78	32	112
1972096	1972320	225	5.36	0	54
1972393	1972422	30	579.20	377	1981
1972494	1972526	33	201.42	43	4646
1972597	1972737	141	86.91	17.5	1868
1975017	1975131	115	7.25	10	19
1975954	1975967	14	41.71	45	46
1976122	1976164	43	38.84	44.5	51
1976285	1976421	137	6.38	0	17
1976656	1976688	33	0.00	0	0
1977475	1977555	81	0.00	0	0
1977748	1978171	424	2.95	0	20
1978787	1978810	24	0.00	0	0
1981132	1981199	68	3.07	0	12
1981302	1981420	119	0.00	0	0
1982861	1983006	146	5.75	0	89
1984322	1984325	4	85.75	113	118
1985055	1985169	115	220.51	171.5	449
1986022	1986402	381	10.87	0	102
1987258	1987345	88	39.94	19	124
1988732	1988734	3	66.67	100	101
1988957	1989066	110	113.78	98	237
1989259	1989358	100	54.91	42	120
1990127	1990244	118	11.98	14	25
1992996	1993120	125	94.06	21	458
1994108	1994163	56	30.23	11	76
1994491	1994503	13	30.08	32.5	35
1994807	1995171	365	10558.86	3029	47338
1995601	1995615	15	1692.80	1660.5	2591
1996006	1996388	383	14.33	13	132
1996881	1997075	195	12.38	14	22
1998003	1998133	131	1.68	0	15
1998881	1999005	125	31.99	33	74
1999585	1999605	21	133.57	138.5	150
2000953	2000969	17	336.76	362.5	379
2001756	2002089	334	11.14	10	102
2003878	2003946	69	11.51	15.5	24
2004577	2004671	95	0.00	0	0
2005494	2005564	71	9.99	0	89
2006126	2006211	86	24.16	32	50
2006647	2006869	223	4.05	0	20
2007137	2007138	2	5.50	11	11
2008912	2009040	129	14.24	11	43
2009980	2009990	11	21.82	24	25
2010864	2011051	188	42.93	16	1919
2011123	2011273	151	78.46	0	5586
2011371	2011463	93	0.00	0	0
2013363	2015246	1884	0.67	0	19
2015466	2017050	1585	0.00	0	0
2017363	2017439	77	3.56	0	27
2019492	2019609	118	11.21	17	22
2021446	2021481	36	14.53	18	30
2021668	2021720	53	0.00	0	0
2022240	2022524	285	6.83	0	24
2023848	2024899	1052	0.00	0	0
2026064	2026372	309	4.62	0	29
2027636	2027709	74	10.39	14	23
2028037	2028113	77	28.71	51	53
2029482	2029538	57	3.70	0	19
2030513	2030573	61	37.80	5.5	169
2031573	2031668	96	44.99	41	78
2032515	2032542	28	65.21	65	79
2033023	2033108	86	7.12	0	25
2034675	2034822	148	0.00	0	0
2036086	2039364	3279	1.48	0	67
2040286	2046713	6428	0.84	0	55
2048141	2048172	32	0.00	0	0
2048734	2048878	145	8.37	11	22
2050529	2050597	69	3.86	0	16
2051651	2051804	154	0.00	0	0
2053044	2053193	150	3.47	0	26
2053920	2053958	39	13.90	12	20
2054874	2055061	188	10.93	10	47
2055578	2055599	22	1.50	0	11
2056983	2057325	343	4.35	0	32
2058916	2058946	31	0.00	0	0
2060146	2060206	61	49.57	0	167
2060591	2060645	55	50.18	46	88
2061114	2061189	76	112.16	18	423
2061454	2061612	159	53.52	35	216
2062294	2062425	132	98.62	94	183
2062939	2063079	141	44.01	37	98
2065024	2065060	37	6.22	10	13
2065817	2065902	86	16.83	23	30
2066527	2066573	47	0.00	0	0
2068504	2068733	230	9.72	11	23
2069703	2069856	154	0.00	0	0
2071996	2072505	510	25.36	0	429
2072794	2072887	94	980.93	497	2219
2074520	2075175	656	35.75	0	181
2076760	2076902	143	115.65	21	561
2077323	2077518	196	1.01	0	14
2078737	2078749	13	0.00	0	0
2078918	2078990	73	16.47	12	42
2079312	2079346	35	33.77	37.5	43
2079764	2079787	24	19.04	20	24
2080292	2080438	147	9.68	10	24
2083229	2083792	564	11.41	0	129
2084486	2084727	242	57.97	33	225
2089132	2089205	74	39.91	39	55
2089539	2089571	33	17.67	16.5	28
2091017	2091810	794	8.22	0	30
2094238	2095594	1357	1.42	0	20
2097206	2097268	63	9.89	13	21
2099156	2099284	129	6.53	0	36
2100212	2102862	2651	5.37	0	119
2103721	2103770	50	41.20	47	52
2105090	2105122	33	22.79	21	41
2105711	2105763	53	4.25	0	25
2106870	2106876	7	39.43	46.5	47
2107357	2107358	2	25.00	50	50
2108225	2108307	83	28.88	31	43
2108824	2108957	134	157.00	31	552
2109171	2109424	254	12.83	12	143
2110064	2110211	148	0.40	0	15
2111886	2112094	209	27.41	0	124
2112698	2112771	74	20.64	23	33
2113162	2113211	50	14.68	16	30
2113903	2113940	38	287.89	283	410
2114151	2114441	291	76.86	63	226
2116290	2116330	41	7.00	0	18
2116514	2116668	155	71.91	35	202
2117404	2117407	4	13.25	18	18
2118092	2118252	161	26.56	0	81
2119117	2119181	65	17.05	18	32
2119752	2119908	157	22.78	10	146
2120767	2120816	50	17.88	19	20
2121237	2121442	206	151.53	87	429
2122650	2122708	59	431.81	486.5	540
2122943	2123014	72	329.75	191	1090
2123483	2123489	7	285.57	331.5	337
2124021	2124033	13	1051.92	1223	1257
2125579	2125605	27	239.33	234	327
2126479	2126518	40	91.83	89	171
2127914	2127926	13	1371.77	1545	1561
2128347	2128520	174	30.50	0	267
2129415	2129533	119	17.17	5.5	49
2131595	2132699	1105	27.79	17	355
2133537	2134534	998	23.58	23	64
2135549	2135569	21	41.05	42	47
2136410	2136607	198	154.18	155	322
2137331	2137436	106	17.40	18	39
2138229	2138448	220	4952.33	400	24995
2138932	2138998	67	46.88	16	131
2139743	2139806	64	287.12	347	436
2141370	2141471	102	20.51	21	29
2143338	2143478	141	14.29	0	45
2144403	2144430	28	12.96	15	17
2144800	2144848	49	44.86	26.5	80
2145809	2146658	850	3.08	0	31
2146908	2147047	140	2.58	0	13
2148092	2148183	92	13.27	10	31
2148709	2148885	177	26.37	21	55
2149063	2149098	36	109.08	109	138
2149597	2149746	150	31.60	28	143
2151170	2151189	20	0.50	0	10
2152825	2152851	27	23.63	28	31
2152984	2152999	16	12.50	14	16
2153219	2153285	67	28.49	31	43
2153649	2153653	5	52.20	65	67
2153786	2153922	137	19.19	0	172
