#start	end	length	mean	median	max
1	9308	9308	4.40	3	49
10858	10992	135	2.51	0	9
11064	11077	14	6.50	7	7
11148	13538	2391	2634.45	2406	7997
13644	14203	560	782.05	222	7288
14317	20065	5749	13.80	6	138
20285	21769	1485	5.95	5	28
21857	25115	3259	0.68	0	29
25378	29102	3725	7.34	6	47
30652	30786	135	2.56	0	9
30858	30871	14	0.93	1	1
30942	33332	2391	2620.95	2404	7998
33438	33997	560	781.85	201	7163
34111	64425	30315	4.75	2	189
64497	64512	16	0.00	0	0
64582	82424	17843	9.90	5	153
83974	86427	2454	2566.43	2373	7999
86533	87093	561	788.60	222	7320
87207	106314	19108	13.73	6	349
106456	145488	39033	45.15	32	555
147038	149491	2454	2584.08	2375	7997
149597	150194	598	726.37	186	7131
150308	150319	12	1.08	1	2
150389	150398	10	0.90	1	1
150469	150495	27	0.52	0	2
150565	150575	11	2.73	3	3
150646	150668	23	0.00	0	0
150747	150817	71	0.00	0	0
150887	150897	11	1.64	1	3
150968	150978	11	0.00	0	0
151048	151060	13	0.00	0	0
151131	157527	6397	15.36	3	696
157681	177160	19480	4.52	2	101
177273	185584	8312	1.97	0	51
185688	197081	11394	0.69	0	24
197186	245021	47836	1.75	0	209
245091	245099	9	5.44	6	7
245185	245198	14	4.50	5	6
245268	245277	10	2.10	2	3
245348	245399	52	0.48	0	1
245470	245563	94	0.38	0	1
245633	245643	11	0.00	0	0
245714	245733	20	0.00	0	0
245814	245914	101	2.64	4	7
245986	245995	10	1.80	2	2
246067	246073	7	0.86	1	1
246142	246220	79	24.47	27	51
247770	250223	2454	2549.18	2378	7999
250329	250889	561	771.40	219.5	7208
251003	251017	15	1.07	1	2
251089	251097	9	3.56	4	4
251168	260653	9486	54.22	2	1004
260753	262613	1861	4.03	3	13
262713	266799	4087	1.66	0	66
268349	270802	2454	2572.38	2384	7998
270908	271468	561	783.63	207.5	7278
271582	280097	8516	0.30	0	46
281647	284100	2454	2569.17	2400	7998
284206	284767	562	743.63	178	7127
284881	290070	5190	0.66	0	53
291620	294073	2454	2561.44	2385	7997
294179	294740	562	771.98	218	7324
294854	295343	490	0.00	0	0
295443	320617	25175	7.81	2	365
320722	342267	21546	2.59	0	110
342367	371029	28663	6.31	0	159
371140	393926	22787	0.91	0	66
394034	397304	3271	0.11	0	4
397387	399331	1945	0.36	0	7
399431	414142	14712	2.57	0	62
414347	532478	118132	1.39	0	75
534027	536473	2447	2586.43	2436.5	7997
536579	537190	612	710.58	173	7299
537304	537314	11	1.27	1	3
537384	537391	8	3.50	4	4
537478	537500	23	0.00	0	0
537570	537580	11	3.64	4	4
537651	537680	30	1.87	2	2
537752	537760	9	1.78	2	2
537831	537845	15	0.93	1	1
537916	537939	24	11.75	12	13
538010	538025	16	6.19	5	9
538104	538116	13	4.62	5	5
538185	538209	25	0.92	1	2
538280	538348	69	0.70	1	2
538418	538428	11	1.82	2	2
538498	538517	20	2.65	4	4
538586	538598	13	2.69	3	3
538678	543113	4436	1.26	0	51
543182	741432	198251	4.99	0	627
742982	745435	2454	2504.71	2320	7997
745541	746153	613	716.43	194	7372
746267	746274	8	1.50	1	3
746345	746361	17	1.29	1	2
746431	746440	10	3.70	4	5
746511	746530	20	1.50	3	3
746609	746640	32	1.41	1	2
746710	746731	22	8.32	10	12
746815	746823	9	6.22	7	7
746895	746907	13	0.00	0	0
746979	746997	19	3.00	3.5	4
747068	747090	23	0.96	1	1
747178	747237	60	1.05	1	3
747325	747350	26	1.19	1	2
747422	747431	10	1.30	1	2
747502	747515	14	0.93	1	1
747586	747600	15	0.00	0	0
747671	747679	9	0.89	1	1
747748	747760	13	2.31	2	4
747832	747845	14	0.93	1	1
747915	747921	7	0.00	0	0
747991	751993	4003	2.71	1	25
752104	752166	63	0.00	0	0
752268	760166	7899	0.05	0	2
760312	761302	991	0.07	0	3
761446	823910	62465	0.95	0	69
824015	855155	31141	1.94	0	213
855335	1108670	253336	5.94	0	1353
1109024	1152377	43354	4.13	0	272
1152592	1170859	18268	33.87	6	1336
1170978	1202542	31565	2.93	0	146
1202778	1202822	45	0.00	0	0
1203065	1232545	29481	11.28	0	546
1232616	1269107	36492	2.06	0	152
1269234	1298839	29606	5.50	0	577
1298881	1337990	39110	1.91	0	92
1338068	1340071	2004	0.35	0	9
1340297	1360931	20635	0.94	0	12
1361111	1362725	1615	4.23	3	22
1362832	1369719	6888	0.04	0	2
1369966	1375418	5453	3.09	1	51
1375522	1382596	7075	0.83	0	27
1382853	1422633	39781	1.81	0	362
1422771	1471529	48759	8.35	1	442
1471624	1489125	17502	1.95	0	51
1489514	1497644	8131	1.64	0	52
1497744	1507260	9517	3.65	1	54
1507441	1507464	24	2.25	1	7
1507646	1510473	2828	0.58	0	7
1510637	1542475	31839	0.15	0	9
1542518	1544361	1844	1.04	0	13
1544730	1692213	147484	2.69	0	586
1692470	1696713	4244	1.89	1	11
1696898	1721073	24176	1.70	0	149
1721294	1721347	54	0.00	0	0
1721379	1721436	58	0.00	0	0
1721469	1730438	8970	0.45	0	68
1730682	1730752	71	0.75	0	4
1730989	1768167	37179	1.32	0	49
1768312	1849973	81662	0.99	0	90
1850203	1850319	117	0.18	0	7
1850549	2024332	173784	1.93	0	155
2024545	2032658	8114	0.73	0	14
2032896	2039193	6298	0.68	0	9
2039403	2069041	29639	5.29	1	623
2069288	2221601	152314	1.07	0	59
2221719	2221721	3	0.00	0	0
2221820	2257035	35216	0.57	0	52
2257394	2433642	176249	0.50	0	33
2433746	2459411	25666	0.14	0	7
2459525	2469775	10251	0.46	0	9
2470032	2727511	257480	0.81	0	126
2727731	2729014	1284	32.62	27	175
2729249	2729305	57	15.46	16	21
2729540	2761614	32075	1.21	0	90
2761823	2834110	72288	0.48	0	25
2834301	2953818	119518	1.13	0	98
2953918	3092273	138356	0.33	0	23
3092370	3133982	41613	0.95	0	46
3134189	3137585	3397	0.27	0	4
3137725	3300192	162468	0.78	0	140
3300268	3410189	109922	3.57	0	776
3410274	3605891	195618	2.42	0	404
3605991	3657207	51217	11.83	2	554
3657249	3709736	52488	3.63	1	288
3709819	3711139	1321	0.05	0	1
3711252	3711838	587	0.00	0	0
3711949	3716816	4868	3.91	3	24
3717039	3796104	79066	2.81	0	618
3796219	3859723	63505	9.62	2	1268
3859910	3891096	31187	7.79	1	420
3891236	3893430	2195	0.33	0	5
3893536	3954384	60849	2.44	0	95
3954526	3965194	10669	0.22	0	5
3965413	3965469	57	1.40	1	3
3965519	3993578	28060	4.62	0	158
3993676	4074470	80795	23.70	1	1369
4074578	4074782	205	0.95	0	5
4074890	4095083	20194	5.96	1	274
4095155	4166607	71453	5.81	1	1118
4166834	4166886	53	0.00	0	0
4167112	4195699	28588	2.84	0	162
4195917	4211207	15291	1.93	0	31
4211436	4232122	20687	1.99	1	44
4232231	4252467	20237	2.17	0	187
4252543	4266690	14148	3.19	1	57
4266921	4288002	21082	5.18	1	111
4288074	4288080	7	0.00	0	0
4288149	4366578	78430	5.55	0	513
4366828	4370541	3714	3.82	3	25
4370768	4381889	11122	6.21	0	294
4382008	4384205	2198	5.41	4	66
4384431	4462896	78466	8.90	1	807
4463124	4532046	68923	2.26	0	75
4532267	4554782	22516	0.89	0	23
4554902	4590647	35746	3.64	0	285
4590747	4637942	47196	1.46	0	151
4638280	4651161	12882	2.81	1	127
4651231	4651242	12	1.58	2	2
4651328	4651340	13	3.38	4	4
4651410	4651422	13	1.46	2	2
4651494	4651506	13	1.23	1	2
4651575	4651593	19	2.21	3	3
4651664	4651679	16	0.00	0	0
4651750	4651769	20	0.30	0	4
4651840	4651857	18	0.33	0	1
4651928	4651934	7	0.86	1	1
4652006	4652038	33	1.24	1	2
4652126	4652148	23	2.17	2	3
4652220	4652229	10	0.00	0	0
4652301	4652323	23	1.04	1	3
4652394	4652411	18	0.94	1	1
4652483	4652495	13	5.54	6	6
4652567	4652575	9	4.44	5	5
4652659	4652680	22	8.50	9	10
4652750	4652781	32	1.88	3	3
4652860	4652887	28	1.64	1	4
4652958	4652972	15	1.87	2	2
4653043	4653052	10	2.70	3	3
4653123	4653129	7	2.57	3	3
4653243	4653855	613	926.29	346	7996
4653961	4656414	2454	3955.64	3832	7993
4657964	4741204	83241	4.37	0	334
4741310	4770202	28893	5.18	0	376
4770438	4785344	14907	0.96	0	28
4785613	4820094	34482	3.80	0	259
4820308	4825067	4760	1.38	1	11
4825125	4835717	10593	0.82	0	11
4836070	4868701	32632	2.73	0	83
4868775	4954723	85949	2.02	0	91
4954837	5141589	186753	5.12	1	846
5141693	5208045	66353	1.43	0	43
5208116	5208162	47	0.13	0	1
5208233	5208255	23	0.39	0	1
5208325	5208343	19	0.00	0	0
5208414	5208555	142	0.13	0	1
5209843	5210060	218	0.51	0	4
5211420	5211449	30	3.30	3	5
5213864	5213944	81	0.02	0	2
5214881	5214960	80	1.93	1	8
5215192	5215239	48	388.83	350	589
5215759	5215787	29	82.93	81	115
5216076	5216269	194	10.68	1	47
5217368	5217485	118	3.88	0	22
5217681	5217703	23	10.74	12	14
5218583	5218844	262	0.35	0	7
5219439	5219461	23	0.00	0	0
5221065	5221257	193	6.44	0	39
5222128	5222234	107	1.98	2	5
5222952	5222975	24	0.75	1	1
5224863	5224911	49	1.69	2	3
5226286	5226514	229	0.87	0	8
5227894	5227935	42	5.00	5	7
5228293	5228371	79	1.03	1	2
5228504	5228663	160	0.82	0	8
