RUF_ID RNAz RNALfold Alifold_ali Alifold_single RNAcode Conservation Expressed_in_Other_AREBA
AE008923_1117262_1117356 1 0 1 1 0 0 1
AE008923_1142850_1142930 1 0 1 0 0 0 1
AE008923_1146074_1146283 1 0 1 0 0 0 1
AE008923_1168414_1168491 0 0 0 1 0 0 1
AE008923_2320973_2321030 0 0 0 0 0 0 1
AE008923_3045081_3045312 0 0 1 0 0 0 1
AE008923_3350324_3350495 0 0 0 0 1 1 1
AE008923_3661751_3661962 0 0 0 0 0 1 1
AE008923_4178251_4178544 0 0 0 0 0 0 1
AE008923_4276805_4277002 1 0 1 1 0 0 1
AE008923_4333197_4333259 0 0 0 0 0 0 1
AE008923_4579572_4579749 0 0 0 0 0 0 1
AE008923_4581610_4581911 0 0 0 1 0 0 1
AE008923_4626381_4626552 0 0 0 0 0 0 0
AE008923_4700592_4700797 0 0 0 0 1 1 1
AE008923_4919255_4919454 0 0 1 0 1 0 1
AE008923_4946686_4946875 0 0 1 1 0 0 1
AE008923_5068810_5069012 1 1 0 0 0 0 1
AE008923_5070848_5071184 0 0 0 1 0 0 1
AE008923_5096351_5096419 0 0 0 0 0 0 1
AE008923_929766_930017 1 0 1 0 0 1 1
AE014613_1190094_1190229 0 0 0 1 0 0 1
AE014613_1276595_1276723 0 0 0 0 0 0 1
AE014613_1397941_1397990 0 0 0 0 0 0 1
AE014613_1852667_1852755 0 0 0 0 0 0 1
AE014613_1892749_1892826 0 1 0 0 0 0 1
AE014613_2695422_2695501 0 0 0 0 1 0 1
AE014613_2697414_2697463 0 0 0 0 1 0 1
AE014613_2701853_2701903 0 0 0 0 1 0 1
AE014613_2702210_2702269 0 0 1 0 1 0 1
AE014613_2702450_2702523 0 0 0 0 1 0 1
AE014613_287126_287183 0 0 0 0 0 0 1
AE014613_3388901_3389185 0 0 0 0 0 0 1
AE014613_3427238_3427543 0 0 0 0 1 0 1
AE014613_3739102_3739161 1 0 1 1 0 0 1
AE014613_3763703_3763816 0 1 0 1 0 0 1
AE014613_4122170_4122292 0 0 1 1 0 0 1
AE014613_4198641_4198773 0 0 1 1 0 0 1
AE014613_4506812_4506883 0 0 0 0 0 0 1
AE014613_4790700_4790831 0 0 0 0 0 0 1
AE014613_4790860_4791031 0 0 0 0 0 0 1
AE014613_499318_499554 0 0 0 0 0 0 1
AE014613_681113_681178 0 0 0 0 0 0 1
AE014613_681313_681375 0 0 0 0 1 0 1
AE014613_724649_724714 0 0 0 0 0 0 1
AE014613_999785_999861 0 0 0 1 0 0 1
AE015451_1325325_1325479 0 0 0 1 0 0 1
AE015451_171212_171364 0 0 0 1 0 0 1
AE015451_176623_176793 0 1 0 1 1 0 1
AE015451_1883243_1883426 0 0 1 1 0 0 1
AE015451_2548422_2548666 1 1 1 1 1 0 1
AE015451_524777_524928 1 0 1 1 0 0 1
AE015451_5312724_5312855 0 0 0 1 0 0 1
AE015451_536972_537026 1 0 1 0 0 0 1
AE015451_697630_697800 0 0 0 1 1 0 1
AM743169_1032370_1032476 0 1 0 0 0 0 1
AM743169_1322020_1322077 0 0 0 0 0 0 1
AM743169_1412972_1413046 1 0 1 1 1 0 1
AM743169_1816876_1816936 0 0 0 0 0 0 1
AM743169_2066744_2066830 0 0 0 0 0 0 1
AM743169_2957760_2957880 0 1 0 0 0 0 1
AM743169_4794935_4795270 0 0 0 0 1 0 1
AM743169_546852_546995 1 0 1 1 0 0 1
AM743169_558188_558295 1 0 0 1 0 0 1
AM743169_558993_559085 1 0 1 1 0 0 1
AM743169_936300_936357 0 0 0 0 0 0 1
AM743169_940551_940901 1 0 1 0 0 0 1
AM743169_955453_955771 1 0 1 1 0 0 1
CP000438_1498998_1499096 1 0 1 1 0 0 1
CP000438_2154641_2154737 1 0 1 1 0 0 1
CP000438_2244040_2244160 0 0 0 0 0 0 1
CP000438_2362160_2362501 0 0 0 1 0 1 1
CP000438_3675920_3676015 0 0 0 0 0 0 1
CP000438_3713501_3713607 1 0 0 0 0 0 1
CP000438_4464873_4464954 1 0 1 1 0 0 1
CP000438_5157963_5158032 1 0 1 0 0 0 1
CP000438_5288137_5288356 0 0 1 1 0 0 1
CP000438_6315761_6315880 1 0 0 1 0 0 1
CP000438_732702_733001 0 0 0 1 0 1 1
CP000438_734889_734981 1 0 0 1 0 0 1
CP000438_745545_745612 1 0 1 0 0 0 1
CP000438_755071_755163 0 0 0 0 0 0 1
CP000438_759483_759559 0 0 1 0 0 1 1
CP000800_106932_106994 0 0 0 1 0 0 1
CP000800_1098712_1098868 0 0 0 0 0 0 1
CP000800_1212019_1212158 1 0 1 1 0 0 1
CP000800_1224744_1225051 0 0 0 1 1 1 1
CP000800_1228833_1229045 0 0 0 1 0 0 1
CP000800_1352645_1352797 0 1 0 0 0 0 1
CP000800_1430886_1431076 0 0 0 1 1 0 1
CP000800_1765871_1766061 0 1 0 1 1 0 1
CP000800_191227_191486 1 0 1 1 0 0 1
CP000800_1925568_1925916 0 0 0 1 1 1 1
CP000800_1926349_1926462 0 0 0 1 1 1 1
CP000800_200988_201111 0 0 0 1 0 1 1
CP000800_2128877_2128927 0 0 0 0 0 0 1
CP000800_24291_24395 0 0 0 0 0 0 1
CP000800_2879070_2879243 0 0 0 1 0 0 1
CP000800_2880783_2881050 1 0 1 1 0 0 1
CP000800_2979638_2979874 0 0 0 1 0 0 1
CP000800_3274930_3275146 1 0 1 1 0 0 1
CP000800_3758574_3758721 1 0 1 1 0 0 1
CP000800_3772361_3772430 1 0 1 1 0 0 1
CP000800_3786034_3786106 1 0 1 1 0 0 1
CP000800_3788219_3788317 1 0 1 1 0 0 1
CP000800_3788786_3788884 0 0 0 0 0 0 1
CP000800_4127608_4127826 1 0 1 1 0 0 1
CP000800_4240156_4240208 1 0 1 1 0 0 1
CP000800_4242779_4242842 0 0 0 0 0 0 1
CP000800_4259063_4259190 1 0 1 1 0 0 1
CP000800_4287469_4287601 0 0 0 0 0 0 1
CP000800_4360639_4360929 1 1 0 1 0 0 1
CP000800_4454567_4454711 0 0 0 0 1 0 1
CP000800_4512580_4512698 1 0 0 1 0 0 1
CP000800_4512853_4512969 0 0 0 0 0 0 1
CP000800_4517517_4517570 0 0 0 0 0 0 1
CP000800_4537118_4537306 0 0 1 1 0 0 1
CP000800_4732325_4732412 0 0 0 0 0 0 1
CP000800_4734075_4734162 0 0 0 0 0 0 1
CP000800_4951398_4951472 0 0 0 0 0 0 1
CP000800_4978271_4978368 0 0 0 0 0 0 1
CP000800_898267_898474 0 0 0 0 0 0 1
CP003200_1196490_1196707 0 0 0 0 1 0 1
CP003200_129236_129417 1 0 0 1 1 0 1
CP003200_1648795_1648914 0 1 1 1 0 0 1
CP003200_1732443_1732603 0 0 0 1 0 0 1
CP003200_1846320_1846617 0 0 0 1 0 0 1
CP003200_1932897_1933186 0 0 0 1 1 0 1
CP003200_3160660_3160856 0 0 0 1 1 1 1
CP003200_3344025_3344096 0 1 0 0 0 0 1
CP003200_3838233_3838497 0 0 0 1 1 0 1
CP003200_3908460_3908780 0 0 1 1 1 0 1
CP003200_394729_394802 0 0 0 0 0 0 1
CP003200_4037337_4037557 0 0 0 1 1 1 1
CP003200_4086863_4086970 0 0 0 0 1 0 1
CP003200_4636995_4637084 1 0 1 1 0 0 1
CP003200_4650873_4650987 0 0 0 0 0 0 1
CP003200_4726877_4727051 0 0 1 1 0 1 1
CP003200_4746051_4746145 0 0 0 0 0 0 1
CP003200_4859473_4859732 0 0 0 1 1 1 1
CP003200_4860168_4860387 0 0 0 1 1 1 1
CP003200_4873856_4873924 1 0 1 1 0 0 1
CP003200_4881054_4881128 0 0 0 0 0 0 1
CP003200_5266449_5266648 0 0 1 1 1 0 1
CP003200_867205_867382 0 0 0 0 1 1 1
FN543502_1131389_1131521 0 0 0 0 0 0 1
FN543502_1243354_1243427 1 0 1 0 0 0 1
FN543502_1247226_1247510 0 0 1 1 0 1 1
FN543502_1434701_1434823 1 0 1 0 0 0 1
FN543502_1920141_1920401 1 0 1 1 0 0 1
FN543502_27006_27106 0 1 0 0 0 0 1
FN543502_3885865_3885968 0 0 0 1 0 0 1
FN543502_3963051_3963133 1 0 1 1 0 0 1
FN543502_3967233_3967350 1 0 0 0 0 0 1
FN543502_3967506_3967621 1 0 0 1 1 0 1
FN543502_4016773_4016890 1 0 0 0 0 0 1
FN543502_4407566_4407728 0 0 0 1 0 0 1
FN543502_4757060_4757183 0 0 0 0 0 0 1
U00096_1019269_1019476 0 1 0 1 0 0 1
U00096_1112735_1112801 1 0 1 1 0 0 1
U00096_1146761_1146843 1 0 1 1 0 0 1
U00096_1150625_1150837 0 0 0 1 0 0 1
U00096_1797771_1797825 0 1 0 0 0 0 1
U00096_1798021_1798119 0 0 0 1 0 0 1
U00096_2175224_2175429 1 0 1 1 0 0 1
U00096_223406_223770 1 0 1 1 0 0 1
U00096_2414911_2415102 1 0 0 1 0 0 1
U00096_2588728_2588828 1 0 1 1 0 0 1
U00096_2748080_2748136 1 0 1 1 0 0 1
U00096_3039090_3039334 0 0 0 0 0 0 1
U00096_3069264_3069480 1 0 1 1 0 0 1
U00096_3264048_3264148 0 0 1 1 0 0 1
U00096_3376671_3376891 0 1 0 0 0 0 1
U00096_3440570_3440639 1 0 1 1 0 0 1
U00096_3446169_3446335 1 0 1 1 0 0 1
U00096_3451290_3451529 0 1 0 0 1 0 1
U00096_3469349_3469421 1 0 1 1 0 0 1
U00096_3472101_3472199 0 0 0 0 0 0 1
U00096_3472572_3472699 0 0 0 0 0 0 1
U00096_3886530_3886752 0 0 1 0 0 0 1
U00096_3931237_3931381 1 0 1 1 1 0 1
U00096_3935189_3935316 1 0 1 1 0 0 1
U00096_4033174_4033553 1 0 1 1 0 0 1
U00096_4126416_4126694 0 0 0 1 0 0 1
U00096_4164306_4164681 1 0 1 1 0 0 1
U00096_4178514_4178582 0 0 1 0 0 0 1
U00096_4198115_4198303 0 0 1 1 0 0 1
U00096_4245920_4245993 0 0 0 1 0 0 1
U00096_4261103_4261270 1 0 1 1 0 0 1
U00096_460464_460674 1 0 0 1 0 0 1
U00096_4623884_4623934 1 0 1 1 0 0 1
U00096_596194_596353 1 0 1 1 0 0 1
U00096_738074_738223 0 0 0 0 0 1 1
U00096_802541_802725 1 0 1 1 0 0 1
U00096_952775_952831 0 0 0 0 0 0 1
U00096_961105_961217 0 0 1 0 0 0 1
U00096_962898_963062 1 0 1 1 0 0 1
