#start	end	length	mean	median	max
1	653	653	1.06	0	5
2010	2025	16	60.31	71	77
4185	4481	297	1.77	2	11
6900	7270	371	106.35	35.5	658
10204	10225	22	11.95	14	15
11081	11611	531	4.21	2	63
12869	13058	190	7.43	8	15
13314	13328	15	138.67	150	181
14586	14692	107	19.80	14	50
15161	15331	171	9.49	8	21
16907	17042	136	0.62	0	4
17892	18330	439	141.18	5	1619
19540	19642	103	8.22	7	17
23880	24110	231	2.34	2	4
25791	26015	225	4.79	4	14
26925	27118	194	7.45	8	22
29716	29787	72	6.62	6	16
30328	30476	149	6.74	2	34
30900	31041	142	3.08	3	8
31612	31773	162	4.94	5	13
33163	33174	12	25.58	29	30
34168	34186	19	5.74	6	9
34898	35023	126	1.04	1	2
37979	38092	114	6.19	6	13
39005	39041	37	8.46	11	14
40233	40297	65	4.08	4	6
41321	41586	266	1.38	1	5
42346	42475	130	1.96	2	3
42830	42890	61	2.66	2	7
43611	43826	216	1.05	1	3
44568	44730	163	2.41	1	8
46252	46637	386	1.49	0	10
46992	47015	24	2.04	2	3
48009	48184	176	0.41	0	3
50429	50443	15	3.20	4	4
51143	51459	317	57.46	55.5	171
52318	53048	731	5.98	3	23
53922	54059	138	5.35	2	17
54270	54481	212	7.26	4	32
54878	55045	168	44.51	15	143
56614	56650	37	2.41	2	4
57962	58027	66	5.64	6	9
58892	59381	490	24.46	13	113
59862	60076	215	18.59	17.5	44
60968	61095	128	11.06	8	43
62555	62627	73	0.00	0	0
63534	63668	135	3.58	4	7
64398	64672	275	2.98	3	7
65075	65146	72	0.19	0	1
65888	66074	187	1.89	2	5
67179	68095	917	16.55	4	133
68765	68796	32	1.28	1	2
69973	69975	3	1.33	2	2
71332	71488	157	1.40	0	21
72674	72781	108	1015.81	940	1851
73706	73713	8	116.50	132	142
77396	77506	111	18.86	16	75
77580	77641	62	39.74	32	113
78818	78866	49	3.24	3	5
80856	81212	357	1478.41	3	8003
82812	82905	94	5.26	6	8
84475	84554	80	17.57	18	29
84867	85024	158	5.94	4	19
85604	85692	89	7.91	8	12
89371	89550	180	1.88	1	7
91631	91807	177	4.04	0	17
95350	95580	231	60.20	1	824
98081	98309	229	10.02	3	38
99084	99131	48	1.83	2	3
99576	99688	113	2.64	1	7
103661	103877	217	4.06	4	6
104340	104747	408	23.61	17	51
108311	108376	66	10.17	8	27
109754	109945	192	10.46	7	35
111137	111299	163	1.16	1	7
111639	111755	117	3.84	4	11
112206	112237	32	3.25	3	6
114926	114930	5	1.20	1.5	2
115999	116249	251	1.80	1	9
118256	118382	127	3.40	2.5	16
119241	119361	121	4.19	5	9
119935	120044	110	2.95	3	7
120639	120943	305	9.18	1	37
122222	122241	20	2.85	3	3
123046	123146	101	62.44	16.5	216
123414	124043	630	3.63	1	40
126881	127188	308	5.14	5	12
130456	130772	317	2.14	2	6
132015	132221	207	3.37	2	21
133976	133977	2	10.50	21	21
135346	135350	5	52.40	65	67
135726	135761	36	5.36	7	8
136863	136966	104	5.11	2	22
137949	138447	499	2.49	1	21
140185	140194	10	8.40	9	10
141491	141569	79	68.76	76	128
142795	142871	77	2.55	2	7
143472	143587	116	3.34	2	10
146894	146992	99	5.30	5	11
148874	148877	4	20.50	28	28
149793	149797	5	38.00	47.5	48
151322	151761	440	17.24	8	62
154228	154333	106	45.06	44	81
155063	155244	182	13.02	12	24
155428	155786	359	4.45	2	29
156477	156479	3	12.00	18	18
157548	157649	102	6.72	7	13
163275	163367	93	5.27	6	10
165964	165976	13	81.00	86	100
167003	167050	48	15.54	8	46
169127	169314	188	2.94	1	15
170647	170702	56	1.54	1	3
172761	172913	153	31.44	14	1448
173317	173400	84	57.75	33	350
174847	174881	35	2.66	3	4
176055	176090	36	2.75	3	3
176451	176651	201	10.72	12	20
176883	177532	650	15.14	15	48
177824	178307	484	1.40	1	10
179676	179809	134	4.69	4	7
181148	181179	32	3.62	5	5
182548	182739	192	0.32	0	1
183802	184404	603	1.46	1	8
184918	185907	990	2.79	1	19
186220	187001	782	3.69	3	14
187887	188235	349	1.62	1	6
189112	189143	32	1.38	1	2
190302	190330	29	2.62	3	3
191283	191459	177	0.44	0	3
191937	192159	223	0.47	0	1
193135	193390	256	14.62	15	28
193850	194021	172	1.91	2	4
194301	194760	460	1.36	1	3
195580	195662	83	24.06	28.5	40
196116	196285	170	2.22	2	7
197168	197444	277	0.69	1	2
197853	197955	103	1.84	1	7
200185	200452	268	6.46	2	35
201017	201208	192	0.48	0	2
201932	202063	132	1.08	0	12
202922	203004	83	0.00	0	0
208721	208879	159	1.30	1	9
209852	209966	115	2.90	3	7
210807	211022	216	1.27	1	2
211932	211980	49	4.82	5	7
212431	212761	331	1.35	1	4
214256	214502	247	3.90	2.5	11
215385	215390	6	1.67	2	2
217067	217227	161	1.14	1	2
218653	218774	122	25.16	25	46
219849	219992	144	10.56	11	20
220857	220961	105	0.93	0	3
221181	221235	55	0.04	0	1
222187	222393	207	3.48	2	13
222976	223100	125	2.74	3	4
223293	223446	154	7.89	6	20
225694	225827	134	0.96	1	4
226830	227033	204	0.97	1	2
228306	228666	361	1.10	1	4
228982	229091	110	20.86	17	37
230121	230238	118	5.36	5	10
231607	231608	2	6.50	13	13
232596	232598	3	3.33	5	5
235692	235776	85	0.99	1	1
236473	236491	19	4.47	5	5
238028	238034	7	9.43	10.5	14
238446	238463	18	1.89	2	2
238632	238637	6	0.00	0	0
241695	241715	21	7.81	9	12
243681	243720	40	1.93	2	3
244342	244590	249	4.43	4	10
244990	245096	107	6.95	7	11
246510	246606	97	1.15	1	4
248669	248790	122	2.30	2	4
249001	249088	88	11.42	11	18
250663	250724	62	15.95	16	24
251577	251588	12	1.83	2	2
251940	251955	16	1.69	1	3
254242	254258	17	0.94	1	1
255777	255880	104	0.00	0	0
256730	256773	44	3.07	3	4
260738	260922	185	2.92	2	7
262027	262199	173	35.08	37	62
263763	263912	150	1.35	1	3
264744	264957	214	1.67	2	4
267085	267233	149	5.02	5	11
269790	270035	246	1.46	1	4
270567	270685	119	1.59	1	4
272276	272576	301	4.98	4	13
277119	277483	365	0.82	1	3
277985	278059	75	1.60	1	3
280037	280319	283	4.80	3	17
281112	281130	19	16.32	18	20
283922	284007	86	8.49	6	17
284785	285046	262	2.49	2	6
285977	286102	126	4.78	5	7
286988	287202	215	10.64	7	39
287800	288007	208	1.64	1	3
289400	289453	54	1.72	2	3
292832	293013	182	0.00	0	0
293737	293970	234	5.70	4	18
294922	295083	162	4.90	5	9
295423	295511	89	3.61	4	8
296664	296784	121	1.70	1	6
298027	298357	331	1.41	1	10
298634	298793	160	5.08	4	13
299487	299523	37	2.14	3	4
300163	300257	95	5.46	5	13
300825	300981	157	2.45	2	6
303353	303411	59	12.58	11	29
304402	304580	179	1.45	1	4
306522	306542	21	3.81	4	4
308325	308512	188	0.64	1	2
308909	309425	517	4.41	3	23
309603	309671	69	2.10	3	3
310308	310566	259	3.97	3	12
311839	311919	81	2.07	2	3
312616	312672	57	22.28	15	37
314212	314442	231	0.77	1	2
314875	314891	17	3.53	4	4
315942	316126	185	0.66	1	1
316721	316800	80	1.21	1	3
318361	318429	69	5.26	5	8
320471	320555	85	4.49	5	7
320937	320938	2	0.00	0	0
322178	322270	93	0.00	0	0
323132	323553	422	0.70	0	3
326902	327061	160	6.49	6	14
328559	328626	68	4.04	3	7
330847	330851	5	4.80	6	6
332265	332289	25	5.88	4	10
333454	333621	168	3.29	1	12
334501	334724	224	1.20	1	8
335907	335976	70	26.14	18	54
336751	336960	210	1.59	2	4
338170	338277	108	6.23	5	16
339400	339638	239	2.65	3	7
340320	340354	35	8.63	8	13
341201	342004	804	21.87	5	284
342620	342645	26	0.00	0	0
343624	343694	71	30.24	27.5	47
345777	345807	31	17.84	19	21
347011	347088	78	2.06	2	4
348294	348414	121	0.62	1	1
350851	350966	116	8.69	8	22
351657	351695	39	9.00	4	24
353399	353424	26	2.50	3	4
356092	356218	127	7.35	6	18
358528	358531	4	7.75	10	11
359021	359029	9	3.00	3	4
359573	359860	288	22.09	4	125
361402	361477	76	148.37	11	556
361551	361719	169	85.12	51	622
364619	364722	104	32.80	20	133
364838	364945	108	96.07	92	1241
365019	365093	75	131.73	110	246
365176	365198	23	271.48	295	331
365270	365324	55	419.67	497.5	644
365398	365434	37	660.89	762.5	793
366623	366684	62	153.92	129	291
366758	366773	16	111.31	132	143
367694	367806	113	85.10	74	249
368239	368250	12	246.25	257	416
368944	369118	175	303.19	137.5	1022
369650	369682	33	364.06	367	495
370061	370154	94	178.70	29	834
374259	374307	49	130.04	129	178
378553	378668	116	86.57	84	167
379047	379069	23	1481.04	1690	2091
379595	379611	17	226.59	233.5	265
381694	381716	23	119.17	126	130
382905	382912	8	125.00	143	143
383228	383264	37	172.76	178	232
384518	384534	17	131.47	135	216
384811	384824	14	398.93	423	515
385650	385873	224	132.80	137	240
386292	386296	5	181.00	230	246
386951	386969	19	87.95	79	121
387381	387382	2	64.50	129	129
387575	387578	4	123.50	164	167
387831	387921	91	73.66	74	98
388285	388299	15	189.67	202.5	247
388627	388635	9	92.89	104	107
389194	389223	30	124.70	130	157
389509	389539	31	157.10	162.5	188
389927	389946	20	421.45	446	592
390854	390865	12	186.67	210	236
391370	391374	5	197.20	242	260
391558	391559	2	28.00	56	56
393323	393341	19	65.84	71.5	77
393453	393532	80	36.10	29	55
393887	393912	26	316.54	401	407
394309	394327	19	221.47	240.5	272
394946	394966	21	135.43	145	183
395957	395977	21	180.14	189.5	241
396359	396428	70	27.76	35	53
396915	396991	77	7.13	8	12
398357	398520	164	1.31	1	4
399277	399349	73	22.68	25	40
400657	400663	7	58.29	68.5	75
401954	401956	3	20.00	30	30
404070	404181	112	9.81	8	18
404485	404661	177	1.88	2	3
407350	407662	313	17.89	13	79
408494	408710	217	5.07	2	16
409138	409314	177	0.44	0	1
410680	410770	91	15.70	14	43
411113	412547	1435	12.94	11	40
413184	413498	315	92.17	43	410
413883	414140	258	0.43	0	7
414738	414779	42	5.14	6	7
419067	419231	165	3.64	3	10
422621	422626	6	17.00	21	22
423344	423534	191	1.28	1	3
424569	424814	246	2.27	3	3
425295	425368	74	0.91	1	4
428222	428406	185	9.02	3	39
428986	428998	13	23.92	26	30
430016	430044	29	9.45	12	12
431720	431781	62	2.69	1	8
431893	431952	60	42.33	44	57
433009	433097	89	1.18	1	2
433635	433821	187	3.22	2	8
434527	435143	617	14.30	11	53
436005	436107	103	3.43	3	7
436561	436578	18	39.56	42	46
436942	436970	29	88.00	87	118
438496	438584	89	25.49	24	46
439959	440212	254	3.59	2	13
440885	441320	436	4.09	4	16
443022	443203	182	2.43	2	5
444746	445084	339	2.68	2	13
447066	447267	202	7.57	9	15
447607	447821	215	22.68	19	47
448263	448283	21	3.67	4	6
448830	449519	690	2.30	2	7
452661	452672	12	3.08	4	4
453312	453680	369	13.08	12	27
454587	454592	6	3.33	4	4
454836	455155	320	1.56	1	6
460801	460915	115	21.61	19	40
462335	462426	92	5.23	3	13
463774	463901	128	2.70	3	4
464136	464224	89	1.61	2	3
464762	464891	130	1.68	1	6
465888	465997	110	306.41	93	1588
466229	466587	359	105.95	5	1591
466897	467112	216	8.70	8	21
467539	467558	20	0.80	1	1
468909	469035	127	3.79	3	8
471862	471885	24	3.08	4	4
472264	472267	4	4.50	6	6
472793	472960	168	111.97	1	1113
473570	473738	169	4.28	4	10
474546	474810	265	0.10	0	1
476809	477095	287	3.37	3	7
477312	477489	178	7.29	5	18
478537	478630	94	7.49	4	20
478841	479013	173	19.84	10	75
479272	479274	3	18.67	28	29
479617	479718	102	7.57	6	14
480079	480147	69	3.39	4	4
480745	480921	177	8.85	1	42
484410	484815	406	10.59	5	36
485383	485396	14	150.79	168	172
485679	485696	18	30.00	35	37
486333	486334	2	21.00	42	42
487418	487424	7	60.14	72	72
490569	490585	17	46.88	51	52
491393	491402	10	83.00	99	106
491985	492129	145	140.00	82	413
492409	492590	182	23.53	7	196
493233	493270	38	57.55	61	74
496298	496445	148	15.70	3	57
497700	497704	5	2.40	3	3
500624	500625	2	3.50	7	7
501409	501695	287	6.43	5	18
503283	503311	29	7.86	8	10
504179	504182	4	14.25	19	20
505530	505538	9	5.00	5	8
506019	506034	16	44.75	42	68
506470	506478	9	0.89	1	1
508462	509029	568	28.27	8	233
510659	510662	4	29.25	39	39
511512	511960	449	1.41	1	10
512732	512911	180	10.42	5	61
513920	514071	152	30.54	30	56
514816	514889	74	1.81	2	3
515430	515575	146	6.63	2	24
515870	516083	214	3.36	2	9
516825	517067	243	14.68	13	29
517335	517527	193	16.65	11	41
517825	517853	29	27.34	27.5	45
519246	519457	212	12.71	5	151
519620	519636	17	191.12	184	262
519871	519970	100	12.96	3	37
520130	520138	9	0.00	0	0
521953	522032	80	5.28	3	12
523518	523727	210	2.86	3	6
525785	525921	137	21.12	17.5	49
527215	527437	223	8.58	7	21
528011	528189	179	1.78	1	4
528622	528684	63	2.10	2	3
528973	529249	277	1.47	1	6
529562	529837	276	0.93	1	4
534308	534312	5	2.40	3	3
535426	535516	91	5.35	5	10
536990	537106	117	0.71	1	1
538283	538357	75	31.28	11.5	101
539693	539775	83	166.19	124.5	287
542447	542924	478	8.14	8	27
544194	544545	352	9.61	2	30
547453	547577	125	7.90	8	17
549936	550051	116	14.29	13	23
550550	550565	16	367.50	352	483
551664	551702	39	23.64	29	30
552920	552925	6	9.83	12	13
553328	553351	24	12.21	12	16
554630	554770	141	11.70	10	31
555890	556664	775	4.75	4	15
557595	557617	23	0.96	1	1
558404	558433	30	1.40	1	2
559262	559573	312	9.77	2	54
560420	560930	511	1.13	1	3
563142	563555	414	2.98	3	5
565350	565503	154	4.38	3	10
566065	566132	68	21.66	24	28
566207	566511	305	0.73	1	3
567136	567167	32	13.38	12	24
567600	567696	97	0.56	1	2
568846	569139	294	6.78	1	36
569871	569874	4	37.00	49	50
571642	571656	15	53.20	56.5	61
572377	572412	36	90.78	91	140
575245	575282	38	23.74	27	32
576510	576518	9	41.00	48	51
577737	577813	77	58.83	60	92
578687	579102	416	12.18	4	75
579748	580362	615	52.53	9	300
580736	580804	69	30.75	14	185
581192	581843	652	4.59	4	16
583125	583329	205	4.14	1	19
584812	585003	192	49.41	48	103
585283	585346	64	26.53	10	71
586446	586473	28	66.82	51	129
586672	586675	4	7.75	7	17
589556	589655	100	7.36	8	15
591870	592082	213	3.08	2	10
592854	592882	29	2.97	2.5	5
593201	593226	26	6.19	6	14
593288	593344	57	1.53	1	3
594227	594469	243	0.71	1	2
595535	595848	314	1.04	1	6
595920	595976	57	11.00	13	17
596595	596671	77	3.26	3	6
597494	597906	413	14.80	3	54
599092	599135	44	34.75	33	50
599532	599793	262	2.02	0	25
600538	600718	181	114.33	52.5	541
601463	601594	132	20.27	16	58
601991	602137	147	5.52	6	10
602492	602738	247	7.07	4	65
603807	603866	60	2.43	3	5
605012	605144	133	4.54	5	10
606576	606768	193	7.08	7	24
608038	608220	183	36.46	13	129
609762	609837	76	155.29	12	560
609911	610079	169	79.20	35	585
612979	613082	104	36.08	19	168
613198	613386	189	17.99	3	1328
613921	613929	9	8.78	10	10
615292	615518	227	4.73	2	17
616497	616596	100	0.48	0	1
616780	616846	67	69.07	71	91
617324	617365	42	3.57	3	5
618617	618628	12	23.08	24	28
619298	619487	190	1.52	1	3
620250	620554	305	2.01	1	9
621528	621579	52	11.06	12	19
622471	622586	116	10.28	10	16
622971	623077	107	2.03	2	3
624587	624653	67	15.81	18	23
624912	625022	111	6.01	6.5	12
625395	625406	12	16.25	18	18
625986	626234	249	1.73	1	5
626418	626433	16	28.62	28	52
627247	627275	29	0.97	1	1
627969	628113	145	1.09	1	2
630313	630315	3	2.00	3	3
630733	631253	521	11.54	11	22
633012	633436	425	2.27	1	11
635337	635340	4	3.75	5	5
639054	639091	38	14.68	14	27
639461	639465	5	8.00	10	10
640417	640491	75	2.07	1	5
641404	641652	249	2.93	3	9
643605	644248	644	8.57	6	55
645560	645621	62	21.84	20	44
646666	646868	203	28.54	18.5	89
647190	647399	210	0.24	0	2
647802	647839	38	1.16	1	2
648551	648781	231	0.46	0	1
650030	650435	406	3.19	2	10
651525	651686	162	7.36	8	12
652257	652575	319	3.52	1	13
652954	653056	103	3.90	2	14
654029	654120	92	0.11	0	1
655543	655705	163	1.23	1	3
657647	657759	113	39.36	33	88
658150	658288	139	16.42	12.5	39
658664	658818	155	23.02	21	45
660172	660199	28	1.61	2	2
662405	662484	80	5.15	4	9
662932	662945	14	9.79	11	11
666462	666467	6	1.67	2	2
668578	668592	15	2.00	2	3
669298	669521	224	2.17	2	6
670425	670558	134	34.34	1	183
671906	672195	290	2.94	2	12
673675	673831	157	3.24	3	8
674495	674544	50	2.86	3	4
675814	675828	15	80.73	104	107
678330	678518	189	1.25	1	5
680392	680593	202	7.69	7	22
682166	682214	49	8.92	9	12
683451	683867	417	1.43	1	5
688329	690882	2554	16.78	11	156
692926	693106	181	5.49	5	20
693704	693820	117	11.98	7	28
695225	696022	798	4.97	4	17
697566	697704	139	21.91	11	97
697930	698058	129	10.47	5	36
699292	699504	213	34.53	31	102
702053	702083	31	7.68	7	12
702900	703072	173	7.33	4	22
704297	704467	171	42.74	36	134
705656	705668	13	20.08	21	24
706416	706806	391	0.67	0	3
707662	707666	5	16.40	20.5	22
709407	709426	20	10.65	11	13
710546	710547	2	2.00	4	4
711670	711680	11	10.64	12	12
713118	713453	336	5.13	5	10
715272	715276	5	4.00	5	5
715928	716145	218	5.88	3	25
718246	718249	4	307.75	412	413
718506	718788	283	4.02	2	14
719869	719986	118	1.81	1	5
722201	722244	44	6.45	5	13
723007	723046	40	28.18	26	36
724623	724644	22	16.95	17	21
726278	726556	279	3.77	1	40
726821	726982	162	37.48	24	90
727745	727872	128	0.29	0	1
730612	730824	213	8.15	4	27
732091	732159	69	18.10	18	27
733649	733665	17	8.94	9.5	10
734782	734907	126	3.39	3	7
736312	736391	80	4.40	3	8
737697	737788	92	5.00	4	12
739577	739734	158	1.21	1	6
740023	740046	24	188.62	207	209
741697	741821	125	32.34	6	190
742260	742488	229	11.86	12	34
744634	744891	258	22.98	16	63
746770	746893	124	0.48	0	2
748712	748802	91	2.89	3	5
753081	753444	364	61.59	31	276
755212	755315	104	0.00	0	0
758163	758171	9	1.11	1	2
759882	759970	89	19.66	18.5	38
762275	762467	193	0.71	0	3
763317	763336	20	3.70	4	4
764702	764715	14	12.86	13	19
765388	765483	96	0.38	0	1
766729	766812	84	17.95	16	44
767839	767883	45	20.91	21	30
769555	769598	44	39.32	41	69
770208	770319	112	11.90	3	41
771180	771221	42	8.29	8	13
772392	772450	59	14.66	14	22
773411	773425	15	10.40	11	13
774413	774671	259	4.02	1	25
776690	776718	29	25.52	29	30
777412	777413	2	6.50	13	13
779412	779575	164	2.53	1	8
781299	781433	135	0.64	1	1
782445	782547	103	1.62	2	3
783007	783097	91	2.45	2	6
784343	784466	124	8.64	8	16
787230	787490	261	2.17	2	7
790536	790654	119	10.71	8	19
791915	792157	243	0.62	1	2
792560	792627	68	40.93	18	116
793063	793189	127	1.13	1	2
793499	793528	30	83.33	88	113
794780	794784	5	22.40	28	28
795250	795381	132	34.63	36	67
796700	796791	92	11.38	9	24
797272	797273	2	8.50	17	17
799053	799064	12	23.42	26	36
799701	799868	168	0.52	1	1
801315	801368	54	5.26	1	15
802977	803262	286	2.60	1	10
806527	806787	261	8.57	6	53
807220	807399	180	127.53	13	886
808780	808783	4	61.50	82	83
809855	809929	75	15.39	16	25
810377	810596	220	3.25	3	9
811119	811163	45	1.27	1	2
812415	812528	114	8.88	9	17
814370	814523	154	4.64	4	12
815511	816830	1320	11.35	8	81
818337	818377	41	5.02	5	7
819194	819355	162	0.78	0	6
822135	822149	15	89.33	96.5	110
823865	823866	2	16.00	32	32
825596	825608	13	46.08	42.5	69
827109	827200	92	0.27	0	1
827762	827764	3	11.67	17.5	18
829686	829723	38	5.03	6	9
831224	831338	115	7.03	2	69
832254	832276	23	9.83	10	13
834219	834335	117	0.40	0	2
834576	834579	4	4.50	6	6
835102	835677	576	17.06	15	60
837472	837476	5	9.80	12	13
838593	838605	13	23.00	21	38
840686	840700	15	4.33	4	7
841418	841735	318	2.56	1	19
843251	843473	223	5.42	5	14
847404	847411	8	32.88	38	38
848558	848573	16	0.00	0	0
849261	849511	251	3.63	3	9
849698	850245	548	3.23	2	11
851317	851431	115	8.91	10	13
853336	853549	214	0.22	0	2
854255	854761	507	1.63	1	13
855008	855135	128	35.31	8	161
857116	857280	165	1.32	1	8
858274	858279	6	1.00	1	2
859015	859098	84	0.85	1	1
861338	861689	352	10.80	8	36
862224	862555	332	2.74	2	12
865168	865268	101	26.65	5	81
866643	866843	201	5.68	1	84
867549	867704	156	66.37	63	148
868974	869087	114	2.66	2	7
870318	870830	513	0.43	0	2
871479	871491	13	21.31	23	24
871576	871760	185	0.36	0	1
872145	872250	106	7.44	5	26
873592	873668	77	3.06	3	5
876683	876837	155	3.65	2	17
878539	878743	205	4.47	4	7
880445	880676	232	10.53	10	26
881673	881899	227	2.19	1.5	14
884285	884528	244	15.07	13	29
889283	889376	94	4.37	4	8
889692	889883	192	28.91	19	102
892891	893087	197	1.23	1	2
893784	893883	100	4.03	3	9
895150	895553	404	92.12	54	349
895887	895914	28	69.96	76	80
898186	898488	303	14.83	9	124
899572	899599	28	7.11	8	9
899891	900048	158	1.90	2	4
900826	900830	5	34.40	43	43
902079	902081	3	84.00	126	127
902454	902586	133	1.33	1	2
905423	905574	152	0.32	0	1
907982	907999	18	12.83	13	18
909917	910054	138	4.83	5	10
912096	912190	95	10.48	11	16
913076	913514	439	4.82	2	20
915872	915907	36	2.39	1	6
919187	919556	370	0.85	0	10
921127	921129	3	15.33	23	23
921604	921613	10	9.90	12	14
922220	922224	5	56.40	70.5	72
922504	922895	392	8.89	8	27
925155	925345	191	3.58	3	8
927268	927269	2	1.00	2	2
928284	928675	392	2.56	1	10
929267	929464	198	7.21	7	17
930878	930923	46	19.46	14	32
931203	931427	225	10.06	10	23
933788	933967	180	16.19	16	30
934757	934769	13	17.31	21	23
934899	934906	8	6.12	7	7
937815	937816	2	2.00	4	4
938895	939145	251	57.41	49.5	129
939548	939744	197	19.36	18.5	32
940294	940305	12	3.08	3	4
942130	942245	116	0.80	1	2
943398	943413	16	12.75	15	18
944191	944195	5	39.20	48	55
945252	945419	168	16.65	11	46
946284	946509	226	3.10	3	6
948088	948155	68	40.47	31	99
948579	948673	95	71.60	72	137
950093	950094	2	8.50	17	17
951515	951710	196	285.10	3	1313
951782	951910	129	6.55	3	39
952463	952718	256	1.11	1	6
953016	953281	266	0.91	1	2
954422	954485	64	13.28	14	17
955125	955299	175	27.89	26	71
955385	955609	225	1.71	0	22
956042	956167	126	5.69	1	16
957815	958331	517	5.61	2	35
959610	959935	326	6.33	4	26
961890	961895	6	2.50	3	3
962787	962855	69	11.71	11.5	19
964005	964155	151	0.41	0	7
966469	966772	304	3.28	2	15
968120	968327	208	9.18	8	25
970417	970768	352	7.09	7	15
971276	971283	8	10.62	13	13
971659	971742	84	3.25	3	5
972700	972974	275	2.03	1	7
973704	973917	214	0.48	0	2
976548	976936	389	9.98	5	48
977591	977597	7	96.57	114.5	116
978498	979028	531	39.25	34	158
980118	980239	122	7.80	4	19
980783	980994	212	22.60	20	45
981736	981794	59	24.73	26	42
982290	982308	19	134.63	143	187
982627	982719	93	2.30	3	3
983419	983507	89	1.58	2	3
983913	983991	79	1.39	1	2
984547	984835	289	1.51	1	8
985604	985894	291	4.48	4	13
986003	986178	176	0.65	0	3
987618	987676	59	22.02	20	39
987953	988335	383	16.10	17	38
989995	990017	23	13.48	15	17
991467	991513	47	16.00	17	24
993220	993470	251	0.70	1	2
994116	994157	42	23.21	19	36
995400	995809	410	11.18	9	46
996557	996572	16	65.25	69	81
997509	997522	14	21.07	21	28
998642	998715	74	26.69	21	67
1001098	1001251	154	22.78	27	47
1002260	1002678	419	6.53	4	32
1003741	1003746	6	5.00	6	6
1005490	1005495	6	15.00	19	19
1007590	1008037	448	29.37	15	103
1011107	1011217	111	35.25	37	57
1011647	1011772	126	24.46	17	179
1012757	1012871	115	19.40	20.5	28
1015665	1015762	98	10.87	9	21
1016126	1016426	301	15.29	16	31
1016988	1017169	182	6.30	3	22
1019357	1019600	244	7.05	4	20
1022724	1022939	216	1.99	1	6
1024552	1024609	58	12.05	13	18
1025783	1025947	165	1.27	1	3
1026836	1027066	231	0.26	0	1
1030627	1030957	331	38.29	8	451
1031630	1031850	221	11.90	0	101
1032655	1032668	14	4.93	5	7
1034109	1034156	48	31.10	33	45
1035033	1035061	29	11.03	11	13
1040167	1040245	79	2.20	2	5
1041506	1041511	6	33.50	43	43
1043590	1043778	189	2.07	2	4
1045828	1045931	104	16.69	19	23
1050457	1050533	77	4.73	5	5
1053978	1054065	88	12.08	12	17
1055305	1055636	332	4.19	1	39
1058027	1058083	57	8.40	8	12
1059959	1060106	148	19.73	19	39
1060698	1061064	367	2.03	2	5
1062784	1063226	443	0.20	0	3
1063965	1064068	104	5.42	5	8
1065530	1065912	383	0.16	0	2
1067056	1067074	19	1.89	2	2
1067145	1067615	471	5.98	2	62
1068372	1068445	74	3.89	3	6
1069523	1069544	22	1.73	2	2
1070382	1070519	138	0.18	0	1
1071024	1071091	68	4.93	5	8
1071512	1071614	103	11.72	12	22
1071861	1072219	359	3.53	1	23
1074450	1075235	786	0.85	1	3
1076100	1076120	21	4.24	5	6
1078391	1078407	17	1.82	2	2
1078579	1078586	8	2.62	3	3
1080138	1080142	5	0.00	0	0
1081508	1081519	12	0.92	1	1
1085238	1085246	9	0.89	1	1
1088579	1088592	14	37.14	39	43
1089219	1089220	2	0.00	0	0
1089545	1089556	12	0.00	0	0
1090609	1090610	2	1.00	2	2
1092420	1092430	11	2.18	2	3
1092976	1092994	19	1.26	1	2
1093904	1094784	881	2.84	3	12
1097280	1097288	9	3.33	4	4
1100439	1100462	24	3.54	4	5
1102650	1103656	1007	6.47	4	30
1105562	1105578	17	13.47	15	16
1105972	1106002	31	2.55	3	3
1106198	1106387	190	0.17	0	1
1106637	1106699	63	2.25	2	3
1106871	1106966	96	4.58	5	8
1107495	1107778	284	7.62	7	21
1108661	1109617	957	19.11	14.5	68
1114520	1114600	81	2.12	2	3
1121519	1121778	260	6.46	7	14
1123987	1124128	142	1.82	2	3
1125008	1125146	139	2.43	2	4
1125519	1125521	3	7.67	11.5	12
1127822	1127824	3	8.00	12	12
1131487	1131627	141	78.33	70	156
1131970	1132174	205	1.88	1	5
1133852	1133865	14	14.21	15	16
1134070	1134217	148	2.11	1	9
1134743	1134771	29	19.59	20	24
1137844	1138083	240	8.09	4	26
1138549	1138656	108	0.00	0	0
1138822	1139066	245	1.33	1	2
1139382	1139569	188	0.80	1	3
1139864	1139871	8	2.00	2	3
1140535	1140536	2	2.50	5	5
1141032	1141101	70	3.89	4	8
1142679	1142680	2	11.50	23	23
1144652	1144668	17	4.35	5	5
1144861	1144896	36	92.28	40	237
1145284	1145317	34	2.79	3	4
1146185	1146244	60	18.10	18	29
1148445	1148452	8	8.00	9	10
1148639	1148724	86	9.85	10	14
1149415	1149419	5	12.00	15	15
1150096	1150106	11	22.27	25	28
1151529	1151868	340	42.23	16	296
1152307	1153999	1693	8.97	3	79
1156026	1156197	172	2.99	3	5
1157998	1158150	153	33.71	38	56
1158946	1158965	20	43.00	45	49
1159227	1159280	54	24.83	28	38
1159737	1159896	160	1.17	1	5
1160923	1161306	384	2.85	2	10
1162597	1162603	7	17.71	20.5	22
1164262	1164407	146	0.16	0	2
1164663	1164676	14	4.50	5	6
1164878	1164903	26	3.35	3	5
1165924	1165935	12	1.83	2	2
1167115	1167446	332	2.61	1	19
1167720	1167774	55	0.78	1	1
1168693	1168783	91	2.99	2	15
1169909	1170028	120	6.50	5	17
1171211	1171463	253	3.32	2	7
1171862	1172001	140	3.84	3	8
1173709	1173775	67	1.88	2	3
1174145	1174401	257	0.30	0	1
1174570	1174610	41	9.80	10	15
1175964	1176056	93	0.86	1	1
1176136	1176201	66	1.03	1	2
1177702	1177924	223	3.27	3	6
1178330	1178480	151	0.20	0	2
1179162	1179249	88	2.50	1	7
1181520	1181857	338	0.61	0	3
1183304	1183471	168	2.43	2	4
1185077	1185393	317	1.24	1	3
1187197	1187305	109	0.83	1	1
1187915	1188291	377	3.57	3	9
1188811	1189116	306	1.47	1	3
1189558	1190099	542	1.41	1	4
1190811	1191285	475	2.68	2	13
1196374	1196390	17	13.12	15	16
1199541	1199935	395	8.51	8	20
1201721	1202263	543	5.19	3	27
1202453	1202599	147	2.83	3	8
1203056	1203180	125	2.65	3	4
1203781	1204271	491	3.64	4	10
1205238	1205521	284	2.90	3	6
1206383	1206677	295	0.04	0	1
1207887	1207932	46	5.02	5	7
1208923	1209123	201	0.70	0	2
1209625	1209725	101	9.92	10	16
1210998	1211241	244	5.16	1	36
1211659	1211846	188	0.47	0	1
1212726	1212966	241	1.88	2	3
1215025	1215531	507	8.35	3	41
1216225	1216315	91	15.24	6	69
1216952	1217234	283	1.79	1	8
1217616	1217833	218	3.23	3	10
1218572	1218656	85	0.08	0	3
1221024	1221311	288	1.77	2	4
1222986	1223380	395	1.55	1	8
1225730	1225770	41	4.05	5	5
1226242	1226335	94	2.27	2	5
1227449	1227718	270	1.09	1	4
1228781	1229114	334	4.14	3	12
1230879	1231462	584	0.24	0	1
1232231	1232860	630	2.45	1	16
1234187	1234314	128	2.87	3	5
1235074	1235311	238	0.86	1	3
1235900	1236119	220	0.08	0	1
1236876	1237160	285	3.29	3	11
1240620	1240717	98	3.94	3	8
1242224	1242308	85	3.07	3	6
1242771	1243200	430	0.98	1	9
1244758	1244888	131	2.21	3	4
1246338	1246992	655	28.11	17	133
1248157	1248173	17	0.94	1	1
1248702	1248770	69	11.49	11	16
1250410	1250581	172	0.00	0	0
1251482	1252017	536	25.78	7	114
1252984	1253245	262	0.98	0	4
1256989	1257166	178	4.44	4	11
1257395	1257596	202	1.71	2	3
1258479	1258827	349	658.68	2	8001
1259332	1259592	261	1.85	1	25
1261900	1262031	132	1.79	1	5
1263511	1263573	63	5.97	6	10
1264075	1264366	292	5.87	4	24
1265876	1266055	180	8.52	4	20
1266836	1266925	90	5.83	6	10
1268003	1268081	79	3.78	4	7
1269603	1269763	161	2.76	3	5
1272105	1272592	488	10.34	2	97
1273673	1273914	242	23.42	9	92
1275592	1275651	60	10.28	8	19
1276846	1277253	408	1.66	1	8
1278016	1278129	114	1.67	2	4
1278898	1279270	373	2.38	2	11
1280306	1280409	104	17.14	8	54
1280653	1280972	320	0.43	0	2
1281633	1281790	158	6.49	5	19
1282520	1282692	173	0.52	0	2
1283977	1283990	14	3.07	3	4
1285143	1285387	245	2.16	2	6
1286183	1286249	67	1.81	1	3
1288260	1288485	226	0.47	0	10
1289005	1289129	125	2.48	2	6
1291395	1291550	156	0.67	0	2
1292910	1292947	38	0.84	1	2
1294040	1294100	61	0.89	1	2
1294518	1294668	151	3.99	3	9
1296154	1296251	98	2.13	2	4
1299161	1300273	1113	148.13	6	1243
1301207	1301487	281	2.08	2	5
1302934	1302986	53	2.62	3	4
1305862	1305871	10	7.70	9	9
1306337	1306464	128	4.70	4	20
1308921	1309095	175	6.28	8	13
1310986	1311079	94	4.67	4	7
1313465	1313597	133	4.32	3	11
1313683	1313841	159	2.47	1	19
1314622	1314771	150	8.27	7	20
1315714	1315827	114	7.82	7	15
1317721	1317729	9	13.11	14.5	17
1318729	1318790	62	0.82	1	1
1319961	1320048	88	2.51	2	5
1321234	1321345	112	5.97	6	9
1322099	1322189	91	9.53	8	22
1327008	1327010	3	5.33	8	8
1328304	1328311	8	0.88	1	1
1329248	1329255	8	5.25	6	6
1329490	1329861	372	26.10	21	122
1331392	1331409	18	60.44	61	76
1332544	1332771	228	48.76	41	131
1333402	1333646	245	65.63	8	383
1333884	1334395	512	252.06	144	1511
1334966	1335127	162	18.61	17	52
1335581	1335612	32	6.88	6	11
1336030	1336109	80	0.25	0	1
1337441	1337472	32	5.84	6	7
1338142	1338387	246	1.17	1	4
1339357	1339416	60	1.02	1	2
1339978	1340221	244	0.74	1	2
1341527	1341673	147	5.33	5	9
1342622	1342823	202	20.95	10	86
1343214	1343218	5	40.80	53	53
1343639	1343652	14	34.50	37	45
1344328	1344443	116	117.98	122	213
1345755	1345767	13	68.77	73	87
1346512	1346660	149	23.91	22.5	49
1347444	1347458	15	7.27	8	9
1349291	1349295	5	21.60	27	28
1350178	1350229	52	18.21	20	28
1352177	1352182	6	73.33	72	125
1353416	1353612	197	3.17	3	5
1355407	1355801	395	26.46	21.5	91
1358062	1358461	400	1.36	1	4
1359128	1359265	138	0.78	1	1
1361034	1361649	616	3.93	2	20
1362448	1362987	540	6.59	4	28
1364185	1364343	159	0.47	0	1
1364770	1364927	158	0.23	0	1
1366903	1367038	136	2.67	2	6
1368011	1368029	19	4.58	4	7
1368643	1368712	70	0.96	1	2
1371380	1371546	167	6.20	6	12
1372624	1372684	61	7.59	8.5	10
1373396	1373486	91	0.73	1	1
1374294	1374381	88	2.05	2	3
1380870	1380875	6	0.83	1	1
1381412	1381428	17	0.71	1	1
1384831	1384983	153	1.69	2	3
1385092	1385180	89	2.00	2	3
1385382	1385396	15	2.13	2	3
1386589	1386687	99	0.16	0	2
1387426	1387520	95	1.99	2	3
1387908	1388171	264	3.82	3	11
1388508	1388723	216	15.87	16	48
1389990	1390447	458	7.15	2	29
1391933	1392034	102	0.87	1	2
1394120	1394906	787	12.83	10	68
1395552	1395800	249	7.04	5	28
1396623	1397310	688	12.45	11	40
1399736	1400010	275	3.73	2	19
1400794	1401010	217	10.44	6	34
1401085	1401418	334	0.21	0	1
1402481	1402530	50	10.58	11	14
1402984	1403063	80	1.75	1	4
1403346	1403688	343	3.44	3	9
1405318	1405540	223	0.24	0	1
1407365	1407449	85	15.40	16	26
1407765	1407803	39	14.74	16	18
1408173	1408222	50	2.94	3	9
1409945	1410026	82	0.79	1	5
1410408	1410412	5	17.20	22	22
1411166	1411186	21	0.62	1	1
1411928	1411961	34	5.74	6	8
1413039	1413143	105	14.87	9	54
1414392	1414539	148	1.41	2	3
1415281	1415282	2	3.50	7	7
1416401	1416452	52	11.33	12	16
1416771	1416805	35	3.83	3	10
1418390	1418675	286	1.07	0	5
1420763	1420825	63	15.24	17	28
1421369	1421613	245	3.30	3	11
1423051	1423167	117	0.60	1	1
1423930	1423935	6	1.67	2	2
1424797	1425271	475	13.91	3.5	72
1426124	1426212	89	9.65	10	15
1426411	1426681	271	0.29	0	6
1429121	1429176	56	5.30	5	7
1429642	1429643	2	0.50	1	1
1430940	1431185	246	1.32	1	7
1431972	1431974	3	20.00	30	32
1432596	1432599	4	26.50	36	36
1433797	1433824	28	32.04	32	43
1436293	1436304	12	103.58	120	145
1437673	1437840	168	19.35	16	52
1439758	1439889	132	0.79	1	2
1440395	1440708	314	0.65	0	2
1444114	1444210	97	3.36	3	6
1444388	1444969	582	4.25	2	18
1445258	1445314	57	1.53	2	2
1446062	1446244	183	3.20	4	5
1447265	1447358	94	4.59	3	17
1448244	1448636	393	1.56	1	5
1448711	1448795	85	1.15	1	2
1450776	1450910	135	1.99	2	4
1452393	1452398	6	3.83	5	5
1454772	1454874	103	0.51	1	1
1455973	1455995	23	12.22	13	15
1458129	1458244	116	0.98	1	2
1462406	1462483	78	1.05	1	2
1463567	1463956	390	0.93	1	4
1464269	1464350	82	3.78	4	6
1466814	1466868	55	22.18	22	33
1468036	1468218	183	2.14	1	8
1468293	1468602	310	7.51	2	63
1471674	1471675	2	11.50	23	23
1473017	1473055	39	9.05	6	17
1474352	1474593	242	1.33	1	6
1475338	1475662	325	4.73	3	17
1476071	1476082	12	11.58	14	16
1477706	1477770	65	8.80	5.5	25
1478050	1478134	85	1432.24	244.5	8004
1479560	1479973	414	134.07	0	3614
1482890	1482894	5	28.80	36	36
1485049	1485052	4	5.25	7	7
1485542	1485645	104	24.65	25	37
1488115	1488182	68	3.71	3	9
1489716	1489824	109	0.79	1	2
1490959	1490970	12	54.58	56	74
1492489	1492610	122	83.18	79	147
1494978	1494995	18	59.17	62	79
1496178	1496280	103	14.67	16.5	22
1497454	1497608	155	0.34	0	1
1500531	1501019	489	0.07	0	1
1502148	1502288	141	2.40	2	5
1504665	1504981	317	1.51	1	3
1507817	1507922	106	2.45	3	4
1509120	1509218	99	1.18	1	4
1510626	1510640	15	22.53	22.5	30
1511199	1511213	15	13.40	14	19
1511985	1512003	19	0.05	0	1
1512904	1513118	215	3.64	2	13
1514694	1514896	203	11.33	3	52
1516766	1516879	114	40.54	29	193
1517174	1517291	118	3.05	3	18
1519393	1519615	223	2.46	2	6
1520189	1520301	113	1.20	1	3
1523295	1523436	142	0.39	0	2
1523905	1523915	11	4.64	5	7
1524252	1524358	107	0.68	1	1
1525799	1526020	222	0.47	0	3
1529220	1529235	16	19.12	21	25
1532577	1532785	209	19.19	21	39
1533161	1533359	199	0.11	0	1
1533831	1533944	114	0.07	0	2
1535352	1535419	68	32.47	33	52
1535810	1535947	138	7.80	9	13
1537031	1537305	275	4.33	1	21
1537732	1537819	88	2.82	2	6
1538009	1538016	8	93.12	107	110
1539993	1540021	29	30.10	29	55
1540967	1540980	14	36.07	36	54
1541725	1541811	87	87.08	87.5	143
1542058	1542079	22	112.64	131	169
1543316	1543318	3	72.00	108	108
1544315	1544316	2	6.50	13	13
1545855	1545983	129	17.01	14.5	48
1546323	1546356	34	2.44	3	3
1547167	1547280	114	3.68	3	8
1548379	1548436	58	1.02	1	2
1549727	1549804	78	5.10	5	9
1551083	1551306	224	1.74	2	4
1552480	1552518	39	7.44	7	11
1553902	1553993	92	1.28	1	3
1555143	1555197	55	22.25	23	30
1555966	1556213	248	1.45	1	8
1556808	1557150	343	16.66	12	72
1557859	1557869	11	48.18	53	53
1559710	1559773	64	3.36	3	6
1561247	1561342	96	21.02	12	65
1562612	1562839	228	2.61	0	20
1563719	1563780	62	7.60	5	15
1567475	1567482	8	20.62	24	25
1569474	1569478	5	185.00	231	232
1571216	1571330	115	64.34	4	187
1571619	1571667	49	6.61	4	13
1572835	1573100	266	11.76	5	59
1574214	1574216	3	33.00	49.5	50
1574904	1575092	189	2.40	1	42
1578469	1578476	8	14.75	17	18
1578963	1579077	115	2.61	2	6
1580457	1580592	136	15.99	11	42
1580989	1581070	82	0.00	0	0
1582865	1582896	32	6.62	7	9
1584495	1584509	15	1.20	1	3
1584903	1584943	41	1.12	1	2
1585760	1585924	165	0.38	0	4
1587963	1587972	10	51.40	48	73
1590244	1590515	272	2.38	2	5
1591979	1592223	245	8.32	7	19
1593439	1593440	2	13.50	27	27
1595549	1595786	238	4.62	3	11
1596570	1596956	387	0.57	1	2
1599567	1599655	89	2.04	2	3
1600646	1600789	144	15.32	20	35
1601099	1601434	336	32.78	7	129
1602320	1602448	129	5.42	5	9
1602965	1603091	127	11.03	9	28
1604475	1604505	31	5.77	6	8
1605760	1605882	123	0.67	0	4
1607215	1607222	8	26.25	30	33
1609425	1609467	43	3.42	3.5	6
1609831	1609891	61	15.93	18.5	26
1611083	1611089	7	19.57	23	24
1613626	1613696	71	4.65	6	11
1614699	1614783	85	6.68	6	12
1617490	1617734	245	34.23	33	77
1617891	1618096	206	14.37	15	33
1618925	1618971	47	21.83	22.5	31
1619716	1619955	240	1.79	1	6
1622599	1622737	139	0.37	0	2
1624397	1624709	313	10.93	6	33
1626090	1626116	27	0.37	0	1
1627062	1627064	3	1.33	2	2
1629543	1629679	137	1.59	2	3
1630618	1630638	21	23.95	28	30
1635978	1636052	75	2.29	2.5	4
1637091	1637291	201	17.48	15	36
1638126	1638273	148	0.62	0	4
1639861	1639916	56	8.18	8	10
1640724	1640924	201	3.77	1	14
1641324	1641411	88	2.78	2	6
1641931	1642052	122	0.00	0	0
1642581	1642833	253	0.47	0	3
1645429	1645641	213	3.61	3	15
1646671	1646837	167	7.50	8	33
1648161	1648273	113	1.10	1	2
1649513	1649568	56	0.00	0	0
1650589	1650735	147	0.51	1	1
1650952	1650967	16	1.06	1	2
1651388	1651436	49	0.69	1	1
1651728	1652065	338	4.85	3	28
1653860	1654078	219	3.89	3	11
1656779	1656921	143	12.10	8	30
1657858	1657931	74	3.18	3	5
1658472	1658522	51	5.73	6	8
1659222	1659723	502	3.67	1	17
1660186	1660523	338	18.69	6	139
1661961	1662036	76	16.11	16	26
1663687	1663728	42	23.88	26	35
1666408	1666419	12	11.42	12	13
1666807	1666847	41	7.71	9	10
1668775	1669096	322	5.98	4	26
1669916	1670044	129	0.00	0	0
1671335	1671349	15	31.07	37	38
1672184	1672452	269	11.59	13	25
1673050	1673061	12	6.67	7	10
1675096	1675214	119	1.59	2	3
1675827	1675883	57	4.77	5	13
1676613	1676653	41	0.83	0	2
1678852	1678857	6	16.33	20	20
1679992	1680080	89	3.85	3	8
1682628	1682631	4	11.50	15	16
1683199	1683243	45	27.93	28	35
1683568	1683752	185	1.79	1	5
1684494	1684754	261	4.13	2.5	16
1686477	1686484	8	87.38	101	101
1687703	1687744	42	5.29	6	7
1688612	1688627	16	6.94	7	9
1689864	1689940	77	3.91	4	6
1690532	1690549	18	9.00	10	11
1691003	1691138	136	0.50	0	3
1691952	1692078	127	17.58	15	34
1694645	1694852	208	19.70	16	51
1695642	1695723	82	0.99	1	2
1699331	1699655	325	13.33	7	70
1700955	1701367	413	2.13	1	14
1701961	1701965	5	1.00	1	2
1702695	1702964	270	2.66	1	42
1704695	1704751	57	0.00	0	0
1705172	1705238	67	16.10	16	28
1706625	1706631	7	52.57	62	62
1707793	1707810	18	0.72	1	1
1708483	1708502	20	15.25	16	22
1711097	1711278	182	4.74	4	12
1712437	1712447	11	118.18	130	134
1712922	1713007	86	9.12	8	16
1713890	1713953	64	1.36	1	2
1714587	1714677	91	29.32	25.5	81
1716854	1716912	59	3.22	2	8
1718620	1718669	50	13.86	10	22
1719405	1719560	156	1.51	2	5
1719966	1720056	91	3.57	3	7
1721377	1721537	161	0.55	0	2
1723597	1723601	5	8.20	10	12
1724712	1724885	174	8.04	5	22
1727103	1727277	175	1.91	2	3
1729420	1729477	58	1.90	2	2
1730195	1730284	90	1.66	2	2
1731026	1731263	238	27.08	8	144
1732212	1732216	5	2.40	3	3
1733285	1733482	198	0.91	1	3
1736855	1736885	31	5.42	5	7
1738979	1738986	8	14.38	16	17
1740435	1740445	11	9.55	10.5	13
1741133	1741147	15	18.27	19.5	21
1741541	1741546	6	16.50	20	24
1742576	1742703	128	0.05	0	1
1743265	1743360	96	1.23	1	3
1743808	1744047	240	13.42	15	29
1745104	1745136	33	9.09	8	35
1745683	1745705	23	30.17	31.5	38
1750581	1750634	54	5.30	6	7
1751073	1751109	37	5.95	5.5	8
1752496	1752828	333	4.32	2	16
1753594	1753918	325	3.90	2	13
1754405	1754533	129	25.02	17	55
1754909	1754934	26	5.81	8	8
1755490	1755599	110	7.46	4	23
1757616	1757826	211	19.42	11	120
1758274	1758288	15	56.20	55	94
1759427	1759442	16	200.25	221	243
1759779	1760089	311	1.75	1	18
1760285	1760297	13	10.23	11.5	12
1761186	1761224	39	2.69	2	4
1761957	1762018	62	34.15	47	58
1765347	1765511	165	3.22	3	9
1766571	1766722	152	0.27	0	1
1766927	1766980	54	17.22	17	35
1768265	1768730	466	33.78	1	419
1770153	1770225	73	4.22	4	7
1770901	1770904	4	12.50	17	17
1771382	1771491	110	1.03	1	3
1772149	1772376	228	2.36	2	6
1774702	1774857	156	2.40	3	5
1775338	1775390	53	8.91	9	16
1776642	1776652	11	2.27	2.5	3
1777721	1778153	433	1.76	2	4
1779099	1779351	253	3.06	3	9
1780102	1780169	68	3.25	3	6
1781648	1781653	6	3.00	4	4
1784886	1785235	350	5.86	1	43
1786106	1786232	127	3.37	3	8
1787073	1787082	10	1.20	1	2
1788991	1788992	2	0.50	1	1
1789431	1789602	172	2.49	0	10
1790920	1791041	122	0.19	0	2
1791813	1791932	120	7.42	2	23
1792962	1793219	258	0.43	0	1
1794201	1794226	26	5.08	5	7
1794617	1794863	247	0.82	1	3
1797069	1797225	157	0.61	1	2
1798138	1798233	96	8.68	8	12
1801301	1801304	4	1.50	2	2
1802286	1802419	134	0.11	0	1
1803599	1803600	2	4.50	9	9
1804255	1804344	90	4.79	4	7
1807345	1807501	157	0.29	0	1
1808039	1808094	56	1.64	2	3
1808941	1808946	6	2.50	3	3
1809835	1809953	119	0.76	1	2
1811265	1811279	15	7.67	9	9
1812594	1812686	93	0.17	0	1
1813242	1813261	20	2.75	3	3
1815239	1815441	203	2.67	1.5	38
1816693	1816950	258	1.53	1	5
1818277	1818390	114	2.75	2	12
1819153	1819382	230	5.20	4	24
1819956	1819957	2	1.00	2	2
1820486	1820491	6	8.50	11	11
1821089	1821112	24	8.83	9	12
1821368	1821491	124	7.14	6	24
1824260	1824300	41	8.54	6	14
1826185	1826194	10	36.00	40	49
1827197	1827201	5	5.40	7	7
1828615	1829031	417	3.15	2	10
1830148	1830345	198	1.98	2	5
1832017	1832060	44	29.66	29	36
1833012	1833165	154	0.29	0	1
1835247	1835378	132	5.14	5	8
1836420	1836559	140	1.48	1	8
1838039	1838134	96	5.41	6	9
1839251	1839413	163	0.31	0	2
1840008	1840167	160	2.71	2	8
1840672	1840732	61	2.08	2	4
1843049	1843216	168	1.67	1	5
1848980	1849246	267	10.96	11	26
1850648	1850811	164	2.38	2	6
1852201	1852350	150	4.97	5	9
1853233	1854140	908	1.61	1	5
1856364	1856668	305	0.22	0	2
1857557	1857650	94	3.50	3	9
1863165	1863189	25	36.56	40	42
1868793	1868947	155	10.85	8	33
1869659	1870227	569	948.78	11.5	5808
1871605	1871704	100	4.49	5	9
1872020	1872118	99	2.36	2	5
1872968	1873123	156	0.00	0	0
1874630	1874935	306	1.94	2	6
1876331	1876343	13	5.46	6	7
1877211	1877431	221	0.79	0	6
1877747	1877799	53	2.30	2	3
1879000	1879038	39	5.67	6	9
1880281	1880466	186	7.83	4	34
1881091	1881177	87	1.24	1	2
1883851	1884117	267	17.27	12	51
1885510	1885805	296	0.84	1	3
1887337	1887471	135	7.25	6	16
1888034	1888201	168	4.36	4	16
1891364	1891910	547	4.76	1	44
1892586	1893013	428	374.23	2	4149
1893383	1893412	30	32.13	34	46
1894809	1895075	267	1.27	1	3
1896756	1896893	138	1.49	1	3
1898532	1898620	89	6.58	7	14
1900429	1900566	138	1.57	1	4
1902828	1902840	13	8.92	12	13
1904329	1904336	8	5.50	7	7
1906418	1906497	80	2.83	3	9
1906861	1907240	380	7.92	4	48
1909425	1909471	47	23.70	15.5	43
1910335	1910569	235	0.56	0	4
1910978	1911489	512	2.31	1	24
1911946	1912011	66	26.89	25	54
1913698	1914090	393	7.79	4	31
1915726	1915871	146	0.18	0	1
1919206	1919229	24	3.58	5	5
1919653	1919669	17	22.29	25	26
1921245	1921249	5	12.80	16	16
1922720	1922930	211	0.61	0	6
1923759	1923778	20	55.70	60	61
1923998	1924341	344	10.12	3	128
1926826	1926920	95	10.72	10.5	24
1929660	1929661	2	13.00	26	26
1930430	1930485	56	10.20	10	16
1931362	1931483	122	0.65	0	2
1932483	1932658	176	16.36	16	33
1936089	1936349	261	0.83	1	3
1936650	1936654	5	8.60	11	13
1938104	1938109	6	10.67	13	13
1939541	1939746	206	1.97	1	8
1940734	1940873	140	4.99	5	9
1943178	1943219	42	29.12	29	41
1943682	1943703	22	9.82	11	12
1944490	1944498	9	27.89	32	32
1944951	1945063	113	41.04	45	65
1945349	1945746	398	8.12	1	92
1946113	1946119	7	34.43	37.5	46
1948409	1948526	118	0.13	0	1
1949310	1949424	115	14.55	14	29
1950379	1950469	91	0.24	0	1
1953044	1953137	94	37.48	22	80
1954446	1954460	15	24.33	23.5	33
1955106	1955400	295	3.24	2	12
1956766	1956769	4	10.50	14	14
1957388	1957442	55	12.69	14	16
1963056	1963057	2	2.50	5	5
1963694	1963837	144	9.40	9	21
1964825	1964829	5	30.20	38	38
1966462	1966635	174	20.60	17	50
1966948	1966964	17	63.65	64.5	78
1969331	1969631	301	5.69	6	24
1970934	1970951	18	41.22	43	55
1974968	1974972	5	38.40	49.5	50
1975639	1975695	57	2.79	1	7
1976065	1976197	133	19.26	15	33
1976417	1976585	169	42.79	43	86
1978764	1979014	251	3.43	1	12
1979963	1980236	274	23.76	27	74
1984180	1984496	317	14.67	4	105
1984980	1985068	89	8.69	9	20
1987561	1987722	162	7.65	5	22
1989670	1989681	12	14.17	15	19
1990468	1990494	27	12.85	13	17
1992509	1992530	22	26.36	26	36
1996522	1996527	6	0.83	1	1
1996795	1996805	11	8.55	9	12
1997553	1997555	3	6.00	9	9
1998290	1998301	12	35.83	41	42
1999367	1999807	441	0.83	1	3
2000060	2000165	106	0.64	1	1
2002178	2002199	22	0.55	1	1
2003205	2004189	985	6.06	2	47
2005468	2005654	187	24.54	10	111
2006849	2007375	527	8.46	5	49
2009956	2009975	20	5.45	6	10
2010369	2010420	52	22.06	23	45
2011710	2011769	60	5.53	5	12
2012703	2012996	294	2.00	1	7
2013489	2014052	564	358.97	13	1968
2016648	2016662	15	0.93	1	1
2020886	2020921	36	3.97	4	6
2021915	2022053	139	3.35	2	8
2022444	2022743	300	27.93	13	186
2024220	2024507	288	0.84	1	2
2027085	2027091	7	23.71	28	29
2030320	2030528	209	2.13	2	4
2031600	2031717	118	3.30	2	8
2032270	2032319	50	4.56	3	10
2033208	2033352	145	0.25	0	1
2034640	2034643	4	6.00	8	8
2036565	2036566	2	10.00	20	20
2038358	2038419	62	5.85	6	10
2040387	2040509	123	22.17	19	40
2041527	2041556	30	15.17	13	23
2042241	2042568	328	3.52	3	13
2043736	2043749	14	45.43	47	57
2044932	2045065	134	18.19	6	151
2045384	2045395	12	22.08	24	26
2049772	2049784	13	20.77	20.5	29
2050691	2050789	99	9.12	10	22
2052788	2052958	171	8.37	3.5	23
2053373	2053751	379	21.09	1	208
2055475	2055477	3	6.67	10	10
2056267	2056348	82	2.66	2	6
2057765	2058255	491	39.21	28	186
2058985	2058989	5	4.00	5	5
2059518	2059525	8	34.38	39	52
2062503	2062721	219	27.24	20	80
2063505	2063714	210	19.94	10	101
2065905	2066100	196	0.72	1	2
2067489	2067707	219	3.59	2	10
2068488	2068598	111	24.29	16	59
2070851	2071230	380	0.34	0	1
2072125	2072130	6	3.33	4	4
2072747	2072772	26	27.08	26	47
2073433	2073780	348	0.59	0	4
2076131	2076228	98	23.26	23	43
2077033	2077572	540	10.61	8	29
2079445	2079538	94	139.47	48	1071
2079613	2079621	9	2567.44	3103	3126
2079695	2079704	10	1434.90	1632	1684
2080005	2080111	107	576.98	189	2993
2082560	2082799	240	11.39	8	44
2084078	2084214	137	33.17	32	59
2084857	2084861	5	46.00	57.5	58
2086191	2086222	32	158.84	195	205
2086305	2086397	93	74.49	81.5	131
2086471	2086634	164	107.65	2	516
2086709	2086716	8	340.88	400	411
2086791	2087054	264	1.44	1	5
2088279	2088376	98	2.63	2	5
2090252	2090281	30	28.57	28	39
2091336	2091349	14	46.36	52	54
2092130	2092212	83	21.87	19	59
2094043	2094212	170	4.46	4	15
2095254	2095330	77	26.23	31	51
2096935	2097041	107	7.84	6	22
2097573	2097821	249	1.21	1	6
2099172	2099214	43	6.42	6	9
2099288	2099346	59	125.15	135	166
2099420	2099460	41	112.39	111	161
2099534	2099863	330	0.50	0	5
2100956	2101019	64	27.41	32	53
2101458	2101694	237	0.40	0	2
2102220	2102458	239	3.55	1	20
2103674	2103995	322	2.21	1	8
2104308	2104446	139	4.86	3	11
2104720	2104878	159	0.99	1	3
2105230	2105413	184	17.72	14	42
2106743	2106973	231	2.70	1	12
2107937	2108002	66	16.91	16	51
2109722	2109799	78	0.40	0	1
2110100	2110191	92	25.64	28	50
2110573	2110584	12	7.50	9	11
2111863	2112308	446	4.50	1	15
2113620	2113707	88	1.26	1	2
2114230	2114493	264	1.27	1	5
2114971	2114992	22	16.82	18	19
2116796	2116839	44	2.32	3	4
2117752	2117777	26	0.62	0	2
2118699	2118700	2	0.50	1	1
2120687	2120770	84	0.38	0	1
2121956	2122065	110	0.37	0	1
2122390	2122838	449	5.38	2	24
2123739	2123770	32	2.97	3	6
2124671	2124888	218	0.83	1	3
2126068	2126074	7	8.57	10	10
2126606	2126618	13	11.31	12	13
2128422	2128740	319	11.57	5	48
2129350	2129541	192	2.18	2	4
2130544	2130577	34	3.68	4	5
2131838	2132086	249	14.85	13	36
2133569	2133597	29	1.48	1	5
2136328	2136426	99	3.56	4	6
2138094	2138277	184	13.25	2	160
2138698	2138990	293	0.45	0	2
2139306	2139382	77	1.57	2	2
2140802	2140934	133	7.54	8	13
2142363	2142610	248	2.31	3	6
2146460	2146744	285	4.14	4	7
2149535	2149853	319	3.43	2	26
2152497	2152568	72	4.64	5	9
2153130	2153207	78	10.17	9	19
2153475	2153488	14	1.64	2	2
2154413	2154465	53	4.30	4	5
2154539	2154719	181	1.83	1	5
2155869	2156662	794	1.88	1	27
2157404	2157781	378	0.71	1	3
2158094	2158157	64	1.39	1	3
2158770	2158921	152	0.75	0	6
2160483	2160725	243	2.23	1	12
2162616	2162632	17	6.00	6	8
2163692	2164321	630	4.29	2	31
2165801	2166114	314	3.04	2	7
2167429	2167601	173	18.13	17	33
2169120	2169138	19	9.16	9	12
2170264	2170296	33	12.39	14.5	17
2171149	2171261	113	28.82	34	47
2171517	2171658	142	0.37	0	2
2172703	2172885	183	6.80	6	16
2173867	2173973	107	9.09	9	17
2174643	2174908	266	0.64	0	3
2175656	2175669	14	3.07	4	4
2176675	2176985	311	2.03	2	5
2178324	2178618	295	0.56	1	1
2179741	2180074	334	4.58	1	18
2181754	2181809	56	6.09	6	8
2184090	2184482	393	2.15	1	10
2185056	2185358	303	1.36	1	6
2186646	2186647	2	5.00	10	10
2187749	2187981	233	0.33	0	1
2189371	2189636	266	1.21	1	4
2191263	2191517	255	0.63	1	3
2193510	2193696	187	0.86	1	4
2194468	2194506	39	7.92	7	12
2196037	2196166	130	0.44	0	2
2196731	2196798	68	5.94	6	8
2198896	2199219	324	0.11	0	1
2200528	2200793	266	10.57	8	24
2203758	2204164	407	3.67	2	18
2205728	2206538	811	22.75	3	109
2207103	2207147	45	1.04	1	2
2207910	2208463	554	3.73	3	10
2210369	2210714	346	2.71	1	9
2211336	2211371	36	10.03	11	13
2211789	2212014	226	1.21	1	2
2212390	2212855	466	2.55	2	9
2213096	2213602	507	4.51	1	38
2214494	2214816	323	33.05	3	288
2216301	2216480	180	1.32	1	3
2217075	2217147	73	3.90	4	8
2219080	2219317	238	1.16	1	2
2220982	2221157	176	0.37	0	2
2221452	2221476	25	0.16	0	2
2222518	2222679	162	0.51	1	1
2223883	2223904	22	3.50	3	5
2224640	2224681	42	1.95	2	2
2225993	2226163	171	2.54	1	10
2229014	2229192	179	0.74	0	2
2229658	2229734	77	0.09	0	1
2230278	2230378	101	4.67	5	9
2230793	2230972	180	9.36	3	46
2231705	2231814	110	1.56	1	6
2232463	2232544	82	10.66	9	20
2233091	2233518	428	22.08	11	148
2234395	2234513	119	10.01	10	29
2235705	2235816	112	1.94	1	4
2237428	2237571	144	0.10	0	1
2238697	2238735	39	2.95	3	4
2239075	2239249	175	32.06	28	70
2240165	2240179	15	4.27	4	7
2242034	2242057	24	25.42	30	36
2242391	2242538	148	6.28	5	15
2243370	2243418	49	16.59	17	22
2244466	2244548	83	0.16	0	3
2244960	2245043	84	10.61	3	28
2246898	2246957	60	6.25	5	13
2247447	2247451	5	16.00	20	20
2247836	2247837	2	9.50	19	19
2249983	2250382	400	62.81	60	175
2251010	2251017	8	4.88	5	8
2251882	2252184	303	1.04	1	4
2252890	2253221	332	13.73	10	47
2254254	2254419	166	0.57	0	2
2255898	2256244	347	4.63	3	17
2256818	2256867	50	3.26	3	5
2257480	2257495	16	14.31	15	17
2257775	2257929	155	9.37	6	25
2259616	2259749	134	6.57	7	11
2260761	2260880	120	1.67	2	4
2262204	2262224	21	38.62	41	49
2263371	2263581	211	16.96	15	32
2264704	2264789	86	15.65	16	22
2265927	2266118	192	34.02	22	112
2268066	2268197	132	22.90	20	50
2268798	2269076	279	4.07	1	18
2270412	2270562	151	12.98	7	39
2271622	2271860	239	5.98	2	21
2272197	2272238	42	11.12	11	20
2274701	2274806	106	7.24	8	11
2275941	2276011	71	3.20	3	5
2278082	2278576	495	4.12	4	30
2279738	2279855	118	5.54	4	9
2281207	2281240	34	3.00	2	6
2282507	2282733	227	2.08	2	9
2283001	2283015	15	16.13	16	22
2286992	2287091	100	12.88	11	43
2287692	2287697	6	7.83	9	11
2288619	2288650	32	21.94	24	28
2289386	2289388	3	13.33	20	20
2290511	2290606	96	0.51	0	2
2291456	2291584	129	1.23	1	2
2291882	2292021	140	1.84	1	4
2293078	2293247	170	1.02	1	2
2296438	2296526	89	1.64	1	4
2296600	2296657	58	32.29	34	54
2296731	2296795	65	32.20	23	60
2296870	2296936	67	18.31	14	36
2298154	2298565	412	2.39	1	10
2299187	2299552	366	3.11	2	14
2302046	2302091	46	67.11	71	89
2302860	2303372	513	92.09	26	397
2306942	2307025	84	3.40	4	5
2307866	2307878	13	1.15	1	2
2308377	2308401	25	2.52	3	3
2309182	2309198	17	5.12	5	6
2309574	2309881	308	3.19	2	10
2311389	2311403	15	3.67	4	5
2313465	2313771	307	0.83	1	4
2314144	2314343	200	15.07	8	45
2315949	2315953	5	4.40	5.5	6
2317290	2317884	595	4.21	1	31
2318974	2319207	234	0.61	0	2
2325151	2325173	23	1.22	1	2
2327064	2327598	535	76.98	10	781
2334703	2334704	2	1.50	3	3
2335374	2335388	15	1.87	2	2
2336987	2337313	327	1.58	2	3
2340226	2340241	16	0.94	1	1
2342241	2342245	5	1.60	2	2
2342807	2342812	6	0.83	1	1
2343104	2343107	4	4.50	6	6
2343408	2343424	17	2.65	3	4
2343659	2343999	341	1.11	1	3
2344882	2345032	151	0.00	0	0
2345735	2345876	142	5.46	5	10
2346558	2347008	451	1.08	1	3
2348640	2348646	7	2.86	3	4
2350780	2350800	21	6.62	6.5	8
2351680	2351788	109	0.00	0	0
2351933	2352126	194	1.80	2	4
2352301	2352472	172	8.56	8	21
2354584	2354600	17	60.53	62	78
2354892	2355083	192	22.90	19	48
2355603	2355909	307	11.19	11	38
2356396	2357326	931	7.76	4	37
2357846	2358019	174	4.59	2	34
2358572	2359007	436	28.61	4	447
2359206	2359301	96	1.45	1	2
2359683	2359738	56	4.45	3	7
2360690	2361171	482	11.65	2	95
2362618	2362652	35	2.00	2	3
2363826	2363880	55	1.80	2	3
2364904	2365064	161	0.57	1	2
2366481	2366710	230	8.64	3	51
2366918	2367159	242	6.82	6	40
2368564	2368722	159	6.89	6.5	10
2369632	2369803	172	2.34	2	4
2369975	2370144	170	2.99	3	5
2370604	2370655	52	3.69	3	5
2372531	2373010	480	3.49	2	24
2373497	2373531	35	1.89	2	3
2374192	2374201	10	0.30	0	1
2374695	2374713	19	1.32	1	4
2375254	2375274	21	2.29	2	4
2376811	2377024	214	0.00	0	0
2378291	2378394	104	7.76	9	14
2381593	2381595	3	4.67	7	7
2383905	2384232	328	4.60	3	18
2385847	2386206	360	0.16	0	2
2387119	2387132	14	2.79	3	3
2387721	2387853	133	4.98	6	9
2388232	2388256	25	0.96	1	1
2389091	2389115	25	5.28	5	7
2389374	2389470	97	5.25	6	8
2390410	2390644	235	0.60	0	2
2391161	2391193	33	2.55	2	5
2391548	2391602	55	3.29	3	5
2394051	2394466	416	3.85	1	37
2395913	2395990	78	1.06	1	2
2397269	2397358	90	4.52	6	9
2397716	2397951	236	3.92	4	13
2398531	2398591	61	9.25	10	17
2399456	2399557	102	2.73	2	5
2401385	2401677	293	0.91	0	10
2406277	2406708	432	6.43	2	25
2407612	2407666	55	10.69	12	15
2410286	2410553	268	0.10	0	2
2416332	2416692	361	4.74	2	29
2421211	2421626	416	4.57	3	27
2422254	2422284	31	1.81	2	2
2423404	2423698	295	5.95	5	19
2425145	2425675	531	6.18	2	46
2427932	2428293	362	1.49	1	8
2428957	2429230	274	14.49	6	56
2430074	2430291	218	6.90	3	29
2430754	2430957	204	0.04	0	1
2431468	2431604	137	1.80	1	7
2432862	2433023	162	34.94	24	109
2434468	2434659	192	1.08	1	2
2435032	2435165	134	3.53	3	9
2435805	2436054	250	0.49	0	2
2437063	2437186	124	2.14	2	5
2438288	2438460	173	1.91	2	4
2439634	2439702	69	4.80	5	6
2439773	2439942	170	1.27	1	11
2440708	2440713	6	4.67	5	8
2442538	2442756	219	3.64	3	12
2443861	2443963	103	5.25	5	9
2447117	2447234	118	1.47	1	4
2451594	2451716	123	6.43	7	18
2454201	2454374	174	0.34	0	2
2455281	2455546	266	3.09	3	9
2456324	2456332	9	6.89	8	8
2457383	2457485	103	12.93	15	18
2459135	2459142	8	0.88	1	1
2470483	2470487	5	4.80	6	6
2471038	2471118	81	4.42	5	13
2472070	2472186	117	1.56	2	4
2474047	2474358	312	0.63	0	8
2474884	2475024	141	26.95	26	53
2475589	2475807	219	14.36	12	46
2477359	2477364	6	0.83	1	1
2477989	2478103	115	10.53	10.5	26
2478398	2478430	33	12.21	12	20
2479400	2479456	57	14.05	14	20
2479802	2480321	520	6.10	2	44
2481825	2481831	7	6.00	7	7
2482462	2482629	168	4.90	2	13
2483164	2483298	135	9.75	10	22
2484730	2484762	33	4.42	5	5
2485093	2485290	198	3.84	3	8
2488266	2488483	218	7.77	5	29
2489120	2489348	229	2.69	2	6
2490447	2490496	50	2.30	3	3
2491718	2492062	345	9.70	3	63
2493074	2493392	319	0.87	1	2
2493921	2494083	163	1.79	2	3
2495131	2495266	136	4.33	4	13
2495669	2495864	196	0.89	1	3
2497143	2497385	243	2.11	2	4
2497836	2497934	99	22.96	20	76
2498856	2498936	81	6.67	8	12
2500530	2500552	23	22.48	22	33
2502323	2502574	252	2.40	0	25
2503547	2503750	204	1.32	1	3
2504840	2504987	148	3.96	2	12
2506122	2506189	68	7.66	8	10
2507687	2507831	145	5.87	6	11
2508549	2508817	269	7.53	6	24
2509943	2510198	256	1.53	1	6
2511420	2512061	642	2.47	1	10
2513841	2514037	197	9.55	9	22
2515565	2515573	9	10.33	12	12
2517263	2517273	11	13.27	14	16
2518711	2518921	211	0.51	0	2
2519981	2519994	14	3.64	3	5
2523122	2523343	222	8.26	8	19
2525101	2525445	345	9.64	8	32
2525671	2525682	12	7.42	8	12
2527048	2527059	12	2.17	2	3
2528260	2528348	89	2.37	2	3
2530755	2530945	191	8.63	8.5	21
2532782	2532942	161	3.91	4	7
2533327	2533539	213	1.09	1	3
2537395	2537622	228	1.10	1	5
2538829	2538892	64	17.42	15	32
2541417	2541431	15	7.73	8	9
2542074	2542340	267	18.08	11	98
2545281	2545545	265	3.50	2	11
2546836	2547159	324	0.46	0	2
2547667	2548036	370	2.79	1	13
2548790	2549048	259	15.60	11	60
2551281	2551373	93	3.76	4	6
2552070	2552201	132	10.14	8	22
2553360	2553491	132	8.41	7	20
2554887	2554926	40	5.35	3	17
2556298	2556351	54	51.46	49	69
2558031	2558081	51	2533.06	1853.5	5000
2558331	2558697	367	5.29	4	29
2560114	2560178	65	3.12	3	4
2560827	2560945	119	1.20	1	2
2561234	2561326	93	7.41	6	28
2561636	2561791	156	5.12	5	14
2563640	2563653	14	3.00	3	4
2566173	2566214	42	7.95	8	10
2567103	2567107	5	4.80	6	6
2567980	2568099	120	0.09	0	1
2568649	2568683	35	2.80	3	3
2569920	2570219	300	1.28	1	4
2573353	2573382	30	1.57	2	3
2574223	2574376	154	0.58	0	2
2575025	2575201	177	8.59	8	16
2575691	2575834	144	12.88	13	24
2577862	2577868	7	26.57	32	32
2578574	2578876	303	1.30	1	3
2579948	2579964	17	11.88	13.5	16
2580619	2580648	30	17.27	20	20
2581732	2581789	58	29.83	33	44
2583978	2584094	117	6.56	2	15
2585924	2585949	26	180.88	207	217
2587979	2588111	133	6.01	5	13
2589622	2589772	151	0.11	0	2
2590887	2590949	63	106.97	101	160
2591023	2591077	55	14.20	13.5	22
2591639	2591660	22	50.50	46	70
2593264	2593773	510	93.30	84	329
2594083	2594147	65	197.74	216.5	277
2596149	2596513	365	39.62	34.5	122
2597789	2598384	596	2.89	1	24
2601259	2601374	116	4.55	5	7
2602776	2602778	3	6.67	10	10
2603559	2603699	141	8.02	7	22
2604720	2604831	112	5.92	6	12
2605888	2605901	14	28.07	29	34
2606832	2606998	167	0.79	1	2
2607566	2607640	75	2.48	3	3
2608058	2608064	7	16.14	19.5	20
2608317	2608328	12	8.25	9	10
2609806	2609893	88	9.23	6	23
2610758	2610804	47	12.70	12	20
2614306	2614429	124	1.59	1	8
2614730	2614735	6	7.33	9	9
2616026	2616282	257	22.74	20	48
2617153	2617333	181	1.34	1	3
2617616	2617895	280	0.47	0	2
2618676	2618684	9	6.67	7	9
2619843	2619874	32	24.72	24	36
2620778	2620789	12	131.67	79	246
2621726	2621793	68	7.43	8	12
2622265	2622445	181	0.56	1	1
2623805	2623899	95	5.46	5	14
2625823	2625911	89	0.63	1	1
2627031	2627122	92	9.20	5	24
2629049	2629338	290	3.00	1	17
2631522	2631758	237	0.41	0	3
2632650	2632915	266	7.12	4	37
2633297	2633492	196	4.74	3	31
2634598	2634643	46	8.85	9	11
2636244	2636274	31	5.35	6	8
2637364	2637404	41	36.85	36	46
2637681	2637892	212	0.47	0	2
2641201	2641301	101	23.98	24.5	43
2641776	2641847	72	21.53	24	38
2642679	2642685	7	2.71	3	4
2643949	2644093	145	0.28	0	1
2645728	2645921	194	59.76	55	142
2646897	2647009	113	0.37	0	1
2647634	2648363	730	53.03	13	264
2650131	2650500	370	3.97	3	16
2653437	2653743	307	1.44	1	4
2654230	2654275	46	11.41	10	24
2655450	2655483	34	0.00	0	0
2656402	2656502	101	23.84	24	39
2658046	2658126	81	9.11	10	15
2659252	2659285	34	8.38	9	11
2660693	2661048	356	2.30	2	7
2661880	2662055	176	67.98	73	191
2663055	2663261	207	2.14	0	27
2663499	2663703	205	113.63	121	296
2665887	2665969	83	5.24	4	11
2667839	2667930	92	5.65	6	11
2668005	2668116	112	18.14	21	32
2669314	2669530	217	3.72	3	9
2669894	2670252	359	1.20	1	4
2670616	2670848	233	3.81	1	21
2670933	2670945	13	9.23	10	11
2672695	2672762	68	5.59	6	8
2673036	2673870	835	6.31	1	73
2675336	2675880	545	1.57	1	8
2676493	2677193	701	1.41	1	5
2678460	2679202	743	2.96	2	12
2679872	2680221	350	6.34	6	16
2680531	2680980	450	2.94	1	12
2681452	2681645	194	1.21	1	2
2682561	2683003	443	0.76	1	2
2683399	2683533	135	2.20	2	3
2684450	2684580	131	2.94	1	18
2687146	2687419	274	0.38	0	2
2688872	2689112	241	1.20	1	3
2690037	2690121	85	0.00	0	0
2692045	2692256	212	1.75	1	5
2694042	2694369	328	2.55	3	7
2694931	2695047	117	7.30	5	15
2695972	2696101	130	0.92	1	1
2697830	2698009	180	0.95	1	2
2700203	2700981	779	4.79	4	24
2702218	2702255	38	29.16	33	38
2703558	2703827	270	6.01	5	15
2704710	2704831	122	4.63	4	19
2705309	2705409	101	0.23	0	1
2705641	2705661	21	0.00	0	0
2706052	2706181	130	9.35	5	55
2707250	2707621	372	6.96	5	18
2708819	2708875	57	8.33	8	13
2709446	2709637	192	13.03	13	23
2710982	2711276	295	1.30	1	5
2712339	2712549	211	0.00	0	0
2714971	2715157	187	1.41	2	6
2715695	2715993	299	1.92	1	12
2717304	2717700	397	1.04	1	4
2718796	2718992	197	2.70	2	7
2719296	2719520	225	0.07	0	1
2720178	2720505	328	1.73	2	5
2721322	2721766	445	2.43	2	9
2723762	2723866	105	15.82	16	29
2724692	2725090	399	2.88	1	14
2726312	2726508	197	17.09	8	72
2726944	2727145	202	36.95	35	78
2727437	2727587	151	6.33	5	11
2727777	2728073	297	2.39	2	10
2729178	2729290	113	1.22	1	3
2730134	2730148	15	3.67	4	5
2731862	2731993	132	4.39	4	7
2732786	2732982	197	4.05	3	9
2733532	2733596	65	9.57	9	15
2734674	2734835	162	10.24	9	17
2737095	2737385	291	0.86	1	2
2739114	2739204	91	18.64	20.5	37
2740549	2741055	507	3.62	1	17
2741860	2742144	285	0.25	0	1
2744994	2744996	3	5.33	8	8
2748092	2748441	350	1.43	1	4
2749099	2749237	139	2.41	2	5
2750996	2751264	269	0.51	1	1
2751757	2751785	29	4.45	5	6
2752827	2752865	39	6.54	5	10
2753244	2753316	73	1.85	2	3
2753503	2753604	102	5.76	5	11
2754793	2755061	269	8.12	2	56
2755611	2755704	94	0.31	0	1
2756719	2756758	40	2.38	3	3
2757230	2757332	103	9.29	9	13
2757741	2757866	126	8.45	7	19
2758422	2758650	229	2.72	3	5
2759263	2759411	149	0.79	1	1
2759895	2759981	87	0.99	1	1
2760258	2760333	76	5.11	5	9
2760984	2761306	323	1.70	2	4
2762030	2762114	85	3.75	1	8
2762841	2762921	81	4.94	5	8
2763888	2764048	161	3.69	2	10
2766812	2767579	768	6.97	6	32
2768027	2768333	307	0.98	0	4
2768778	2769089	312	27.56	15	153
2769717	2769924	208	15.62	8	58
2771338	2771351	14	9.93	11	12
2771760	2771822	63	1.08	1	2
2773651	2773872	222	2.56	3	6
2774254	2774396	143	0.22	0	1
2775033	2775241	209	1.09	1	3
2776172	2776437	266	2.04	2	4
2777155	2777323	169	1.96	2	5
2779265	2779336	72	0.26	0	1
2780858	2780888	31	4.81	5	6
2783433	2783452	20	7.50	9	10
2787849	2787860	12	15.67	17	19
2790084	2790101	18	17.78	20	20
2790858	2790859	2	26.00	52	52
2791199	2791212	14	4.36	4	7
2794155	2794323	169	6.64	5	19
2795224	2795478	255	0.17	0	1
2796823	2796851	29	23.03	26	29
2797407	2797457	51	0.00	0	0
2798040	2798043	4	1.50	2	2
2799757	2800076	320	6.71	5	18
2801463	2801465	3	25.33	38	38
2801934	2801950	17	139.94	145	185
2803905	2804258	354	2.47	2	7
2808141	2808265	125	2.30	3	4
2808827	2809090	264	7.48	2	34
2810075	2810339	265	1.15	1	12
2810832	2811201	370	2.09	1	12
2811892	2811944	53	5.79	6	14
2813361	2813565	205	6.04	5	19
2814088	2814248	161	3.91	4	7
2814900	2815135	236	5.32	6	10
2815237	2815380	144	0.46	0	5
2816311	2816980	670	1.30	1	7
2817551	2817592	42	1.74	2	2
2818328	2818414	87	8.51	9	14
2819890	2820299	410	3.19	2	14
2820618	2820927	310	1.11	0	7
2823754	2823757	4	3.00	4	4
2824643	2825041	399	4.55	3	12
2826302	2826351	50	2.46	3	4
2827045	2827445	401	2.15	1	11
2829867	2829939	73	29.22	31	44
2831131	2831383	253	0.43	0	2
2834108	2834260	153	4.69	2	11
2837012	2837379	368	13.48	10	43
2840530	2840591	62	12.39	13	19
2843312	2843495	184	3.98	4	10
2843859	2843864	6	3.33	4	4
2845128	2845297	170	0.12	0	1
2845769	2845966	198	0.32	0	1
2846306	2846498	193	1.58	2	4
2847057	2847151	95	9.29	8	19
2847518	2847610	93	1.01	1	2
2847788	2847830	43	8.00	8.5	11
2848983	2849474	492	0.41	0	2
2851812	2852005	194	4.36	3	27
2852867	2852974	108	0.44	0	2
2854307	2854589	283	9.69	7	30
2855955	2856263	309	5.05	2	30
2857938	2858106	169	0.71	1	2
2859655	2859810	156	45.12	35	100
2861527	2862295	769	17.24	9	123
2863918	2864213	296	3.83	2	17
2865378	2865681	304	1.34	1	5
2866576	2866610	35	3.11	3	5
2867040	2867088	49	0.67	1	1
2868447	2868673	227	3.33	1	9
2869691	2869816	126	5.51	4	12
2871230	2871813	584	4.84	3	19
2872219	2872432	214	13.81	13	31
2872814	2872930	117	3.03	3	6
2873762	2874049	288	3.00	3	8
2874539	2874607	69	1.75	2	3
2875271	2875790	520	1.47	0	17
2877162	2877540	379	12.75	8	52
2877829	2878609	781	3.09	2	12
2880017	2880192	176	0.94	0	3
2880526	2880537	12	4.67	5	6
2881450	2881517	68	1.28	1	2
2882286	2882558	273	1.95	2	5
2883126	2883255	130	3.18	3	6
2884099	2884136	38	4.32	4	6
2885802	2885981	180	0.12	0	1
2887347	2887611	265	3.15	3	9
2888092	2888570	479	1.75	1	8
2889423	2890012	590	0.72	1	2
2891399	2891425	27	1.07	1	2
2892152	2892416	265	1.39	1	5
2892843	2892851	9	2.00	2	3
2894307	2894488	182	3.28	2	16
2895074	2895244	171	1.13	1	3
2895845	2896085	241	1.40	1	4
2896761	2896976	216	0.17	0	1
2897181	2897220	40	0.00	0	0
2897617	2898332	716	0.75	0	4
2899439	2899488	50	10.68	11	16
2900095	2900254	160	1.23	1	3
2901335	2901558	224	35.91	30	99
2901964	2902190	227	45.93	1	266
2902410	2902488	79	10.67	11.5	18
2903047	2903100	54	8.91	9	13
2903833	2903856	24	3.25	3	5
2904403	2904634	232	2.23	2	7
2904869	2904999	131	21.30	16	47
2905074	2905189	116	2.53	2	4
2905565	2905862	298	9.07	7	22
2906619	2906716	98	2.22	3	3
2906969	2907213	245	3.21	3	7
2907625	2907821	197	47.53	27.5	154
2911225	2911431	207	33.19	2	301
2912859	2913344	486	1.69	1	5
2916081	2916108	28	3.36	4	4
2916838	2917041	204	0.51	1	1
2918134	2918356	223	1.64	2	3
2919905	2919923	19	1.74	2	3
2921079	2921869	791	23.89	13	201
2923661	2923754	94	5.68	4	30
2924544	2924662	119	1.61	1	3
2925158	2925332	175	2.17	1	6
2928810	2928905	96	4.21	3	10
2931023	2931035	13	3.15	4	5
2931450	2931530	81	10.07	10	15
2933808	2933911	104	8.10	8	17
2935883	2936020	138	3.96	4	13
2936459	2936591	133	0.74	0	2
2937012	2937031	20	0.95	1	1
2938334	2938630	297	1.71	2	5
2939432	2939489	58	9.43	9	14
2939904	2940020	117	7.07	7	15
2940885	2941025	141	9.69	10	16
2943060	2943205	146	8.96	4	41
2944118	2944367	250	36.42	14	134
2945562	2945758	197	29.73	22	82
2947714	2947731	18	45.78	44	64
2951152	2951163	12	58.58	58	87
2953686	2953701	16	22.06	26	33
2954818	2954901	84	26.77	21	50
2956285	2956479	195	19.77	8	90
2957257	2957263	7	72.00	83.5	86
2960756	2960932	177	3.88	4	7
2961611	2961714	104	45.82	53	98
2962774	2963085	312	1.44	1	5
2963896	2963972	77	31.08	26	55
2964453	2964463	11	66.09	67	97
2967665	2967793	129	6.11	6	12
2968064	2968178	115	0.69	1	2
2969358	2969394	37	3.70	4	5
2970145	2970146	2	1.00	2	2
2972213	2972462	250	0.64	0	3
2974360	2974500	141	77.25	27	279
2974816	2974840	25	33.32	42	48
2976203	2976209	7	9.00	11	12
2977779	2978138	360	33.37	21	128
2978403	2978465	63	52.68	53	80
2979675	2980028	354	4.72	0	31
2981409	2981817	409	23.22	13	91
2985418	2985446	29	343.31	443.5	494
2986730	2986904	175	36.25	11	143
2989410	2989552	143	0.83	1	2
2990210	2990379	170	8.72	8	18
2991859	2991884	26	26.00	27	33
2993739	2993752	14	15.79	13	24
2994428	2994536	109	12.09	12	20
2995353	2995793	441	8.78	7	31
2998047	2998089	43	81.35	107	141
2998366	2998380	15	141.33	148.5	168
2998690	2998934	245	34.12	3	166
2999592	2999712	121	38.40	22	97
3000280	3000300	21	24.48	27	29
3001390	3001752	363	7.47	7	18
3002866	3003001	136	31.59	19	89
3003968	3004192	225	13.61	15	25
3006670	3006760	91	3.29	3	9
3008500	3008660	161	2.43	2	13
3009525	3009538	14	4.93	5	7
3010825	3010829	5	9.00	12	12
3012952	3013220	269	2.47	3	5
3014100	3014235	136	62.80	51	138
3015112	3015386	275	30.41	31.5	99
3018051	3018076	26	0.19	0	1
3021243	3021319	77	0.99	1	1
3023834	3023918	85	23.41	23	37
3025644	3025687	44	4.91	5	7
3026483	3026514	32	2.62	3	3
3027457	3027689	233	10.92	5.5	34
3028716	3028992	277	0.67	0	2
3029878	3030018	141	6.38	6	11
3032558	3032559	2	0.50	1	1
3033418	3033584	167	0.00	0	0
3034329	3034432	104	0.00	0	0
3038029	3038143	115	0.54	0	4
3038597	3038598	2	4.50	9	9
3039997	3040005	9	6.44	7	8
3041635	3041996	362	1.14	0	6
3044538	3044790	253	1.16	1	4
3045319	3045393	75	1.41	1	2
3046192	3046317	126	5.29	5	10
3047173	3047263	91	7.02	9.5	16
3048323	3048510	188	23.39	22	58
3053073	3053200	128	4.91	5	11
3054680	3054809	130	26.32	23	49
3055203	3055207	5	36.00	45	45
3055826	3056078	253	3.58	2	23
3058028	3058040	13	19.31	22	23
3058665	3058831	167	26.35	7	179
3059261	3059268	8	326.12	370	404
3059725	3060041	317	26.39	16.5	91
3060255	3060360	106	42.30	45	79
3063036	3063295	260	4.40	4	12
3064322	3064448	127	57.35	29	228
3064806	3065044	239	286.28	295	563
3065432	3065605	174	187.78	155	332
3067544	3067647	104	15.46	15	33
3067720	3068031	312	5.34	3	30
3068317	3068641	325	67.34	2	505
3069125	3069836	712	3.28	3	10
3071397	3071679	283	0.00	0	0
3073839	3073977	139	2.27	2	5
3074764	3074893	130	8.90	8	18
3075968	3076020	53	0.85	1	2
3076318	3076572	255	3.43	3	7
3076915	3077033	119	0.63	0	2
3077661	3077870	210	34.92	24	139
3078363	3078391	29	6.62	7	9
3079708	3079715	8	16.62	19	20
3080555	3080709	155	5.87	7	13
3081958	3082041	84	8.85	8	16
3083065	3083348	284	1.65	0	11
3083910	3083999	90	19.01	13	57
3085287	3085644	358	1.89	2	6
3087357	3087362	6	6.67	8	8
3088485	3088489	5	9.00	11	12
3089675	3089812	138	4.92	5	8
3093210	3093232	23	0.96	1	1
3094208	3094244	37	1.95	2	2
3095412	3095574	163	1.71	2	5
3097540	3097709	170	9.08	3	147
3097825	3097928	104	34.79	27	125
3100828	3101009	182	78.62	43	590
3101084	3101159	76	135.70	4	522
3102701	3103283	583	11.70	0	143
3103378	3103405	28	109.39	76	207
3105074	3105109	36	3.67	4	4
3105446	3105450	5	100.20	123.5	136
3108895	3109133	239	3.18	3.5	7
3110616	3110819	204	0.33	0	1
3111546	3111770	225	69.20	72	136
3112431	3112689	259	5.66	5	14
3113404	3113645	242	0.80	0	3
3114909	3115060	152	39.44	20	212
3115595	3115726	132	3.89	3	15
3116617	3116677	61	14.95	15.5	35
3117767	3117903	137	16.96	14	45
3120091	3120123	33	21.24	24	24
3120193	3120207	15	204.80	217	233
3120481	3120630	150	2.93	1	10
3121898	3121903	6	50.50	61	61
3124508	3124598	91	41.57	40.5	63
3126075	3126088	14	30.50	34	38
3126530	3126645	116	33.40	36	52
3126720	3126787	68	29.79	20	59
3128258	3128283	26	69.00	63	101
3129787	3129804	18	65.50	82	93
3131776	3131782	7	17.00	19.5	21
3132086	3132105	20	21.45	19	37
3132763	3132776	14	58.36	61	79
3133275	3133295	21	25.00	29	32
3134316	3134330	15	37.07	37	48
3136680	3136698	19	67.21	71.5	81
3137983	3137994	12	34.42	38	40
3138496	3138558	63	68.52	78	98
3140486	3140510	25	117.44	131	151
3140985	3141236	252	39.80	37	89
3141591	3141617	27	186.19	187	260
3141700	3141772	73	87.53	77.5	150
3142076	3142083	8	52.62	60	64
3142831	3143076	246	4.22	2	31
3146530	3146600	71	14.14	10	57
3147966	3148031	66	15.76	9	34
3148905	3148939	35	57.91	63	68
3150857	3150971	115	24.27	13	87
3151959	3152011	53	7.49	8	10
3153986	3154173	188	0.32	0	2
3155899	3156160	262	2.99	2	13
3157408	3157635	228	1.73	2	4
3159782	3159889	108	4.60	3	21
3161390	3161459	70	2.96	1	11
3162840	3162979	140	0.34	0	2
3164090	3164141	52	7.73	7	13
3164937	3165148	212	7.08	8	20
3167744	3167837	94	2.43	0	15
3169842	3169982	141	61.48	60	140
3172781	3173074	294	2.67	2	12
3173933	3174015	83	5.53	1	31
3175282	3175333	52	0.00	0	0
3177383	3177468	86	4.86	4	26
3179464	3179863	400	9.66	1	69
3180725	3180740	16	91.44	105	126
3181236	3181505	270	2.65	1	18
3182463	3182642	180	0.39	0	1
3183651	3183760	110	2.15	2	4
3184571	3184684	114	1.01	1	2
3186509	3186517	9	11.11	12.5	17
3187403	3187408	6	7.17	9	9
3189074	3189242	169	10.11	1	84
3189447	3189787	341	49.82	8	782
3191519	3191866	348	1.15	1	3
3192842	3192991	150	3.35	2	10
3194246	3194314	69	0.70	1	1
3200990	3201112	123	2.50	3	7
3201851	3202104	254	0.65	1	2
3203968	3204024	57	15.12	17	20
3206040	3206044	5	141.20	178.5	193
3208412	3208537	126	17.55	16	38
3211012	3211377	366	14.60	4	98
3212677	3212931	255	1.25	1	9
3213694	3213807	114	20.44	20	31
3214752	3214879	128	5.41	4	13
3216077	3216233	157	4.86	3	20
3217638	3217662	25	65.48	80.5	84
3218674	3218706	33	41.39	37	59
3219790	3220403	614	2.10	1	24
3221211	3221359	149	2.62	2	6
3221591	3221660	70	16.64	13	38
3222621	3222760	140	6.34	5	16
3223772	3223903	132	0.49	0	1
3225206	3225307	102	9.91	2	100
3225521	3225762	242	8.79	2	48
3227269	3227501	233	1.69	1	5
3228888	3229120	233	3.84	3	8
3233668	3233675	8	33.38	37	41
3234081	3234111	31	13.65	11	26
3235021	3235032	12	20.08	23	23
3236026	3236204	179	8.36	5	25
3236679	3236726	48	0.98	1	1
3237714	3237891	178	1.59	1	5
3239800	3239927	128	5.84	6	11
3240705	3240853	149	8.10	5	21
3241970	3241974	5	2.40	3	3
3242467	3242469	3	4.67	7	7
3245034	3245497	464	9.42	8	22
3247057	3247076	20	2.70	3	4
3250172	3250174	3	10.67	16	16
3250700	3251054	355	0.90	1	2
3252063	3252162	100	67.10	68	91
3253045	3253168	124	13.92	9	34
3254552	3254570	19	11.05	13.5	14
3255810	3255838	29	0.97	1	1
3257126	3257397	272	3.65	2	16
3258460	3258574	115	9.40	7	29
3260324	3260566	243	2.85	3	7
3261807	3261808	2	30.00	60	60
3263888	3264099	212	3.50	2	18
3264667	3264724	58	12.47	15	17
3265460	3265771	312	5.21	4	19
3266324	3266368	45	6.49	7	12
3267068	3267087	20	1.05	1	2
3268579	3268808	230	2.20	1	9
3270720	3270852	133	0.64	0	2
3273348	3273352	5	16.80	21	22
3274121	3274136	16	40.06	43	51
3275004	3275034	31	3.42	4	4
3275575	3276055	481	5.20	3	28
3276923	3277083	161	45.94	44	90
3277627	3277638	12	52.92	48	82
3280455	3280538	84	31.19	30	49
3282150	3282530	381	5.62	6	16
3282879	3282949	71	4.52	3	10
3283976	3284035	60	1.63	2	2
3284639	3284866	228	12.87	2	52
3285290	3285416	127	2.59	3	6
3286167	3286170	4	8.25	11	11
3286792	3286883	92	15.12	14	31
3288531	3288716	186	11.33	11	19
3288984	3289173	190	61.64	62	129
3290434	3290459	26	13.50	14	16
3291327	3291990	664	3.35	2	24
3292177	3292395	219	244.37	39	1244
3294328	3295186	859	177.20	2	8005
3296456	3296963	508	1.74	1	16
3298449	3298612	164	14.82	14	44
3300053	3300902	850	3.96	4	11
3301191	3301302	112	4.19	4	7
3301522	3301728	207	0.87	1	2
3302263	3302341	79	5.58	5	8
3303386	3303691	306	148.73	28	1149
3304667	3305183	517	2.38	1	14
3306360	3306595	236	4.98	4	14
3307332	3307406	75	2.73	3	4
3312047	3312092	46	24.63	26	35
3314263	3314289	27	18.22	19	26
3315058	3315395	338	6.27	5	23
3315795	3315902	108	6.02	6	9
3316626	3316677	52	1.79	2	3
3316999	3317251	253	8.12	8	19
3319429	3319575	147	17.88	19	29
3320845	3321160	316	22.50	15	148
3321485	3321699	215	15.61	16	32
3322432	3322597	166	1.81	1	7
3323990	3324083	94	6.51	7	10
3325874	3325914	41	5.32	6	8
3327590	3327813	224	0.82	1	2
3328882	3329037	156	24.85	21	83
3329866	3329877	12	2.92	3	4
3332042	3332221	180	3.42	3	5
3333077	3333108	32	0.88	1	1
3334909	3335449	541	13.20	13	38
3335762	3335789	28	2.93	4	4
3337614	3337757	144	10.40	8	24
3338721	3340033	1313	26.61	8	196
3340982	3341078	97	16.72	16.5	52
3342120	3342706	587	18.87	8	124
3343430	3343436	7	22.14	26	26
3344151	3344405	255	37.27	26	104
3344715	3344732	18	15.50	15	21
3345297	3345537	241	2.88	2	9
3346315	3346335	21	11.67	14	15
3347839	3348047	209	7.49	8	16
3349638	3349936	299	11.37	1	314
3350906	3350980	75	816.21	41.5	2331
3351845	3352157	313	214.35	5	2444
3353055	3353069	15	1.60	2	2
3354754	3354882	129	36.31	23.5	98
3355486	3355540	55	68.98	64	89
3355808	3356176	369	7.47	5	30
3356765	3356826	62	57.39	62	77
3357994	3358124	131	30.15	27.5	67
3358908	3359047	140	3.74	4	9
3359834	3360081	248	0.40	0	4
3361750	3361981	232	4.78	4	17
3362948	3363032	85	15.27	17	25
3363117	3363123	7	17.71	21	21
3363973	3364067	95	11.80	8	41
3366681	3366945	265	3.29	3	13
3368473	3369047	575	3.82	3	16
3370735	3370963	229	0.13	0	2
3371816	3371924	109	20.01	20	39
3374178	3374807	630	8.44	2	106
3375228	3375241	14	126.50	101	246
3376616	3376630	15	44.33	48.5	54
3377495	3377586	92	65.08	48	125
3379138	3379157	20	123.90	121	152
3380170	3380223	54	109.63	130	146
3380497	3380539	43	47.33	48	71
3381762	3381903	142	0.76	1	4
3382045	3382232	188	9.63	8	22
3382818	3382821	4	25.00	33	36
3383392	3383397	6	7.50	9	9
3383995	3384023	29	8.21	8	13
3384378	3384401	24	29.12	31	33
3386211	3386252	42	4.71	4	6
3387102	3387134	33	3.52	4.5	5
3388299	3388348	50	1.52	1	3
3390524	3391002	479	0.65	0	3
3393636	3393933	298	1.85	1	11
3395272	3395274	3	20.33	30.5	31
3396943	3396954	12	13.25	14	16
3397353	3397511	159	42.77	37	93
3397644	3397754	111	0.52	0	2
