#start	end	length	mean	median	max
1348	1423	76	7.42	8	11
2351	2574	224	17.79	7	155
2809	2831	23	42.83	46	47
3108	3151	44	23.34	24	27
3404	3440	37	10.30	12	13
4131	4151	21	3.43	4	4
4794	4888	95	10.82	7	24
5228	5270	43	8.58	7	17
5628	5741	114	10.17	10	30
6822	7043	222	54.55	25	173
7611	7762	152	70.05	58	147
9619	9728	110	20.05	18	30
10482	10608	127	42.06	41	70
11780	11849	70	13.64	15	19
12150	12397	248	7.61	3	32
12626	12654	29	42.41	38	71
14191	14202	12	3.08	3	6
14740	14913	174	73.63	48	196
20022	20084	63	6.48	6	8
20952	21114	163	27.03	18.5	57
22360	22366	7	57.14	65	74
24517	24805	289	3.26	2	10
25244	25339	96	17.31	12	33
26417	26444	28	19.82	19	24
27060	27193	134	3.63	3	7
28223	28365	143	31.29	14	118
28852	28952	101	709.03	718	1390
29346	29423	78	848.00	28	3983
30741	30884	144	7.01	7	10
31728	31803	76	9.87	9	14
33418	33503	86	6.83	8	10
34476	34717	242	6.77	3	20
35726	35771	46	6.65	5	12
36681	36700	20	3.20	3	6
37601	38115	515	29.97	0	352
39976	40119	144	37.92	21	108
45913	46221	309	17.98	10	71
46603	46831	229	7.14	4	26
48371	48396	26	9.62	10	11
49072	49553	482	23.26	6	172
50760	50844	85	15.27	12	43
51205	51281	77	38.43	34	69
51771	51790	20	61.45	65	70
56261	56377	117	38.68	38	70
59510	59524	15	51.13	49	99
60176	60295	120	68.67	38	181
60641	60706	66	56.21	69	85
61202	61289	88	84.95	34	190
61845	61951	107	5.07	4	12
63022	63030	9	20.44	23	23
63268	63366	99	8.62	9.5	17
64276	64483	208	85.07	34	262
65441	65469	29	76.34	78.5	106
65677	65830	154	6.25	5	15
66227	66336	110	330.20	232	879
67054	67094	41	14.80	15	31
67650	67695	46	31.85	33	37
70696	70860	165	12.82	11	28
72310	72393	84	10.50	9	15
72646	72685	40	9.38	10	10
74114	74160	47	11.15	11	16
74338	74342	5	18.20	23	23
75513	75521	9	5.33	6	6
76317	76368	52	12.67	14	14
76834	76971	138	7.72	8	13
77227	77288	62	11.77	11	17
78123	78305	183	5.33	3	12
79596	79978	383	46.22	54.5	108
80372	80379	8	60.25	69	69
81976	82164	189	28.80	16	115
82411	82480	70	19.20	19	27
82721	82843	123	45.46	36	103
83231	83335	105	180.15	178	500
83681	83786	106	10.64	2	62
84584	84599	16	30.50	35	37
84792	84869	78	17.95	17	28
85560	85585	26	15.69	17	20
86873	86990	118	13.84	6	49
87762	87844	83	2.88	3	4
88508	88527	20	3.40	3	5
89503	89651	149	4.87	4	11
90915	90932	18	8.00	7	14
91233	91266	34	19.06	20	32
91762	91803	42	29.79	32	36
92341	92386	46	35.00	40	49
93302	93326	25	9.16	9	13
94128	94160	33	30.67	30.5	40
95276	95581	306	37.36	15	178
96869	96990	122	5.04	5	11
97543	98193	651	59.14	36	205
99580	99745	166	53.54	27	132
100625	100642	18	11.56	12	13
101378	101516	139	18.03	7	177
101588	101723	136	220.26	49	1346
103862	103894	33	27.73	30	33
104225	104355	131	25.28	27	45
105298	105339	42	35.52	39	55
106804	107107	304	52.87	5	460
108122	108256	135	217.16	169.5	475
108599	108851	253	43.68	16	161
109722	109794	73	6.42	3	20
110371	110429	59	21.08	15	122
111738	111794	57	21.54	18	38
111909	111949	41	190.66	205	221
112460	112708	249	43.44	15	221
113411	113547	137	5.08	5	11
114127	114275	149	12.09	7	40
116502	116525	24	22.08	24	31
117702	118053	352	6.47	6	32
118546	118648	103	10.06	9	20
119447	119566	120	386.96	94	1044
119924	120059	136	45.07	48	97
121812	121879	68	15.09	14	29
123377	123483	107	18.21	9	87
124033	124238	206	69.71	63	194
125598	125647	50	32.94	36	49
126875	126982	108	16.52	6	63
127823	128440	618	47.46	25	300
129098	129137	40	5.30	8	8
129522	129534	13	5.77	5	10
129976	130194	219	15.95	4	48
130579	130652	74	18.00	22	25
131702	131703	2	30.00	60	60
131986	132166	181	8.49	3	38
133043	133051	9	3.33	4	4
134651	134874	224	31.74	7	101
135061	135205	145	60.68	53	221
135680	135781	102	9.53	7	39
135851	136030	180	168.34	41	1535
139120	139327	208	73.96	27	272
139739	139946	208	63.48	20	262
142410	142541	132	57.65	14	281
142911	142939	29	13.41	15	17
143540	143820	281	5.30	4	30
145420	145444	25	14.04	15	16
146024	146076	53	4.75	4	9
147841	148055	215	10.18	9	40
149721	149815	95	22.05	22	40
153044	153398	355	8.24	3	39
154797	154889	93	11.44	11	18
156879	156914	36	3.97	4	10
158499	158725	227	20.49	6	76
159167	159221	55	27.33	23	39
159492	159598	107	19.61	14	44
160265	160273	9	5.78	6.5	7
160700	160763	64	9.64	9	25
161610	161800	191	48.10	8	354
162845	163050	206	1861.81	9	7130
165202	165336	135	2.64	2	11
166387	166575	189	3.54	3	21
167041	167145	105	58.26	55.5	82
167698	167724	27	22.37	22.5	27
168820	169006	187	15.55	14	31
170241	170513	273	27.25	7.5	132
171945	172026	82	4.70	4	10
173011	173165	155	105.23	11	435
173517	173716	200	176.87	61	1152
175016	175338	323	39.52	2	282
176677	176688	12	23.67	26	27
178054	178296	243	8.42	2	126
179230	179359	130	87.25	76	161
181208	181265	58	13.69	14	18
182760	182821	62	16.52	17	23
184103	184148	46	28.02	31	36
184548	184631	84	4.50	3	13
185427	185481	55	12.67	13	15
186628	186734	107	7.99	7	14
189378	189483	106	8.01	10	13
189742	190265	524	72.57	60	233
190800	190897	98	40.05	22	82
192479	192525	47	48.57	14	121
192596	192658	63	38.52	3	1122
193853	194042	190	29.11	8	91
194385	194658	274	25.62	12	147
194920	195012	93	73.37	90.5	131
195148	195385	238	40.02	6	318
196328	196728	401	60.44	70.5	184
197806	197857	52	11.75	12	14
199322	199399	78	6.23	7	17
200864	200875	12	44.67	49	49
202199	202329	131	11.20	12	15
202906	203000	95	8.62	9	14
204708	204922	215	3.95	3	14
205967	206262	296	7.28	4	25
206752	206811	60	14.15	15	20
208414	208476	63	10.92	10	20
209191	209192	2	6.50	13	13
209757	209782	26	13.62	15	16
210407	210490	84	10.44	2	26
211913	211914	2	9.00	18	18
212673	212678	6	9.83	11	17
213498	213525	28	17.68	17	22
215800	215935	136	2.40	1	8
216173	216178	6	11.83	14	15
217262	217300	39	12.92	10	23
217691	217708	18	19.56	23	26
218054	218122	69	17.71	3.5	49
218576	218880	305	6.17	2	55
219847	220211	365	5.13	3	13
220686	220860	175	5.83	3	33
221962	222175	214	22.77	11	133
223496	223706	211	40.99	27	124
226755	226833	79	19.44	12	58
227491	227647	157	14.64	4	67
228632	228806	175	14.37	18	28
229746	229890	145	22.89	22	44
230614	230672	59	14.58	14	23
231207	231256	50	15.48	14	22
231986	232391	406	9.09	8	36
233808	233956	149	24.81	8	100
235271	235303	33	119.36	69	298
236228	236254	27	62.30	64	82
236675	236747	73	154.21	138	274
237099	237150	52	54.12	62	107
239077	239336	260	13.33	10	74
239682	239749	68	12.68	13	16
240770	240875	106	55.88	47	167
241119	241167	49	194.41	211.5	238
241297	241308	12	479.83	537	550
241426	241483	58	153.78	126	269
241601	241730	130	25.98	13	87
243552	243612	61	9.98	6	21
244885	245025	141	4.11	4	8
248103	248237	135	7.61	4	29
249234	249327	94	3.04	3	9
250843	250882	40	25.25	27	27
251804	251879	76	16.84	13	56
251950	252227	278	194.91	6	1031
252825	252931	107	48.06	7	199
254642	254691	50	40.42	41	67
255151	255529	379	45.37	35	164
258356	258453	98	30.65	12	136
260626	260725	100	27.94	15	67
261683	261858	176	31.60	30	56
262225	262477	253	11.65	6	34
263351	263500	150	17.37	5	79
266000	266299	300	17.78	7	116
266627	266739	113	23.70	13	71
267313	267369	57	44.74	34	85
267440	267453	14	327.57	7	2261
268171	268279	109	13.83	15	28
269045	269122	78	2.40	2	5
271009	271290	282	3.70	4	7
272263	272424	162	21.89	11	50
273757	273762	6	9.50	13	13
274729	274978	250	3.44	2	24
276383	276910	528	157.46	133	523
277490	277653	164	56.70	49	142
278440	278527	88	64.95	5	282
278690	278859	170	112.39	125	231
280021	280485	465	119.39	112	346
280723	281009	287	14.54	4	48
281844	282028	185	35.61	27.5	218
282863	283100	238	7.81	6	29
284295	284711	417	14.51	7	66
286821	287021	201	196.48	38.5	854
287274	287651	378	69.47	11	269
289020	289058	39	24.46	26	31
290616	290713	98	16.87	20	26
293167	293200	34	16.38	16	26
293399	293454	56	22.64	23	37
293656	293659	4	12.25	16	17
294725	294871	147	4.44	3	15
295526	295528	3	3.33	5	5
296204	296263	60	34.65	34	59
296528	296735	208	4.36	3	26
298773	298817	45	37.38	39	45
299394	299660	267	38.92	7	1543
299934	300040	107	710.32	650.5	1207
301346	301534	189	100.34	11	929
303083	303267	185	105.73	53	321
303586	303648	63	72.33	40.5	226
304546	304709	164	3.72	2	14
306489	306551	63	4.40	4	7
310427	310456	30	23.57	26	28
310781	310997	217	75.88	57	216
311799	312346	548	54.83	28	184
313517	313608	92	39.53	34	77
314860	314935	76	16.08	13	34
315593	315613	21	118.90	107.5	265
315782	315838	57	53.60	39	129
316502	316586	85	24.27	22	46
317166	317183	18	3.78	4	4
318855	319180	326	2.60	2	11
319670	319866	197	1.87	2	4
320686	320738	53	7.57	7	14
321057	321500	444	7.32	2	47
321978	322105	128	12.84	10	22
322655	322662	8	21.25	24	25
323753	323958	206	2.86	2	14
325060	325065	6	28.83	33	40
325705	325763	59	13.98	12	30
326268	326324	57	70.37	86	95
326709	326933	225	13.78	4	90
328065	328140	76	9.66	10	21
329901	329905	5	19.20	24	25
330440	330569	130	9.08	7	26
331320	331496	177	22.37	22	45
333666	333713	48	70.58	70	86
334539	334653	115	61.35	58	108
335287	335292	6	115.83	139	139
335464	335596	133	46.32	23.5	212
336011	336121	111	106.40	45	344
337532	337640	109	53.41	57	80
338328	338450	123	18.85	4	77
339510	339697	188	23.17	15	98
340952	341042	91	31.21	20	69
342606	342723	118	21.96	25	61
342940	342995	56	52.66	52	71
344043	344425	383	27.57	15	216
345797	345799	3	6.67	10	10
346181	346247	67	21.34	5	61
347661	347662	2	54.00	108	108
348353	348480	128	33.73	37	48
350944	351017	74	3.12	3	5
351948	352036	89	30.08	23	55
352430	352474	45	147.60	200	245
353651	354211	561	19.68	3	195
356627	356687	61	19.54	5	65
357291	357456	166	439.31	44	3820
359542	359996	455	62.71	57.5	145
360747	360752	6	9.17	10	13
362277	362298	22	221.91	228	262
363163	363497	335	23.80	11	130
364521	364575	55	36.82	36.5	84
365020	365106	87	31.95	25	80
365572	365605	34	37.21	38	58
366260	366669	410	14.83	13	229
368554	368942	389	51.69	22	193
370349	370668	320	21.48	17	60
371992	372150	159	15.89	10	50
373180	373460	281	47.38	30	129
375609	375610	2	18.50	37	37
376663	376743	81	8.54	7	34
377929	378058	130	6.90	7	9
381563	381606	44	17.34	22	26
382126	382206	81	5.06	5	8
383734	383742	9	32.33	37	37
385465	385506	42	12.48	11	62
386920	387217	298	46.82	34	111
388391	388618	228	52.13	43	185
389714	390376	663	79.10	26	451
392786	392813	28	5.54	6	11
393675	393682	8	61.62	71	73
394034	394184	151	12.25	10	31
395445	395463	19	47.00	42	80
396253	396352	100	55.62	45	120
397971	398253	283	30.18	36	54
399202	399255	54	12.81	13	16
401194	401424	231	42.67	44.5	130
401539	401723	185	18.07	12	68
402096	402152	57	30.12	23	50
402846	402847	2	7.00	14	14
403583	403695	113	13.95	16	18
403942	404114	173	5.31	5	30
404676	404736	61	26.46	27	39
405547	405681	135	6.27	6	11
406492	406721	230	18.21	11	58
407778	407943	166	97.44	21	351
408286	408302	17	95.41	121.5	155
408696	408921	226	12.87	11	26
410086	410218	133	148.27	114.5	340
410495	410695	201	51.87	28	147
411575	411615	41	13.68	16	22
413096	413097	2	2.50	5	5
413755	413922	168	14.97	3	66
414223	414471	249	93.04	7.5	450
414718	414753	36	10.22	12	16
416404	416411	8	16.62	19	20
417276	417362	87	9.54	10	13
418482	418493	12	25.67	28	36
419565	419699	135	67.79	70.5	114
420876	420977	102	63.29	61	207
422292	422513	222	69.21	29	274
423462	423470	9	25.11	28	30
425110	425164	55	6.47	7.5	8
425594	425625	32	63.56	55	113
426850	426855	6	5.00	6	6
427777	427989	213	17.99	17	40
428410	428660	251	10.88	11.5	37
429325	429429	105	10.97	10	22
430672	430717	46	12.15	11	18
431329	431411	83	10.94	10	22
432405	432438	34	5.82	6	10
434286	434456	171	13.73	14	38
435102	435283	182	19.42	12	45
436151	436156	6	3.33	4	4
436838	436884	47	27.19	30	35
437677	437718	42	6.79	7	10
439018	439235	218	12.71	14	20
439689	439741	53	52.60	54	75
440582	440608	27	4.15	5	5
441431	441691	261	12.06	7	28
443480	443612	133	5.69	6	8
444525	444801	277	14.08	11	42
445924	445949	26	17.96	20	26
447111	447198	88	8.30	8	16
448243	448413	171	28.99	31	53
450076	450156	81	15.56	4	61
451816	452030	215	14.73	13	36
452274	452632	359	22.62	5	109
453062	453224	163	6.99	2	62
456162	456331	170	11.45	9	42
457679	457684	6	21.83	30	40
458444	458505	62	22.00	32	36
460573	460753	181	15.71	2	98
463331	463603	273	30.87	19	116
464675	464779	105	94.18	111	191
464915	464952	38	48.13	47	59
466069	466165	97	16.67	8	60
466248	466254	7	70.86	86.5	97
466324	466495	172	120.28	26	932
466637	467068	432	14.42	13	91
468461	468621	161	35.71	11	176
468967	469216	250	32.83	16	110
470009	470056	48	52.77	53	71
471779	471792	14	20.14	21	35
473467	473832	366	11.89	8	36
476260	476304	45	12.64	13	18
477694	477944	251	5.38	4	17
478548	478695	148	33.52	32	55
481902	482023	122	3.50	2	9
482918	482944	27	9.44	9	14
483677	483737	61	28.30	18	101
485478	485559	82	28.07	26	49
485899	486051	153	13.03	5	68
486643	486651	9	27.11	30.5	36
487027	487028	2	35.00	70	70
489947	490080	134	23.69	19	71
491695	491792	98	22.13	24	34
492561	492656	96	12.88	10	23
493788	493825	38	12.13	12	15
494393	494565	173	15.68	16	28
495346	495356	11	5.82	6	7
496284	496350	67	16.84	20	32
497239	497484	246	3.56	3	8
498367	498404	38	4.50	4	6
499353	499427	75	6.13	7	9
500877	501261	385	19.34	9	156
502372	503158	787	13.68	8	73
503258	503677	420	14.37	2	69
503990	504104	115	170.71	196.5	289
504261	504361	101	31.50	40	55
504755	504772	18	26.28	21	41
505628	505782	155	5.81	3	17
507385	507472	88	13.60	12	28
508931	508941	11	19.55	21	24
510043	510215	173	12.16	8	68
510846	510958	113	51.93	58	85
511169	511469	301	118.46	92	341
513993	514090	98	9.23	7	22
514577	514650	74	11.01	11	15
515866	516003	138	14.01	6	135
516075	516181	107	80.26	30.5	346
517121	517257	137	7.38	8	23
518032	518057	26	57.23	47	99
518442	518468	27	71.59	8.5	832
519102	519246	145	41.18	12.5	120
519511	519584	74	405.11	292	966
519930	520275	346	101.90	16	411
522346	522363	18	12.56	13	15
523195	523296	102	11.53	9	44
524302	524394	93	31.37	17	75
524944	525042	99	20.77	16	58
525391	525612	222	59.66	44	178
526414	526423	10	114.90	120	150
527153	527186	34	7.35	8	10
528295	528417	123	6.50	6	16
529696	529910	215	10.73	11	31
531012	531018	7	44.00	51	52
531748	531800	53	110.47	104.5	149
532605	532839	235	36.71	40	104
535204	535285	82	328.85	403	553
535868	536369	502	193.84	34	1587
537060	537146	87	4.33	4.5	6
539825	539947	123	2.32	1	15
541123	541135	13	16.23	18	18
542255	542474	220	6.95	6	18
543642	543708	67	29.82	28	37
544627	544693	67	14.72	13.5	24
545492	545573	82	39.09	36	63
545850	545923	74	30.47	21	56
546845	546909	65	30.57	32	36
548119	548208	90	18.16	16	39
548830	549243	414	244.88	159	737
549670	549798	129	73.71	68.5	128
550738	550764	27	3.07	2.5	9
551596	551648	53	10.94	12	18
552933	553043	111	16.58	16	30
553794	553835	42	5.19	5	10
554217	554253	37	10.38	11	16
555256	555308	53	27.28	26.5	42
556404	556537	134	8.54	6	22
557846	558067	222	26.71	10	121
558698	559207	510	52.88	35	169
560669	560912	244	9.39	3	45
561333	561403	71	62.07	84.5	100
563768	563794	27	18.07	18	24
564374	564506	133	26.93	27	73
565929	565966	38	11.13	14	17
567197	567237	41	1.59	2	4
567589	567715	127	4.59	4	7
567920	567949	30	3.47	4	5
568151	568392	242	5.24	5	8
569740	569793	54	11.44	12	14
570316	570635	320	10.20	9	20
571119	571256	138	8.17	3	22
571902	572323	422	12.88	3	259
572597	572998	402	24.16	7	112
573254	573301	48	72.71	76	92
573635	573755	121	69.90	70	106
574083	574145	63	39.59	45	54
574404	574502	99	48.15	30.5	136
575190	575328	139	3.73	3	10
576394	576632	239	21.30	9	72
577323	577568	246	129.30	119	286
579036	579080	45	66.51	68.5	118
580035	580131	97	23.75	23.5	34
581978	582273	296	4.76	3	22
582592	582724	133	46.11	36	168
583187	583358	172	189.81	190	462
584715	584786	72	16.29	18	23
585372	585453	82	8.27	4	27
587935	588118	184	13.78	6	66
588350	588379	30	45.33	44	61
588722	588794	73	32.37	27	74
589587	589623	37	30.84	31	54
592258	592471	214	5.47	3	25
593459	593501	43	11.93	15	17
594012	594074	63	27.02	24	42
594555	594622	68	22.76	23	31
594971	595374	404	6.58	3	33
595909	596049	141	50.21	34.5	112
596407	596455	49	16.39	12	54
596963	597030	68	7.87	5	22
597568	597622	55	46.22	46	72
597815	597881	67	57.04	64	83
598095	598168	74	126.07	112	225
600179	600337	159	48.38	26	224
600539	600591	53	50.66	46	89
601465	601691	227	11.70	6.5	30
603060	603208	149	10.00	8	23
605024	605130	107	23.66	20	74
605968	606121	154	43.89	44	70
607091	607347	257	13.65	9	46
608539	608624	86	6.09	6	10
608820	609082	263	28.17	3	110
610355	610430	76	8.76	9	15
612198	612203	6	10.67	13	13
613977	614361	385	10.32	8	25
614803	614874	72	7.19	7	10
618067	618184	118	75.80	42	225
618581	618599	19	1.74	2	2
619737	619814	78	2.94	4	4
620130	620160	31	2.65	3	4
621496	621605	110	6.88	3	36
622695	622751	57	7.91	7	16
623016	623051	36	16.39	14	23
623964	624032	69	11.96	13.5	20
624756	624872	117	8.13	6	16
626919	627190	272	10.40	8	39
627572	627582	11	8.64	9	11
628288	628334	47	2.68	2	5
630090	630537	448	3443.37	2288	7998
631267	631343	77	96.91	101.5	125
631917	632080	164	29.57	16	91
632291	632541	251	19.43	3	114
633529	633856	328	80.00	32	369
634376	634434	59	23.69	28	44
635605	635697	93	13.82	16	21
637248	637344	97	10.81	10	22
638041	638114	74	12.38	12	17
639839	639922	84	8.46	8	22
641144	641228	85	8.07	8	10
641299	641327	29	14.86	14	22
644334	644408	75	18.13	7.5	48
644634	644773	140	20.81	12	47
646442	646515	74	5.50	6	9
646948	646989	42	6.36	7	7
647374	647533	160	43.79	46	84
648995	649176	182	198.82	78	570
650494	650632	139	53.99	34	115
651263	651312	50	10.94	13	14
652525	652561	37	64.57	71	74
653489	653562	74	14.82	13	35
654403	654497	95	25.74	8	63
654864	654937	74	21.04	11	82
655022	655098	77	35.06	20	417
657016	657067	52	23.31	24	28
657506	657565	60	24.10	14	71
659378	659720	343	44.21	23	149
659985	660523	539	35.93	31	98
661004	661184	181	5.60	5	16
661783	662123	341	20.26	12	94
663072	663260	189	4.03	3	9
665522	665535	14	7.36	8	9
666301	666342	42	5.36	5	9
668311	668676	366	9.16	7	23
668822	668892	71	1.44	1	2
670045	671016	972	4.59	4	90
671743	671839	97	71.93	49	151
672625	672719	95	22.95	23.5	48
673749	674226	478	14.80	14	42
674668	674798	131	25.95	19	65
675411	675501	91	30.79	31	92
676210	676479	270	21.54	18	39
677149	677166	18	12.11	13	15
677548	677566	19	26.16	29	29
679100	679146	47	3.28	3	7
680842	681000	159	3.46	3	10
682301	682398	98	2.58	3	8
684082	684177	96	20.83	20	41
685546	685815	270	38.77	19	159
686290	686660	371	51.97	2	923
687642	687684	43	45.86	46	69
689086	689279	194	14.98	14	25
690090	690177	88	16.48	17	26
690571	690807	237	5.58	5	15
692361	692366	6	48.50	58	59
692637	692789	153	14.32	14	20
694026	694431	406	2.85	2	10
694912	695082	171	3.42	4	5
696088	696126	39	3.46	4	4
697207	697223	17	4.71	5	5
697740	697768	29	4.45	3	9
698744	699004	261	9.31	8	18
699533	699558	26	24.69	19	61
699979	700149	171	10.21	9	30
702206	702280	75	67.88	82.5	108
702680	702845	166	36.03	17	148
703080	703096	17	8.53	9	10
704015	704221	207	3.53	2	16
706163	706285	123	17.80	14	117
706727	706816	90	10.59	10	20
707651	707722	72	25.74	31	38
708389	708491	103	17.93	13	34
708924	708929	6	19.17	23	29
709737	709761	25	36.80	36	47
711280	711497	218	507.13	363	2296
711924	712242	319	10.78	3	148
713125	713149	25	5.08	6	7
714508	714554	47	3.85	3	9
715335	715347	13	38.92	41	47
715879	715963	85	12.41	12	37
716495	716576	82	20.07	20	24
718899	718940	42	27.67	26	38
720327	720375	49	10.69	11.5	16
722834	722957	124	21.37	25	33
724911	725029	119	18.20	16	44
725777	726188	412	41.15	31	118
729434	729502	69	41.51	38	100
730739	730749	11	52.73	57.5	65
732378	732407	30	4.37	5	5
733575	733592	18	7.44	7	10
734565	734569	5	4.00	5	5
735338	735423	86	15.23	20	23
736444	736508	65	12.45	6	23
737409	737600	192	67.34	18	206
738678	738968	291	31.32	16	144
740760	741039	280	10.12	8	28
742809	742815	7	21.29	25	29
742987	743050	64	38.98	18	100
744848	744876	29	4.97	5	8
745630	745641	12	4.33	4	6
746488	746667	180	9.83	11	23
747706	747742	37	16.16	15	28
748037	748070	34	35.24	35	45
748533	748608	76	20.55	16	41
749770	749795	26	29.69	29	38
751152	751261	110	23.34	29	50
751709	751863	155	7.98	7	19
752404	752427	24	22.12	25	26
752731	752784	54	54.17	51	96
753805	753807	3	10.00	15	15
755296	755383	88	8.18	10	15
755888	756078	191	12.16	12	34
757732	757816	85	16.68	16	23
758708	758729	22	11.64	12	14
759327	759332	6	89.17	107	109
759831	760183	353	40.95	35.5	125
761798	762042	245	3.71	3	10
762523	762579	57	76.02	76	108
763342	763648	307	9.01	5	51
764591	764677	87	34.20	35	54
766193	766296	104	30.14	30	48
767376	767507	132	33.97	35	47
767991	768143	153	186.03	249.5	330
768387	768550	164	120.72	84	259
769283	769345	63	69.71	68.5	85
769703	770204	502	92.43	5	424
771177	771182	6	5.33	6	7
771549	772045	497	12.16	11	49
773264	773337	74	39.61	37	77
774424	774502	79	12.87	13	25
774881	775010	130	16.80	17	27
776043	776047	5	8.00	9	13
777371	777394	24	4.67	2	11
778142	778300	159	31.00	23	140
779750	779852	103	23.88	23	41
780255	780404	150	28.27	3	92
780705	780958	254	27.15	8	129
781457	781518	62	8.63	9	15
782779	782832	54	7.43	8	10
783085	783324	240	17.10	16	35
786262	786862	601	76.83	58	290
787547	787556	10	11.70	13	13
788367	788379	13	6.08	7	7
789508	789610	103	10.64	6	33
791078	791562	485	52.57	15.5	254
792481	792512	32	34.88	34	47
793047	793306	260	15.05	9	51
793520	793550	31	6.52	6.5	9
794631	794650	20	4.30	5	5
796349	796424	76	10.43	7	35
797085	797097	13	4.62	5	5
798037	798072	36	4.89	5	6
798643	798674	32	39.94	44	53
799062	799193	132	13.27	10	44
799935	799940	6	22.17	26	29
800406	800543	138	23.20	24	45
801753	801807	55	2.85	3	4
802387	802597	211	2.71	2	5
803891	803910	20	8.85	9	11
804694	804729	36	9.94	11	17
805198	805279	82	12.07	12	24
805691	806130	440	208.80	20	956
806419	806574	156	98.69	19	388
807697	807702	6	44.83	53	56
808368	808541	174	13.50	12	22
808857	808943	87	21.28	14	57
810552	810800	249	8.17	5	68
811308	811367	60	29.57	17	79
811439	811534	96	33.70	26	319
812438	812468	31	21.45	16	44
813030	813045	16	11.38	12	14
814180	814562	383	231.11	104.5	1192
816642	816745	104	4.00	3	11
817580	817825	246	12.00	5	40
818774	818814	41	16.54	16	22
819790	819952	163	3.47	1	15
820805	821084	280	57.15	43	784
821646	821750	105	166.92	18	964
823575	823902	328	20.91	19	117
824959	825009	51	681.16	735.5	840
825301	825353	53	136.43	139	207
827023	827102	80	46.70	43	81
828147	828285	139	321.09	283	665
829078	829313	236	128.73	25	464
829524	829566	43	70.26	72	90
829948	829953	6	42.67	50	55
830377	830400	24	23.75	25	28
830893	830991	99	3.77	4	6
831658	831960	303	4.73	5	11
833635	833853	219	21.30	19	50
835996	836077	82	109.01	84	231
836279	836361	83	170.93	32	1078
836491	836709	219	32.50	26	68
837451	837714	264	56.30	32	429
838459	838861	403	42.18	3	221
839861	839930	70	22.74	21	37
840537	840638	102	10.75	4	32
841086	841172	87	39.18	19	91
841743	841804	62	20.42	22	25
843242	843355	114	1.67	1	5
843992	844062	71	19.24	19	26
845239	845257	19	11.26	13	15
845925	845943	19	11.68	11	14
847720	847764	45	34.56	36.5	44
848194	848299	106	5.59	6	13
849350	849519	170	28.92	16	107
850444	850468	25	9.16	9	16
851417	851585	169	51.44	38	104
854109	854318	210	58.68	58	159
856735	856965	231	9.44	9	18
858178	858217	40	6.47	6	23
858431	858724	294	51.20	42	105
860108	860119	12	13.83	13	18
860217	860572	356	16.74	5	69
861774	861853	80	11.91	8	41
862754	862772	19	5.84	6	8
863339	863400	62	3.42	3	5
865657	865887	231	27.61	22	83
866982	867200	219	101.74	57	369
867681	867739	59	148.75	142	205
868406	868638	233	25.07	13	205
871320	871452	133	33.38	36	48
871639	871720	82	70.61	34	254
871955	872159	205	54.12	29	224
873360	873735	376	47.97	35	139
875284	875467	184	40.98	18	120
876707	876763	57	21.09	26	35
877958	878167	210	32.53	32	49
878921	879037	117	17.81	16	37
879524	879749	226	21.42	21	49
880956	881638	683	67.52	44	240
883631	883751	121	15.00	15.5	26
883974	883978	5	18.40	23.5	24
884312	884445	134	22.28	16	47
886066	886181	116	24.77	7	71
886350	886866	517	22.58	5	141
887665	887964	300	10.67	5	47
889600	889622	23	12.22	18	18
890457	890458	2	2.50	5	5
891350	891409	60	5.10	3	21
891851	891957	107	3.23	3	7
892432	892691	260	20.13	12	70
893802	893869	68	5.65	5	10
894779	895052	274	10.86	7	29
897345	897453	109	7.20	6	15
898561	898622	62	4.77	4	11
899466	899536	71	12.56	13	18
900944	900955	12	8.08	10	10
902018	902271	254	15.81	8	61
902653	903160	508	9.37	4	34
904022	904114	93	18.59	21	30
905438	905482	45	2.09	1	4
905984	906117	134	8.99	9	12
907792	907837	46	5.17	5	10
908417	908424	8	8.75	10	10
909139	909144	6	37.17	46	46
909973	909989	17	8.29	9	12
910815	910909	95	7.62	1.5	40
912239	912296	58	25.67	29	37
912588	912664	77	27.56	23	48
913685	913703	19	15.16	15.5	18
915687	915799	113	5.27	4	10
916673	916689	17	13.47	14	15
919673	919946	274	17.64	5	85
920811	920894	84	13.15	10	35
921828	921876	49	18.57	19	22
923041	923328	288	6.45	6	15
923953	924088	136	66.32	58	145
925922	926443	522	65.48	25	289
928010	928142	133	27.62	26	72
928872	928936	65	147.38	203	222
930031	930089	59	8.37	7	19
930678	930702	25	8.08	7	13
931648	931722	75	21.07	13	42
934003	934316	314	14.45	10	65
934974	935062	89	23.72	22	61
936938	937115	178	12.51	8	47
937764	937908	145	16.70	10	62
938344	938379	36	14.00	9	35
940275	940326	52	11.98	14	19
941602	941624	23	12.65	14	17
942318	942390	73	7.58	7.5	17
942874	942958	85	3.51	2.5	7
943670	943910	241	31.14	26	82
944964	945098	135	16.72	8	51
945540	945609	70	17.19	12	75
945973	946084	112	28.19	29	40
947144	947160	17	25.71	29.5	34
948046	948396	351	20.64	7.5	135
949201	949251	51	18.27	20	24
950077	950148	72	4.58	5	6
951879	951933	55	18.51	21	21
952270	952286	17	31.65	35	41
953448	953617	170	28.96	7	104
955082	955334	253	25.79	22	94
955644	955662	19	96.95	98.5	150
956278	956341	64	129.50	137	211
956951	957004	54	54.57	50	95
958121	958333	213	102.54	142.5	228
959135	959174	40	28.05	27	55
959931	960028	98	7.08	7	15
960854	961113	260	22.55	10	51
961876	961935	60	36.88	37	43
962575	962595	21	58.90	66	71
963214	964242	1029	18.04	11	161
964819	964874	56	6.61	7	13
965328	965341	14	1.79	2	2
965957	966310	354	5.82	5	12
966701	967452	752	41.87	10	383
968170	968303	134	24.37	19	51
969309	969344	36	38.33	42	46
971097	971121	25	9.40	10	12
973203	973224	22	24.68	27	32
973798	973932	135	27.83	29	49
974398	974541	144	50.54	46	111
976144	976265	122	10.30	10	20
977135	977146	12	26.42	30	34
978332	978417	86	85.09	27	378
979270	979473	204	21.47	2	1353
979548	979802	255	144.03	10	2460
982598	982675	78	6.94	6	18
983931	984106	176	10.79	3	56
984893	985036	144	17.91	17	40
986015	986450	436	156.18	149	525
986994	987178	185	840.48	548	4357
987272	987466	195	199.07	6	2161
989800	990059	260	12.59	1	143
990459	990630	172	8.33	7	16
991130	991220	91	28.10	43	47
992832	992953	122	17.20	15	52
994538	994563	26	14.35	15	18
995113	995318	206	5.33	5	11
995772	995867	96	14.10	8	52
996429	996518	90	17.17	23	29
997089	997102	14	5.71	6	9
998153	998292	140	11.29	9	49
998755	998898	144	4.22	3	14
1001253	1001396	144	3.13	3	8
1001868	1001902	35	7.34	7	10
1002863	1002984	122	4.70	5	7
1003816	1004055	240	12.62	5	44
1005031	1005159	129	22.77	27	33
1005928	1006135	208	17.70	15	35
1007555	1007778	224	22.39	6	84
1008505	1008670	166	16.72	15	32
1010669	1010741	73	24.25	26	39
1010871	1011023	153	33.61	34.5	60
1011381	1011556	176	30.39	29	55
1011695	1012006	312	32.62	8	265
1013405	1013410	6	12.83	15	17
1013699	1013768	70	26.34	16	61
1014912	1015204	293	11.69	6	38
1015982	1016168	187	74.02	86	140
1016304	1016369	66	74.03	80	93
1017100	1017281	182	49.38	51	132
1018446	1018454	9	37.89	41.5	47
1018944	1019058	115	12.09	7	73
1019557	1019662	106	43.25	22	81
1021157	1021241	85	5.45	4	14
1021743	1021968	226	10.70	8	23
1025809	1025816	8	11.62	13	15
1026180	1026278	99	22.10	21	39
1027368	1027827	460	15.07	13	46
1029196	1029257	62	13.68	12	21
1032972	1033064	93	14.02	11	27
1033923	1033953	31	29.26	32	35
1035088	1035204	117	4.49	4	8
1037502	1037553	52	8.98	8	14
1038997	1039091	95	7.25	7	11
1039938	1040007	70	8.71	9	20
1041073	1041230	158	73.41	74	272
1041738	1041783	46	159.13	158	194
1041895	1042256	362	60.46	10	398
1042902	1042941	40	24.27	23	33
1044064	1044128	65	34.34	34	50
1044531	1044718	188	4.19	2	16
1047857	1047881	25	14.24	14	20
1048518	1048532	15	35.53	38	40
1049829	1049975	147	9.44	5	62
1050093	1050246	154	3.77	4	8
1052092	1052581	490	11.35	9	33
1056572	1056932	361	22.06	8	93
1057515	1057555	41	7.17	7	9
1059029	1059242	214	30.81	38	52
1060377	1060472	96	37.40	7	139
1062477	1062648	172	25.01	26	42
1063903	1064054	152	44.51	35	92
1064298	1064548	251	28.45	12	172
1066004	1066219	216	13.28	14	30
1066604	1066693	90	112.54	97	359
1067219	1067260	42	109.62	94	156
1067411	1067434	24	189.29	202	213
1068149	1068242	94	85.68	86	109
1068666	1068670	5	109.20	139	140
1069271	1069291	21	467.48	497	516
1069517	1069581	65	714.40	630.5	1634
1069652	1069749	98	133.17	107	1650
1070110	1070297	188	72.63	11	290
1072122	1072552	431	42.79	12	342
1072874	1072962	89	28.22	30	35
1074052	1074154	103	13.77	12	28
1074383	1074471	89	67.82	64	102
1074883	1074884	2	89.50	179	179
1075338	1075376	39	51.59	63	100
1076199	1076225	27	97.70	56	212
1076574	1076636	63	55.29	60	73
1077576	1077691	116	89.22	91	187
1078079	1078141	63	98.94	135.5	147
1078517	1078845	329	55.55	54.5	118
1079068	1079125	58	41.03	44	54
1079687	1079774	88	172.86	232	337
1081092	1081191	100	126.26	119	208
1081630	1081683	54	39.85	39	82
1082203	1082235	33	35.48	35	53
1082596	1082600	5	55.60	73	78
1083141	1083176	36	33.58	35	44
1083576	1083603	28	40.36	46	48
1084147	1084223	77	37.12	19	147
1084572	1084576	5	21.40	27	27
1084943	1084997	55	34.56	18	95
1085235	1085258	24	60.83	72	78
1085463	1085468	6	55.83	67	68
1085886	1085946	61	55.82	64.5	78
1086667	1086714	48	34.29	36	41
1087072	1087089	18	39.78	42	52
1087366	1087404	39	37.59	49.5	69
1088230	1088254	25	66.04	69	71
1089201	1089303	103	42.41	43.5	73
1089943	1090537	595	76.14	64	224
1092680	1092967	288	3.19	2	9
1093280	1093298	19	7.68	8	10
1095069	1095502	434	21.89	18	74
1096565	1096635	71	11.80	12.5	17
1098364	1098471	108	4.00	3	7
1101493	1101586	94	6.61	7	12
1102442	1102770	329	5.20	4	12
1104933	1105423	491	10.28	4.5	63
1106012	1106089	78	14.36	11	35
1107386	1107535	150	7.43	7	16
1107908	1108004	97	18.10	18	24
1109685	1109940	256	7.57	4	65
1110481	1110487	7	6.86	8	8
1111157	1111166	10	16.90	19	19
1111617	1111848	232	19.79	20	37
1112905	1112926	22	37.73	45	46
1113725	1113794	70	10.79	11	19
1114248	1114271	24	10.42	11	15
1115178	1115411	234	7.19	1	63
1117143	1117254	112	15.62	17	26
1119826	1119890	65	7.97	8	13
1120629	1120701	73	30.07	34	38
1121653	1121738	86	19.10	16	41
1122237	1122420	184	6.92	7	17
1123189	1123297	109	15.45	14	29
1123862	1123903	42	10.31	11	13
1124903	1125155	253	12.57	4	92
1125522	1125814	293	28.89	24	83
1127077	1127215	139	9.90	9	16
1128572	1128675	104	3.89	3	7
1129024	1129277	254	11.52	5	44
1129980	1129998	19	80.58	85	90
1130716	1130805	90	15.93	10	37
1130890	1131056	167	16.89	15	77
1132245	1132389	145	35.37	39.5	61
1133320	1133516	197	24.52	23	41
1134846	1135050	205	13.91	4	115
1135134	1135207	74	227.62	27	1490
1135994	1136007	14	15.64	17	17
1136470	1136604	135	14.62	14	26
1137496	1137557	62	9.84	12	14
1138032	1138259	228	28.57	27	68
1141083	1141302	220	15.63	16	28
1143220	1143360	141	11.39	11	33
1144864	1145108	245	13.29	5	53
1145958	1146081	124	17.52	16	63
1146478	1146635	158	28.14	32	49
1147194	1147282	89	54.18	79.5	101
1148006	1148205	200	14.09	13	32
1151833	1152249	417	61.82	9	368
1152811	1152844	34	10.59	10	14
1153487	1153571	85	5.52	5	7
1154007	1154209	203	3.72	3	17
1155065	1155114	50	81.90	88	89
1156009	1156112	104	46.96	34	76
1157427	1157549	123	27.67	29	90
1157745	1157881	137	24.17	15	111
1159316	1159825	510	11.05	10	23
1160285	1160409	125	13.91	14	21
1160941	1161042	102	8.34	7	36
1162207	1162321	115	42.91	24	94
1165345	1165384	40	8.57	8	12
1166411	1166592	182	11.08	12	28
1167355	1168133	779	30.88	19	182
1168629	1168634	6	37.67	48	48
1168929	1169019	91	17.53	19	25
1169458	1169465	8	9.62	11	11
1170609	1170621	13	24.54	26	33
1171618	1171646	29	12.55	14	17
1174118	1174162	45	21.20	17	33
1174904	1175427	524	11.68	9	54
1176967	1177106	140	38.54	6	238
1177578	1177580	3	204.00	306	306
1178763	1179066	304	26.69	4	93
1179634	1179739	106	31.14	29	68
1180835	1180881	47	11.79	12	16
1181839	1181916	78	7.18	4	16
1182937	1183076	140	4.75	3	15
1183365	1183449	85	3.26	3	14
1185319	1185398	80	16.71	16	24
1185954	1186074	121	28.09	25	68
1186420	1186466	47	10.04	11	12
1187088	1187248	161	4.57	5	7
1188289	1188345	57	87.25	6	4584
1188416	1188655	240	46.19	41	140
1188947	1189027	81	5.17	5	10
1189844	1189847	4	3.00	4	4
1191291	1191297	7	22.14	26.5	27
1192249	1192305	57	36.07	36	44
1193218	1193606	389	21.48	14	60
1194600	1194686	87	44.95	54.5	73
1196331	1196346	16	22.56	21	44
1196944	1197023	80	18.98	18	28
1197234	1197445	212	9.29	8	23
1197923	1198122	200	4.99	2	17
1199701	1199866	166	16.39	4	99
1200398	1200485	88	99.50	77	209
1200930	1200935	6	144.33	168	184
1202316	1202320	5	6.60	8	9
1203650	1203792	143	39.74	24	113
1205707	1205896	190	39.23	24	81
1214057	1214255	199	25.32	23	139
1215153	1215194	42	19.33	20	24
1215435	1215442	8	25.88	32	32
1217354	1217838	485	4.19	4	13
1219474	1219559	86	3.91	2	9
1220859	1220966	108	63.53	63	146
1221603	1221860	258	210.74	104	1580
1222212	1222338	127	2730.38	1015.5	6138
1223836	1223941	106	1473.58	1510	2214
1224347	1224528	182	3.11	3	12
1225825	1225839	15	5.00	5	6
1227028	1227399	372	72.44	61	262
1227820	1228208	389	15.62	16	28
1229649	1229659	11	2.64	3	3
1230263	1230612	350	17.27	14	44
1231357	1231754	398	36.72	33	105
1232706	1232752	47	5.85	5	10
1235252	1235409	158	12.77	13	20
1236475	1236478	4	9.75	13	13
1237967	1238088	122	93.29	59	216
1238773	1238839	67	73.52	71.5	115
1239437	1239526	90	59.70	11	174
1240421	1240430	10	13.10	15	15
1240764	1240855	92	30.98	31	45
1241570	1241714	145	18.64	19	31
1242693	1242709	17	22.88	24	26
1243244	1243344	101	37.21	30.5	132
1244419	1244497	79	4.34	4	7
1245779	1246030	252	24.11	12	93
1247015	1248056	1042	56.55	18	256
1249287	1249377	91	7.16	7	9
1249999	1250040	42	8.38	8	12
1250467	1250620	154	10.60	10	19
1251215	1251256	42	16.29	21	23
1251725	1251843	119	83.68	53	250
1251914	1251998	85	43.25	44.5	171
1252689	1252730	42	41.43	47	50
1254374	1254429	56	17.16	18	23
1255774	1256461	688	17.74	5	132
1256831	1256986	156	21.45	8	64
1258692	1258901	210	6.40	2	25
1261638	1261656	19	41.74	43.5	53
1262071	1262096	26	30.92	30	40
1263291	1263456	166	71.86	80	110
1263784	1264354	571	78.89	17	515
1266622	1266772	151	26.34	21	75
1267850	1267939	90	9.10	7	20
1268438	1268972	535	18.29	4	87
1270089	1270154	66	10.74	7	29
1270584	1270732	149	7.66	5	25
1272047	1272527	481	106.05	67	458
1273035	1273105	71	19.62	22	27
1273730	1273892	163	10.49	8	36
1274079	1274224	146	3.90	4	10
1275389	1275400	12	36.00	39	42
1275995	1276838	844	10.39	6	143
1277106	1277209	104	61.12	49	243
1278106	1278241	136	4.40	6	7
1279757	1279862	106	49.84	1	223
1280109	1280212	104	23.36	22	73
1281272	1281356	85	12.78	5	31
1281579	1281785	207	17.67	20.5	48
1282164	1282203	40	55.62	56	74
1282855	1282860	6	18.33	22	23
1283452	1283468	17	37.94	40	44
1283940	1284093	154	18.09	13	42
1284649	1284789	141	3.48	3	15
1285315	1285536	222	15.11	12	34
1287112	1287176	65	20.91	15	51
1288065	1288168	104	9.17	8	18
1290104	1290108	5	3.40	4	5
1290427	1290475	49	7.92	9	11
1291631	1291697	67	6.45	7	11
1292430	1292465	36	22.39	24	30
1295583	1295608	26	28.58	27	38
1296179	1296282	104	7.35	8	12
1297273	1297346	74	5.24	5	7
1299109	1299178	70	8.91	7	18
1299524	1299648	125	15.68	15	25
1299982	1300329	348	16.98	14	52
1303144	1303234	91	5.76	4	13
1303544	1303566	23	38.57	41	60
1307191	1307834	644	33.65	9	216
1310177	1310524	348	177.87	141	615
1310744	1310944	201	414.86	75.5	1440
1311536	1311636	101	10.43	9.5	79
1311707	1311920	214	22.18	17	113
1313733	1314329	597	47.95	24	429
1314765	1314883	119	24.70	9	100
1315583	1315643	61	6.97	7	9
1316271	1316505	235	35.01	5	181
1317793	1318178	386	29.50	17	122
1318605	1318769	165	18.81	9	69
1320594	1320778	185	43.83	41.5	104
1321667	1321705	39	60.82	65	68
1322747	1323162	416	64.45	38	191
1324525	1324632	108	16.21	12	35
1325356	1325730	375	11.12	7	46
1326724	1326809	86	6.15	2	27
1327632	1327822	191	8.96	2	33
1330742	1330746	5	4.80	6	7
1332768	1332872	105	10.30	10	16
1334088	1334148	61	5.38	6	6
1334587	1334712	126	62.95	30	213
1335049	1335136	88	44.72	50	80
1335599	1335649	51	32.65	35	39
1339136	1339268	133	38.75	37	60
1339596	1339910	315	15.74	13.5	45
1341039	1341084	46	47.41	15	189
1341808	1341951	144	33.89	15	113
1342462	1342630	169	490.56	343.5	1155
1343483	1344168	686	159.92	15	950
1344841	1344847	7	16.29	19	19
1347117	1347354	238	7.42	5	19
1348231	1348902	672	11.22	11	33
1349665	1349889	225	7.46	3	64
1350481	1350497	17	27.41	29	31
1351425	1351872	448	5.89	4	49
1353499	1353644	146	22.93	19	40
1354680	1354940	261	14.90	5.5	73
1356216	1356349	134	9.40	8	16
1356899	1357007	109	22.29	18	51
1357590	1357770	181	29.17	26	69
1360504	1360610	107	21.55	22	36
1361322	1361360	39	20.77	23	25
1362036	1362072	37	133.32	146	157
1362820	1363058	239	8.15	6	59
1365111	1365246	136	9.36	7	29
1365841	1366099	259	9.17	6	44
1366217	1366292	76	53.87	38	91
1366764	1367141	378	43.92	47	80
1368696	1368905	210	19.71	21	50
1371132	1371187	56	6.16	6	10
1372403	1372404	2	5.00	10	10
1374360	1374521	162	25.09	22	64
1374822	1374889	68	35.94	39	62
1376027	1376147	121	69.53	22	328
1377876	1377977	102	13.21	4	49
1378676	1378762	87	20.25	13.5	40
1379237	1379239	3	13.67	20.5	21
1381940	1382023	84	4.80	4	16
1382992	1383100	109	8.47	7.5	13
1384315	1384401	87	35.01	19	88
1385341	1385472	132	45.20	16	115
1386457	1386667	211	11.84	12	44
1387751	1388114	364	10.79	2	38
1389261	1389330	70	7.60	7	13
1390210	1390419	210	8.25	7	25
1391446	1391583	138	32.30	33	54
1391884	1391949	66	26.26	26	36
1392274	1392400	127	36.59	20	159
1392470	1392620	151	23.29	11	447
1392921	1393121	201	16.32	14	58
1393755	1393766	12	16.75	18	19
1395105	1395130	26	47.31	42	72
1395722	1396011	290	19.24	15	47
1397932	1398013	82	9.94	6	43
1399178	1399263	86	9.71	9	14
1401196	1401712	517	1368.99	878.5	7995
1402655	1402861	207	12.50	6	113
1402976	1403068	93	50.92	66	92
1403957	1403965	9	5.00	5.5	7
1405568	1405817	250	8.52	10	18
1408158	1408311	154	41.03	45	67
1408777	1409071	295	46.63	21	286
1410143	1410390	248	36.15	26	116
1411792	1411843	52	25.71	28	34
1412960	1413545	586	19.77	10	82
1415886	1416089	204	47.50	13	178
1417689	1418085	397	53.24	5	339
1418602	1418876	275	8.87	8	18
1419381	1419456	76	6.59	5	22
1420063	1420099	37	119.16	124.5	133
1420586	1420694	109	2.28	1	15
1421682	1421963	282	29.02	13	212
1423584	1423806	223	26.79	10	151
1425118	1425119	2	7.00	14	14
1426047	1426147	101	29.27	29.5	42
1426844	1426885	42	14.33	15	21
1427561	1427572	12	38.00	43	45
1428233	1428426	194	9.31	6	40
1428748	1428792	45	14.93	21	21
1430959	1431066	108	32.12	36	49
1433773	1433915	143	41.24	27	119
1434450	1434512	63	22.79	24	26
1434906	1435166	261	18.95	18	33
1436352	1436784	433	15.97	10	67
1438444	1438457	14	19.86	23	23
1439430	1439529	100	4.63	2	22
1440328	1440415	88	18.76	16	33
1442189	1442206	18	15.28	17	17
1442453	1442573	121	5.02	5	14
1444236	1444367	132	18.83	18	40
1447425	1447489	65	6.28	7	9
1448069	1448358	290	119.37	78	342
1450360	1450508	149	24.64	10	76
1451169	1451412	244	13.35	13	88
1452545	1452717	173	8.23	6	19
1455367	1455532	166	33.55	12	184
1456622	1456727	106	6.54	5	18
1458222	1458286	65	24.34	24.5	38
1458902	1459003	102	93.10	20	394
1459214	1459384	171	26.97	9	114
1460828	1461337	510	5.09	1	28
1462825	1462948	124	0.00	0	0
1463020	1463061	42	0.00	0	0
1463135	1463344	210	0.00	0	0
1466153	1466233	81	508.64	0	2257
1466351	1466513	163	59.36	28	244
1467393	1467487	95	4.22	3	9
1469126	1469287	162	58.49	55	117
1470401	1470490	90	11.48	7	27
1470968	1470996	29	18.69	13.5	36
1473567	1473639	73	30.62	21	103
1474912	1475054	143	9.14	8	27
1478650	1478732	83	10.69	9.5	17
1479300	1479355	56	14.70	14	19
1480607	1480651	45	13.76	9	26
1481279	1481315	37	5.92	5	12
1482054	1482230	177	11.45	7	44
1482465	1482545	81	13.64	12.5	36
1485531	1485679	149	12.54	10	28
1485890	1486094	205	4.32	4	9
1488756	1488775	20	3.75	4	4
1489790	1489905	116	316.28	9	2551
1490986	1491566	581	107.88	25	2447
1492161	1492391	231	26.20	15	94
1494048	1494096	49	24.59	27	41
1494409	1494458	50	99.92	108	128
1495362	1495371	10	12.50	14	14
1496242	1496348	107	10.89	12	36
1498062	1498138	77	2.71	3	6
1499923	1499945	23	26.13	26	30
1501155	1501157	3	47.00	70.5	72
1501368	1501543	176	37.69	8	172
1501748	1501800	53	27.53	28.5	40
1502293	1502389	97	18.04	18.5	28
1503728	1503738	11	19.27	21	22
1504621	1504915	295	19.15	11	48
1505579	1505657	79	59.09	67	117
1506879	1507075	197	14.24	13	45
1507700	1507755	56	38.41	39	63
1508518	1508519	2	7.00	14	14
1510213	1510218	6	31.67	38	39
1510885	1510952	68	13.12	7	45
1511541	1511549	9	9.44	12	12
1512564	1512635	72	2.53	3	4
1516170	1516791	622	5.80	2	62
1517179	1517561	383	3.22	2	15
1518861	1518899	39	1.79	2	2
1521302	1521310	9	2.67	3	3
1523141	1523145	5	2.40	3	3
1524136	1524245	110	10.55	6	22
1524606	1524607	2	10.50	21	21
1526751	1526804	54	3.78	4	6
1527390	1527468	79	16.30	8	38
1527943	1527982	40	23.25	27	30
1529090	1529204	115	146.36	46	1043
1529272	1529397	126	9.40	6	140
1530139	1530286	148	17.58	19	27
1530947	1530970	24	70.88	75	85
1532303	1532426	124	18.36	10	44
1533954	1534053	100	17.46	10	55
1535197	1535638	442	17.71	9	117
1537016	1537194	179	10.18	3	157
1537819	1537930	112	20.57	23	59
1538927	1538965	39	10.64	11	15
1540151	1540353	203	3.96	3	22
1541467	1541485	19	7.42	7	9
1542053	1542202	150	7.69	8	18
1543937	1544063	127	2.96	3	11
1546887	1547094	208	13.93	6	51
1547698	1547940	243	35.33	5	204
1548289	1548482	194	11.01	11	18
1548960	1549074	115	2.05	2	3
1550218	1550420	203	38.84	37	77
1550886	1550953	68	16.62	10	46
1551914	1552029	116	3.91	3	11
1554550	1554766	217	11.25	2	66
1554974	1555024	51	23.37	28	59
1555220	1555610	391	95.41	53	578
1555908	1556469	562	23.77	12	113
1557370	1557435	66	14.59	15	19
1558615	1558625	11	12.55	13	16
1560993	1560997	5	3.20	4	4
1561712	1561727	16	3.69	4	4
1563108	1563577	470	4.49	3	15
1565033	1565044	12	26.00	28	29
1567122	1567158	37	15.65	15	20
1567630	1567937	308	12.86	7	42
1568280	1568587	308	8.65	8	27
1571510	1571615	106	123.71	135	250
1572591	1572915	325	49.34	2	205
1573444	1573530	87	9.09	10	13
1574995	1575036	42	17.86	14	34
1576021	1576366	346	21.32	3	106
1576898	1576981	84	9.25	10	11
1578203	1578342	140	5.41	3	23
1579237	1579515	279	75.28	62	164
1580263	1580436	174	67.76	48	163
1580893	1580952	60	37.32	45	57
1582510	1582855	346	21.99	21	36
1585124	1585173	50	17.78	12	43
1586464	1586994	531	60.64	31	393
1587508	1587926	419	70.43	67	175
1589232	1589399	168	32.36	26	77
1589961	1590291	331	58.69	48.5	163
1592895	1592953	59	23.41	26.5	36
1593785	1593830	46	46.09	48	56
1594701	1594802	102	35.43	36	55
1595775	1595793	19	38.32	40.5	47
1597036	1597142	107	61.34	66	144
1598052	1598064	13	25.77	28	35
1599016	1599273	258	48.37	49	77
1599688	1599697	10	121.90	138	138
1600910	1600956	47	99.19	115.5	130
1602235	1602261	27	42.33	43.5	64
1604646	1604974	329	57.21	39	153
1605392	1605398	7	80.57	94	95
1605807	1605907	101	27.89	29	52
1607511	1607666	156	52.37	19	424
1608988	1609041	54	23.15	25	33
1609309	1609547	239	21.09	19	36
1610595	1610629	35	46.11	48	54
1611428	1611437	10	27.60	28	36
1612706	1613062	357	47.06	30	135
1614028	1614101	74	14.97	17	22
1617272	1617345	74	5.65	5	9
1618192	1618199	8	21.50	25	27
1619529	1619572	44	63.23	64	91
1620164	1620413	250	48.57	62	91
1621077	1621267	191	13.46	13	29
1625317	1625383	67	10.03	2	49
1625834	1625858	25	24.56	27.5	32
1626525	1626576	52	73.31	78	85
1626988	1627057	70	13.57	12	28
1627721	1627808	88	12.01	12	19
1630080	1630779	700	97.64	44	515
1631434	1631505	72	10.54	11	17
1632196	1632255	60	20.22	20	24
1632508	1632602	95	8.31	8	12
1633620	1633644	25	11.92	12	20
1634782	1634957	176	16.40	14	30
1637904	1638051	148	6.29	6	10
1638898	1638911	14	3.36	3	5
1639155	1639308	154	3.14	4	6
1639906	1639947	42	6.36	6	8
1640152	1640167	16	5.31	6	7
1641194	1641249	56	25.36	29	32
1641904	1641959	56	9.12	7	22
1642662	1642745	84	22.96	23	34
1644156	1644195	40	13.47	14	15
1645057	1645159	103	22.09	8	118
1647582	1647898	317	100.35	96.5	260
1648454	1648492	39	8.15	8	9
1649764	1650249	486	17.62	10	75
1650595	1650647	53	7.36	7	13
1650939	1650993	55	20.13	22	34
1651513	1651583	71	13.20	7.5	34
1652562	1652684	123	10.98	6	42
1653165	1653302	138	21.11	11	70
1654170	1654308	139	61.51	58	128
1654588	1654816	229	13.66	7	43
1655099	1655189	91	9.74	9	15
1656111	1656260	150	8.13	6	28
1656759	1656772	14	23.29	26	28
1658033	1658092	60	7.40	7	15
1659299	1659640	342	31.41	25	76
1660193	1660468	276	31.72	19	126
1661369	1661501	133	20.42	14.5	69
1662012	1662064	53	11.26	11	19
1662743	1662933	191	20.92	9	72
1663675	1663823	149	61.76	57	106
1664076	1664221	146	53.05	41	155
1664684	1664822	139	30.41	16	87
1666146	1666177	32	9.59	10	15
1667237	1667322	86	11.21	8	26
1668517	1668564	48	31.15	25	54
1668661	1668677	17	26.65	28	34
1669080	1669554	475	20.44	12	68
1670107	1670345	239	158.77	26	661
1670589	1670845	257	346.01	13.5	2650
1671422	1671557	136	8.59	7	77
1671699	1671822	124	112.46	130	170
1673793	1673879	87	91.06	50	287
1674741	1674853	113	25.51	21	57
1675574	1675805	232	16.90	8	54
1676316	1676371	56	7.79	6	34
1676443	1676787	345	39.39	29.5	168
1677694	1677717	24	140.38	246	246
1678591	1678747	157	31.22	21	76
1680870	1680890	21	131.33	139.5	161
1681431	1681543	113	34.57	41.5	118
1684010	1684199	190	48.09	44	102
1684722	1684811	90	16.76	15	29
1685268	1685393	126	16.55	9	67
1686225	1686369	145	5.10	3	15
1687465	1687523	59	9.54	8	17
1689327	1689428	102	31.46	31	46
1690602	1690750	149	9.07	9	23
1691714	1692277	564	16.63	16	50
1692827	1692947	121	46.17	33.5	97
1693365	1693451	87	17.24	13	43
1693908	1693997	90	66.76	71	111
1694319	1694818	500	184.43	13	1522
1696007	1696018	12	3.92	4	6
1697528	1697611	84	24.00	28	40
1697933	1698237	305	36.81	17	145
1699300	1699377	78	13.13	9	36
1700557	1700681	125	15.70	6	71
1701498	1701579	82	19.00	19	45
1701952	1702006	55	31.84	25	217
1703441	1703612	172	5.68	4	31
1705884	1706084	201	34.80	6	184
1706607	1706725	119	13.83	14	85
1708348	1708615	268	127.45	9	714
1708901	1709022	122	164.34	132	457
1710442	1711016	575	38.55	10	188
1711524	1711633	110	29.81	35	58
1712549	1712570	22	6.77	7	9
1712775	1712779	5	4.00	5	5
1714833	1714923	91	3.71	4	7
1716813	1716877	65	26.29	25	33
1720049	1720236	188	8.27	5	39
1720987	1721144	158	18.76	18	29
1723223	1723266	44	6.52	7	9
1723474	1723540	67	32.76	31	51
1724453	1724610	158	10.95	12	19
1726237	1726352	116	18.21	16	35
1727088	1727091	4	12.25	16	17
1727563	1727724	162	17.02	17	29
1728592	1728609	18	42.94	48	61
1729120	1729300	181	2.25	2	7
1730786	1730842	57	17.61	18	23
1731245	1731550	306	8.29	2	74
1733075	1733214	140	26.60	26	39
1734199	1734265	67	31.27	27	72
1735463	1735677	215	45.74	43.5	91
1736116	1736175	60	8.72	10	14
1737979	1738369	391	4.03	2	16
1741082	1741286	205	8.69	6	22
1743081	1743234	154	8.06	6	40
1743694	1743718	25	29.24	30.5	32
1744866	1744900	35	115.97	74.5	260
1744979	1745113	135	33.17	4	1106
1745888	1746177	290	19.86	20	96
1746619	1746690	72	17.06	17	26
1748311	1748354	44	16.34	17	22
1748919	1748970	52	39.94	29	74
1751260	1751323	64	5.36	5	8
1751543	1751544	2	5.50	11	11
1751773	1751874	102	11.96	11	37
1752295	1752513	219	10.28	9	36
1753675	1753839	165	6.27	6	14
1756471	1756527	57	8.77	9	15
1756927	1756943	17	11.71	13	15
1758312	1758366	55	30.60	32	42
1759045	1759378	334	12.53	8	42
1760153	1760231	79	5.16	4.5	11
1761102	1761183	82	2.00	2	3
1762141	1762291	151	2.93	2	11
1762886	1762929	44	10.89	8	18
1763479	1763612	134	4.12	3	10
1764735	1764802	68	16.57	8	69
1766252	1766375	124	15.44	16	25
1768980	1769089	110	2.89	2	38
1770806	1771074	269	39.14	32	101
1771486	1771522	37	15.57	16	16
1771763	1772048	286	29.33	18	76
1772313	1772407	95	92.92	95.5	132
1772708	1772866	159	43.99	11	237
1773521	1773585	65	7.83	4	18
1774042	1774135	94	3.89	3	11
1775684	1775750	67	5.21	6	8
1776282	1776643	362	54.08	25	221
1776884	1777075	192	33.82	39	248
1779632	1779793	162	4.70	5	11
1780124	1780156	33	3.97	2.5	8
1780439	1780639	201	6.08	2.5	39
1781225	1781447	223	30.06	10	193
1781742	1781771	30	43.27	48	49
1783503	1783656	154	37.82	14	100
1784419	1784462	44	34.91	40	43
1786077	1786100	24	30.29	32	34
1786707	1786717	11	7.36	8.5	9
1787807	1787853	47	15.19	16	20
1790080	1790252	173	11.74	11	21
1791399	1791455	57	19.23	12	42
1793815	1793994	180	5.48	3	26
1794661	1794797	137	25.92	23	51
1795467	1795482	16	8.94	9	14
1796725	1796756	32	37.22	39	43
1797903	1798117	215	37.51	32.5	71
1798535	1799333	799	16.94	4	134
1800531	1800571	41	16.05	16	24
1801823	1801958	136	18.83	12	60
1802949	1803040	92	8.32	6	18
1803386	1803589	204	23.58	3	75
1804109	1804187	79	42.38	47	51
1805187	1805209	23	9.96	12	16
1807197	1807209	13	2.77	3	3
1808314	1808319	6	4.83	6	6
1810276	1810283	8	6.12	7	7
1811523	1811679	157	3.04	3	9
1812810	1812814	5	6.40	8	8
1813445	1813711	267	5.44	6	12
1815548	1815588	41	3.93	4	5
1816681	1816687	7	7.43	9	10
1817462	1817535	74	1.92	2	4
1818397	1818526	130	20.38	20	34
1819166	1819179	14	68.36	78	79
1819813	1819973	161	6.11	4.5	30
1821629	1821685	57	11.96	7	22
1822661	1822841	181	2.45	3	5
1823319	1823331	13	24.31	31	31
1825615	1825730	116	7.42	8	10
1826400	1826546	147	3.27	4	14
1827801	1827821	21	20.38	21	37
1828134	1828149	16	727.31	806	831
1828324	1828468	145	140.28	105.5	396
1829573	1829622	50	2.94	3	3
1831426	1831516	91	60.25	62	102
1832084	1832226	143	8.15	9	14
1832584	1832686	103	6.24	4	24
1833050	1833064	15	24.40	26	32
1833758	1833809	52	2.40	3	3
1834881	1834948	68	2.62	1	8
1835777	1836133	357	5.92	6	18
1836377	1836660	284	4.10	4	8
1837831	1837910	80	13.21	12	23
1838364	1838503	140	11.76	11	29
1839485	1839988	504	39.63	11	189
1841243	1841440	198	18.13	17	37
1842059	1842215	157	12.94	3	49
1845105	1845149	45	12.18	13	15
1846157	1846362	206	118.23	15	528
1847884	1848255	372	223.90	205	832
1848571	1848746	176	4.10	2	18
1849569	1849593	25	34.16	35	42
1850215	1850256	42	27.81	31	37
1850743	1850770	28	12.14	11	22
1851260	1851268	9	9.22	10	12
1851620	1851658	39	2.41	3	3
1852589	1852601	13	20.31	23	23
1853043	1853089	47	6.51	7	8
1854629	1854771	143	2.95	3	8
1855747	1855749	3	14.67	22	22
1860199	1860243	45	6.04	6	14
1861102	1861120	19	19.05	20	23
1861732	1861753	22	8.23	9	10
1862384	1862466	83	5.52	5	13
1864123	1864127	5	7.20	9	9
1864419	1864675	257	49.63	35	171
1864710	1864748	39	1774.69	2165	2266
1864783	1864819	37	587.32	614	641
1864854	1864892	39	41.87	35	67
1864927	1864964	38	638.76	701	732
1864999	1865035	37	43.86	44	69
1865070	1865109	40	54.17	56	67
1865144	1865180	37	65.35	71	79
1865215	1865252	38	34.39	37	43
1865287	1865324	38	89.68	100	107
1865359	1865398	40	83.28	77	124
1865433	1865470	38	105.55	113	121
1865505	1865543	39	166.23	177	183
1865578	1865821	244	46.44	14	723
1865893	1866010	118	107.31	21	6535
1866476	1866515	40	9.53	8	50
1866610	1866639	30	125.80	117	301
1867228	1867288	61	6.25	6	8
1868411	1868603	193	3.15	2	12
1869558	1869582	25	50.00	56	57
1871287	1871304	18	16.61	18	18
1872061	1872092	32	15.75	17	23
1872669	1872849	181	33.18	15.5	137
1873486	1873570	85	11.39	11.5	16
1875779	1875911	133	32.78	29	76
1876620	1876673	54	16.11	13	31
1877403	1877416	14	9.71	11	12
1878272	1878329	58	13.62	13	23
1878891	1878994	104	30.40	33	39
1880237	1880459	223	8.18	7	23
1880862	1881121	260	20.86	18	45
1881746	1881909	164	87.40	15	305
1882243	1882275	33	280.27	246	408
1882678	1882748	71	668.17	485	1700
1884162	1884636	475	134.48	16	1003
1885342	1885446	105	47.04	31	133
1887430	1887566	137	428.74	334	952
1887864	1887901	38	30.39	22	78
1888238	1888336	99	230.62	234	346
1888646	1889002	357	201.92	46	670
1890677	1891085	409	20.79	10	76
1892982	1893038	57	26.33	25	53
1894518	1894539	22	40.91	41	56
1895686	1895784	99	21.74	21	30
1897717	1897769	53	7.98	5.5	19
1897950	1897959	10	15.00	16	19
1898758	1898810	53	82.49	89	106
1900071	1900130	60	161.92	163	218
1901487	1901491	5	126.20	158.5	162
1902263	1902331	69	107.88	83	193
1903769	1903931	163	118.44	144	248
1904604	1904619	16	51.44	58	61
1905451	1905560	110	6.26	7	10
1906220	1906347	128	2.11	1	11
1907293	1907329	37	17.43	18	21
1907810	1907959	150	263.65	132	804
1908122	1908352	231	23.98	3.5	176
1908947	1909094	148	45.82	16	180
1909362	1909379	18	444.67	513	605
1909857	1910083	227	164.82	136	377
1911137	1911284	148	17.69	17	47
1913265	1913447	183	31.55	40.5	64
1915005	1915690	686	100.18	66	417
1916723	1916948	226	13.81	9	58
1917735	1917765	31	3.55	4	4
1919356	1919455	100	41.69	44	77
1919795	1919983	189	90.25	5.5	445
1920938	1921247	310	16.56	9	83
1921953	1922238	286	24.74	15	103
1922332	1922412	81	9.27	9	26
1923139	1923304	166	32.40	40	57
1923800	1924444	645	60.95	23.5	268
1925603	1925702	100	21.94	24	34
1927665	1927804	140	9.57	9	22
1929152	1929284	133	12.62	13	23
1929948	1930069	122	18.02	16	27
1931326	1931402	77	14.27	19	27
1933371	1933489	119	170.92	233	301
1934873	1935565	693	24.20	7	170
1935836	1935873	38	53.34	60	65
1936426	1936506	81	41.49	18.5	138
1937101	1937156	56	11.73	13	22
1937967	1938279	313	6.69	6	18
1938895	1938990	96	37.75	39	49
1939267	1939548	282	12.31	9	43
1939906	1939913	8	39.25	44	48
1940295	1940316	22	11.82	14	14
1941553	1941558	6	8.33	10	10
1942177	1942250	74	15.34	15	28
1942836	1943023	188	4.67	5	11
1946332	1946573	242	12.62	2	117
1947210	1947252	43	219.60	129	658
1948963	1949291	329	5.50	5	16
1950732	1951044	313	13.17	8	40
1951723	1951741	19	23.63	23.5	34
1953542	1953605	64	20.91	20	39
1954518	1954590	73	21.81	26	30
1955368	1955719	352	9.86	9	27
1958051	1958434	384	16.98	7	98
1959935	1959936	2	3.00	6	6
1961848	1961945	98	1.86	2	3
1962432	1962479	48	4.23	5	5
1963116	1963535	420	2.79	1	13
1964310	1964364	55	13.40	14	16
1965013	1965018	6	4.67	5	8
1966207	1966297	91	2.40	2	3
1966904	1966908	5	9.20	11.5	12
1967155	1967159	5	1.60	2	2
1967571	1967699	129	3.19	3	6
1969845	1969930	86	42.24	42	77
1970439	1970519	81	85.44	115	144
1970772	1970777	6	8.33	10	10
1970961	1970994	34	7.26	8	9
1971379	1971442	64	34.41	31	56
1971653	1971690	38	18.68	28	29
1972312	1972586	275	7.94	6	22
1973848	1973985	138	29.78	20	127
1974055	1974116	62	55.05	9	1266
1974885	1975014	130	141.32	122	281
1976137	1976241	105	9.75	7	21
1977781	1978012	232	12.99	7	66
1978178	1978392	215	18.13	16	81
1979491	1979837	347	82.44	60	286
1980639	1980934	296	36.06	26	115
1981409	1981467	59	33.47	35	55
1982260	1982295	36	21.36	22	37
1983856	1983898	43	4.58	4	6
1984700	1984714	15	13.00	13.5	16
1986851	1986875	25	6.60	7	8
1987509	1987630	122	10.85	4	39
1989602	1989723	122	19.01	8	57
1991267	1991348	82	8.62	2	28
1993595	1993939	345	6.89	7	13
1994770	1994999	230	20.50	18	41
1995540	1995592	53	41.40	41.5	65
1996568	1996619	52	7.40	7	13
1997202	1997285	84	0.00	0	0
1997610	1997693	84	0.00	0	0
1997949	1997954	6	12.00	15	15
1998429	1998436	8	22.12	25	27
1999790	2000072	283	14.46	11	46
2000340	2000387	48	23.33	24	27
2001054	2001474	421	104.45	38	574
2002066	2002222	157	32.48	17	102
2004184	2004277	94	21.44	18	46
2005292	2005440	149	100.39	68	267
2007196	2007251	56	52.59	53	70
2008278	2008609	332	65.99	59	150
2009387	2009389	3	221.33	332	332
2010368	2010491	124	35.52	18	584
2012724	2012792	69	8.80	8	14
2012892	2012922	31	248.87	110.5	614
2013124	2013351	228	2083.44	602	7883
2013835	2013920	86	1017.27	456	1991
2014404	2014871	468	220.59	19	1071
2015730	2015752	23	12.52	12.5	21
2015879	2015990	112	16.01	15	38
2016168	2016419	252	456.50	175	1783
2017290	2017460	171	59.93	27	176
2018874	2019012	139	183.36	98	430
2019952	2020014	63	25.62	26	31
2020408	2020708	301	11.17	10	33
2023455	2023546	92	3.54	4	6
2024336	2024442	107	22.94	7	104
2024614	2024871	258	62.51	50	162
2024980	2024999	20	18.15	21	23
2026211	2026350	140	2.66	3	5
2026762	2026810	49	9.33	9	14
2027405	2027486	82	15.07	14	32
2028141	2028173	33	17.18	18	22
2028636	2028726	91	6.34	4	25
2029936	2029980	45	11.42	11	18
2030545	2030605	61	123.10	155	172
2031494	2031590	97	33.32	40	61
2033489	2033604	116	7.29	7	14
2034919	2035698	780	366.62	253	1649
2037031	2037069	39	21.59	29	36
2038012	2038089	78	22.27	23	27
2038744	2038795	52	17.73	18	32
2039564	2039778	215	121.79	32	532
2039965	2040184	220	179.00	102	737
2042402	2042578	177	788.81	841	1341
2044778	2045056	279	11.71	8	59
2047175	2047313	139	15.42	15	24
2048433	2048701	269	100.20	29	325
2048978	2049088	111	137.87	140	261
2050202	2050289	88	5.85	3	20
2051058	2051135	78	29.73	32	43
2052099	2052359	261	52.08	41	144
2052912	2053014	103	81.23	63.5	175
2053669	2053674	6	41.00	40	87
2054248	2054249	2	37.50	75	75
2054391	2054517	127	20.08	7	107
2056120	2056253	134	12.29	13	28
2056773	2056954	182	4.80	4	10
2059505	2059516	12	6.50	6	9
2061293	2061340	48	17.35	21	22
2062145	2062147	3	8.00	12	12
2065439	2065817	379	17.57	9	127
2065889	2066035	147	58.31	36	2069
2066537	2066582	46	39.61	32	65
2067015	2067101	87	20.33	19	42
2068538	2068679	142	10.74	11	21
2069289	2069385	97	35.64	14	160
2069707	2069769	63	93.90	101	125
2071230	2071308	79	4.05	4	8
2072704	2072845	142	4.10	3	9
2073596	2073644	49	3.04	3	6
2074719	2074904	186	5.70	6	10
2075286	2075292	7	5.14	6	6
2076025	2076060	36	16.69	17	20
2076760	2076762	3	8.00	12	12
2077537	2077746	210	3.91	3	20
2078494	2078540	47	9.49	9	15
2078937	2078941	5	32.00	39.5	42
2079134	2079352	219	10.81	4	38
2080931	2080988	58	77.52	32	142
2081127	2081252	126	6.84	6	10
2081607	2081723	117	12.44	14	22
2082768	2082874	107	12.11	13	25
2083430	2083655	226	4.81	5	9
2084238	2084255	18	36.33	18	84
2084646	2084748	103	13.05	12	98
2084920	2084988	69	52.70	53	61
2085481	2085600	120	41.86	49	91
2088259	2088540	282	42.29	14	146
2089738	2089922	185	21.44	26	34
2090984	2091002	19	34.11	36.5	41
2091123	2091755	633	51.61	32	282
2092881	2093063	183	7.51	2	29
2095809	2095820	12	3.50	4	6
2096199	2096321	123	21.63	6	104
2096952	2097149	198	5.23	4	16
2098539	2098547	9	20.44	22	28
2100180	2100327	148	15.90	12	41
2100721	2100829	109	35.19	33	49
2102084	2102400	317	7.59	4	30
2104973	2105082	110	4.05	4	9
2106193	2106347	155	6.08	4	21
2106984	2107000	17	4.71	5.5	7
2107907	2107991	85	19.15	4	91
2108373	2108468	96	59.69	61	99
2109930	2110560	631	45.57	41	88
2110807	2111124	318	25.25	22	55
2112310	2112357	48	3.60	4	4
2113549	2113629	81	2.96	3	5
2114536	2114781	246	9.32	7	20
2115439	2115440	2	3.50	7	7
2115825	2116096	272	23.67	23	68
2117644	2117645	2	2.50	5	5
2118621	2118711	91	13.27	15	22
2120011	2120105	95	3.47	4	4
2121219	2121296	78	28.79	28	73
2121975	2122076	102	8.37	9	37
2123475	2123586	112	11.10	13	21
2124244	2124344	101	13.44	13	24
2128338	2128433	96	16.86	19	25
2130342	2130456	115	18.89	13	77
2133766	2133897	132	24.38	20	72
2134754	2134831	78	91.31	89	304
2135129	2135370	242	46.70	43	133
2137096	2137122	27	8.26	9	9
2137510	2137665	156	16.49	6	109
2138416	2138507	92	81.91	66	156
2139057	2139068	12	47.25	51	53
2139690	2139744	55	8.75	9	11
2140324	2140393	70	13.56	13	28
2141767	2141828	62	6.08	6	18
2143242	2143288	47	40.57	43	55
2143925	2144080	156	220.37	24	669
2144396	2144546	151	91.94	102	134
2145774	2145798	25	444.24	437	593
2147878	2148096	219	79.84	70	144
2148565	2148792	228	68.14	70	108
2149165	2149249	85	132.52	127	231
2149577	2149612	36	40.83	44	46
2150006	2150060	55	22.15	21.5	46
2150837	2151090	254	17.51	12	74
2152465	2152540	76	8.95	6	30
2153804	2153971	168	6.71	4	28
2154569	2154738	170	2.92	3	6
2156399	2156442	44	7.93	8	10
2156728	2156730	3	16.67	25	26
2157022	2157302	281	12.01	5	113
2157372	2157487	116	106.74	15	942
2158208	2158248	41	3.66	4	6
2159203	2159406	204	24.74	18	66
2161432	2161562	131	14.60	11	60
2161809	2161860	52	48.40	43	77
2162272	2162301	30	36.87	42	43
2163442	2163571	130	10.52	5	58
2164178	2164493	316	40.47	20	132
2164579	2164734	156	56.45	22	1029
2164984	2165090	107	56.62	54	91
2165493	2165560	68	13.43	6	25
2165654	2165655	2	2.00	4	4
2166355	2166448	94	6.46	4	35
2166517	2166626	110	20.04	14	105
2167584	2167704	121	16.12	14	30
2168803	2168870	68	3.15	4	5
2169552	2169565	14	12.43	15	16
2170535	2170552	18	63.94	66	83
2170766	2170812	47	15.26	15	26
2171410	2171725	316	37.87	7	217
2173792	2173850	59	7.14	7	9
2174745	2174748	4	8.50	11	12
2175697	2175837	141	4.59	5	7
2177131	2177814	684	28.38	20	83
2178223	2178383	161	23.35	20	69
2181686	2181849	164	6.74	6	11
2181964	2182140	177	15.52	15	36
2183212	2183251	40	32.80	32	60
2184233	2184453	221	27.11	18	134
2185624	2185880	257	4.30	2	43
2188818	2188826	9	11.11	12.5	13
2189265	2189411	147	24.25	21	49
2190428	2190577	150	29.59	22	138
2190647	2190844	198	65.49	22	775
2193236	2193240	5	125.00	154	202
2193325	2193623	299	53.77	9	5906
2195697	2196194	498	19.12	18	53
2198970	2199057	88	4.53	5	7
2200153	2200617	465	4.71	4	12
2202982	2203036	55	34.38	13	91
2203367	2203903	537	24.16	14	106
2205074	2205090	17	10.24	11	13
2205766	2205963	198	2.04	0	8
2207290	2207330	41	31.76	32	44
2208186	2208190	5	2.20	3	3
2208374	2208455	82	8.90	3	35
2209926	2210079	154	53.65	53	75
2210359	2210472	114	35.54	36	65
2211817	2211884	68	17.75	12	64
2212497	2212625	129	2.01	2	9
2212911	2213051	141	94.92	32	301
2213487	2213565	79	29.22	29	41
2214859	2215011	153	6.62	3.5	21
2217763	2217788	26	17.92	18	20
2218313	2218315	3	16.00	24	25
2218898	2218941	44	15.07	15	22
2219521	2219603	83	10.83	8	69
2219690	2219775	86	89.31	67	492
2219893	2219907	15	37.20	40	46
2222470	2222652	183	22.32	7	116
2223136	2223280	145	23.63	20	67
2224607	2224912	306	2.84	3	7
2225456	2225551	96	43.04	31	86
2226101	2226209	109	29.61	25	62
2227050	2227121	72	46.57	32	102
2227905	2227940	36	35.83	40	43
2230067	2230260	194	10.52	5	36
2231293	2231295	3	5.33	8	8
2232148	2232290	143	6.59	5	21
2233140	2233235	96	54.09	11	208
2233338	2233472	135	98.19	75	307
2233767	2233941	175	15.59	12	66
2235910	2235951	42	6.48	7	11
2236690	2236697	8	13.62	15	19
2238027	2238108	82	19.32	21	26
2238679	2238800	122	20.07	20	37
2239665	2239774	110	13.39	13	39
2242031	2242131	101	22.10	21	42
2243077	2243151	75	9.88	8	21
2244853	2245054	202	2.90	2	16
2246135	2246358	224	1.96	2	5
2247004	2247029	26	10.35	11	13
2247516	2247807	292	7.60	7	17
2248633	2248888	256	2.84	3	7
2249705	2249813	109	1.33	1	3
2250066	2250180	115	18.25	20	29
2250277	2250292	16	115.69	123	129
2252945	2253022	78	28.24	23	53
2253611	2253673	63	5.97	7	8
2260081	2260277	197	10.64	12	17
2266338	2266406	69	11.88	16	19
2266935	2267250	316	120.41	13	824
2267821	2268253	433	142.08	22.5	1043
2271104	2271126	23	12.00	12	14
2271907	2272008	102	63.97	58	163
2272357	2272437	81	285.85	325.5	449
2272639	2272829	191	46.02	6	334
2273676	2273682	7	32.14	36	45
2274130	2274201	72	15.21	15	31
2274898	2274909	12	8.08	9	9
2275912	2275980	69	9.10	12	13
2277154	2277158	5	12.80	16	16
2277312	2277341	30	2.20	2	3
2278545	2278679	135	2.97	3	7
2281406	2281442	37	33.76	32	46
2281617	2281824	208	21.12	4	70
2282143	2282212	70	38.01	45	49
2283986	2284052	67	20.12	19	25
2286539	2286850	312	65.87	25	297
2287781	2288193	413	22.47	8	91
2289250	2289333	84	40.26	21	113
2290786	2290914	129	2.74	3	14
2292217	2292299	83	10.14	7	29
2292795	2292919	125	8.58	8	16
2293952	2294075	124	13.84	15	26
2294676	2294699	24	30.62	33	33
2295960	2296091	132	7.05	5	15
2297388	2297616	229	35.28	27	83
2297857	2298264	408	210.77	51	918
2299861	2300606	746	502.02	31	3374
2301123	2301230	108	1983.08	792	7979
2301717	2301837	121	689.14	790.5	1317
2302708	2302888	181	2719.91	1887	7949
2303129	2303267	139	65.65	82	107
2304072	2304103	32	5.81	6	6
2304743	2304786	44	10.11	11	11
2305612	2305745	134	9.66	11	13
2306070	2306243	174	5.65	5	11
2307228	2307303	76	20.84	21	30
2307790	2307834	45	13.47	14	19
2308285	2308444	160	43.71	40	91
2308920	2309368	449	52.17	47	124
2309564	2309759	196	8.16	3	52
2310735	2310812	78	19.36	19	32
2312505	2312582	78	29.41	30	57
2314251	2314284	34	14.74	14	27
2314355	2314490	136	14.35	11	60
2314818	2314835	18	22.50	24	27
2315565	2315695	131	7.79	6	16
2315906	2315946	41	13.98	14	17
2317703	2317734	32	9.34	11	11
2319274	2319433	160	100.34	108	259
2321009	2321070	62	124.16	143	181
2321311	2321329	19	95.37	103	107
2322155	2322256	102	18.58	10	63
2323298	2323335	38	23.34	22	30
2323426	2323470	45	211.76	20	654
2324620	2324806	187	5.99	6	18
2325761	2325837	77	12.25	11	28
2326003	2326031	29	23.83	19	39
2326803	2326808	6	7.00	8	9
2327580	2327581	2	49.00	98	98
2327897	2328021	125	104.82	32	313
2328412	2328423	12	17.67	19	20
2329871	2330037	167	33.01	35	91
2330269	2330286	18	187.78	199	208
2331869	2331904	36	5.14	7	8
2332160	2332340	181	8.06	7	14
2335212	2335308	97	15.45	15	25
2335774	2335854	81	16.02	7	50
2336221	2336415	195	20.04	8	89
2338435	2338504	70	20.16	7	60
2339585	2339641	57	18.04	16	34
2340398	2340400	3	14.67	22	22
2341238	2341344	107	9.04	9	15
2341462	2341514	53	48.58	63.5	77
2341938	2342068	131	25.19	12	67
2342261	2342304	44	40.68	43	50
2343628	2343651	24	89.58	97	99
2344156	2344319	164	10.65	4	54
2345946	2345973	28	2.89	3	3
2346646	2346661	16	29.06	31	47
2347364	2347532	169	12.69	6	32
2348799	2348920	122	6.74	6	13
2349911	2350023	113	1.64	1	4
2351653	2351672	20	9.25	9	11
2353566	2353701	136	16.41	17	25
2355220	2355402	183	19.63	13.5	53
2356192	2356252	61	21.20	21	30
2358455	2358476	22	34.86	37	37
2359755	2359786	32	30.59	31	44
2360309	2360396	88	12.50	12	18
2361561	2361673	113	8.27	7	21
2362906	2362936	31	11.87	12	16
2363819	2364047	229	21.06	15	114
2364333	2364426	94	27.38	28	35
2365279	2365330	52	10.40	11	16
2366273	2367148	876	57.78	13	492
2368211	2368343	133	139.12	136.5	276
2370188	2370284	97	69.69	81	125
2370381	2370514	134	27.95	6	141
2371322	2371371	50	15.28	14	24
2371825	2371840	16	29.25	32	33
2372388	2372445	58	23.41	25	37
2372953	2373015	63	52.29	38	222
2373087	2373250	164	54.73	36	259
2374349	2374442	94	16.19	13	38
2374818	2374872	55	29.29	46	48
2374972	2375096	125	6.13	6	11
2376687	2376943	257	17.96	19	32
2378477	2378711	235	26.48	3	189
2379180	2379242	63	279.33	279	380
2381166	2381292	127	49.06	52	74
2382316	2382320	5	9.00	11	12
2382978	2383010	33	21.73	22.5	30
2384205	2384314	110	12.00	12	26
2384462	2384494	33	21.58	23	26
2385035	2385141	107	8.51	11	16
2385754	2385856	103	17.30	15	29
2387129	2387168	40	4.60	5	7
2388309	2388372	64	10.73	10	19
2388607	2388615	9	45.00	50	52
2389324	2389475	152	30.55	22	123
2390856	2390950	95	34.51	14.5	102
2391356	2391357	2	24.00	48	48
2391601	2391706	106	3.11	4	5
2394449	2394474	26	13.54	15	18
2394676	2394712	37	14.30	15.5	20
2394911	2394933	23	18.35	19	20
2397603	2397689	87	29.18	34	42
2399127	2399141	15	29.13	32	33
2399670	2399905	236	4.78	4	8
2400524	2400568	45	6.04	6	7
2401498	2401640	143	14.17	15	28
2402583	2402716	134	8.33	4	31
2403008	2403373	366	48.51	33	484
2403665	2403827	163	187.10	8	896
2405478	2405855	378	4.15	3	20
2407137	2407156	20	13.70	14	18
2407832	2407889	58	10.28	11	13
2408682	2408743	62	16.87	10	42
2409353	2409395	43	20.70	24	26
2410551	2410572	22	10.86	11	14
2411071	2411086	16	29.38	31	32
2411474	2411717	244	4.04	4	6
2412258	2412384	127	12.69	12	29
2412901	2412912	12	12.42	14	14
2413333	2413383	51	15.71	16	21
2414872	2414940	69	16.55	16	24
2416864	2416905	42	26.05	28	33
2418253	2418418	166	9.14	10	19
2422042	2422102	61	9.92	11	15
2423423	2423482	60	77.28	32	191
2424899	2425018	120	36.88	32	112
2425370	2425555	186	36.20	9	99
2426420	2427024	605	9.80	1	101
2427586	2427660	75	39.95	49	77
2428063	2428447	385	36.54	20	97
2430213	2430553	341	14.51	11	47
2432033	2432147	115	58.55	47.5	535
2434740	2434947	208	30.38	21	90
2436031	2436345	315	18.33	15	50
2437576	2437608	33	6.03	6	10
2439091	2439284	194	11.61	9	33
2440892	2440896	5	38.00	47.5	48
2441740	2441776	37	10.27	11	18
2442878	2442883	6	12.00	14	16
2443808	2444014	207	27.45	3	190
2444357	2444467	111	13.72	4.5	48
2445356	2445445	90	27.42	17	68
2447252	2447287	36	27.31	27	35
2448404	2448587	184	4.56	4	9
2449185	2449201	17	37.24	39.5	44
2449964	2450075	112	21.24	8	93
2450397	2450708	312	128.11	17	781
2451270	2451351	82	38.57	13	122
2452498	2452832	335	7.33	2	42
2454531	2454711	181	13.12	13	23
2456128	2456192	65	5.78	6	7
2457974	2458016	43	3.12	3	4
2461617	2461628	12	10.08	11	11
2463096	2463179	84	4.05	4	7
2463957	2464024	68	14.71	16	21
2464715	2464764	50	13.76	15	17
2466103	2466455	353	16.80	15	45
2467427	2467525	99	152.97	142.5	313
2467724	2467878	155	59.23	8.5	406
2468956	2469068	113	20.37	15.5	37
2469897	2469948	52	36.85	39	52
2471793	2471829	37	20.38	16	37
2473615	2474041	427	33.48	26	112
2478689	2478856	168	10.21	7	40
2480225	2480357	133	16.78	18	27
2480694	2481161	468	10.75	3	130
2481813	2482041	229	16.75	12	45
2482951	2482994	44	12.07	8	28
2484913	2484973	61	18.28	14	41
2485517	2485667	151	40.81	22	158
2485929	2486180	252	59.76	17	222
2487399	2487432	34	25.32	26	36
2487718	2487762	45	11.02	8	20
2488639	2488691	53	9.06	10	10
2491383	2491590	208	24.96	22	49
2492428	2492662	235	14.10	10	43
2494165	2494237	73	47.18	33	91
2496587	2496640	54	12.67	15	20
2497394	2497481	88	26.06	26	39
2497716	2497800	85	42.80	11	207
2499487	2499530	44	11.50	11	16
2500524	2500533	10	16.10	18	18
2501554	2501608	55	4.44	5	7
2503016	2503212	197	3.81	1	23
2504161	2504796	636	7.30	4	27
2506705	2506878	174	52.05	18	224
2508805	2508894	90	42.79	39	134
2510470	2510546	77	4.29	4	10
2511027	2511162	136	4.01	4	13
2512969	2513037	69	31.97	22	155
2515213	2515421	209	25.75	4	89
2516283	2516300	18	2.83	3	3
2517792	2517872	81	15.62	15	22
2520027	2520099	73	13.88	14	25
2522346	2522493	148	6.89	7	10
2523247	2523362	116	139.34	131	246
2523561	2523803	243	33.00	18	116
2525085	2525200	116	22.52	21	46
2526260	2526267	8	8.88	8	16
2527758	2527809	52	64.73	67	98
2528965	2529227	263	28.52	21	82
2530011	2530441	431	168.29	78.5	486
2531288	2531401	114	3.87	1	28
2531714	2531716	3	23.33	35	35
2532614	2532803	190	19.34	19	42
2533506	2533645	140	7.92	8	11
2534540	2534620	81	5.68	3	14
2535206	2535276	71	58.45	54	162
2536003	2536161	159	39.61	4	181
2537137	2537854	718	40.13	28	143
2538572	2538693	122	17.73	16	64
2539792	2539866	75	9.29	10	15
2541532	2541555	24	18.12	17	29
2543440	2543933	494	77.21	35	448
2544339	2544616	278	18.18	8	137
2545466	2545517	52	12.21	14	22
2546598	2546614	17	2.82	3	3
2547950	2548020	71	9.79	10	15
2550628	2550701	74	111.61	124	158
2551176	2551495	320	29.68	15	106
2551697	2551707	11	61.82	68	71
2552368	2552439	72	9.76	8	21
2554579	2554811	233	15.86	8	74
2555121	2555206	86	115.40	140	164
2556830	2557568	739	46.61	49	131
2558031	2558106	76	25.41	21	46
2559580	2559662	83	15.95	11	38
2562267	2562687	421	19.84	11	144
2563123	2563180	58	34.21	45	71
2564138	2564209	72	24.24	22	36
2566250	2566387	138	9.30	4	28
2567669	2567848	180	26.57	17	65
2571783	2571856	74	30.42	26	49
2573237	2573440	204	11.65	10	22
2573966	2574123	158	3.12	3	7
2575336	2575517	182	5.21	3	34
2576394	2576399	6	16.67	20	20
2577000	2577050	51	9.75	10	13
2577543	2577633	91	5.70	5	19
2578771	2578860	90	12.38	10	22
2579590	2579802	213	45.46	7	398
2581024	2581215	192	31.26	25	98
2582884	2583129	246	11.82	10	32
2583451	2583680	230	15.54	11	34
2584557	2584692	136	96.78	80	180
2585053	2585208	156	16.85	8	73
2585674	2585688	15	8.40	10	11
2586031	2586130	100	16.95	15	28
2587496	2587652	157	11.23	11	18
2588306	2588420	115	19.15	19	56
2588616	2588868	253	59.32	47	117
2590258	2590515	258	6.00	2	49
2593786	2593960	175	5.71	6	19
2595158	2595180	23	9.09	10	12
2596885	2596974	90	6.60	7	11
2597572	2597601	30	332.03	353	363
2598124	2598333	210	294.91	310	477
2598661	2598867	207	19.23	2	157
2600158	2600160	3	37.67	56.5	57
2602076	2602077	2	15.00	30	30
2603699	2603708	10	8.10	9	9
2604678	2604757	80	5.31	4	11
2605394	2605760	367	34.90	4	150
2606427	2606669	243	109.15	89	208
2610951	2611108	158	15.54	12	35
2613391	2613506	116	54.17	3	278
2614596	2615091	496	56.79	8	895
2615812	2615880	69	102.23	114	121
2617084	2617191	108	20.77	23	31
2619163	2619396	234	11.41	4	51
2619604	2619686	83	40.72	56.5	62
2619885	2620008	124	4.69	5	9
2625177	2625372	196	7.29	5	18
2627460	2627597	138	19.08	19	35
2628156	2628214	59	4.63	4	10
2628422	2628427	6	45.17	53	60
2629652	2630006	355	10.65	10	49
2630193	2630285	93	34.42	30.5	66
2631024	2631147	124	24.14	5	100
2631562	2631591	30	7.20	9	9
2632270	2632330	61	50.02	54	74
2632401	2632466	66	86.15	25	279
2633724	2633914	191	32.49	10	234
2634053	2634113	61	177.28	177	291
2634555	2634576	22	35.41	34	45
2635126	2635218	93	12.57	14.5	20
2635843	2635971	129	25.48	24	46
2636545	2636778	234	32.32	21	493
2638213	2638523	311	53.72	18	332
2638875	2638974	100	29.64	15	94
2639386	2639488	103	16.52	8.5	32
2640680	2640802	123	15.12	7	42
2641118	2641250	133	51.27	46	105
2642739	2642817	79	8.46	9	12
2643205	2643246	42	40.40	40	49
2644063	2644307	245	11.67	12	31
2645957	2646056	100	33.61	2	174
2647239	2647427	189	51.98	36.5	187
2648202	2648332	131	38.76	7	182
2650052	2650089	38	28.45	29	47
2650477	2650528	52	33.08	34	48
2654734	2655170	437	51.09	19	202
2656749	2656853	105	15.06	14	32
2657226	2657329	104	14.90	11	39
2657846	2657879	34	27.29	27	32
2658897	2659007	111	49.24	44.5	85
2660235	2660245	11	78.00	84	92
2661668	2661841	174	12.76	7	103
2662724	2662784	61	48.59	52	124
2664009	2664029	21	18.38	18	23
2664939	2664954	16	195.69	229	242
2665546	2665755	210	78.82	58	244
2667178	2667249	72	21.67	24	34
2667880	2667920	41	8.02	5.5	16
2668797	2668882	86	4.97	4	13
2670215	2670331	117	7.26	7	17
2670857	2670967	111	15.14	14	31
2671778	2671880	103	82.26	56	211
2672049	2672153	105	82.91	56	180
2673554	2673632	79	20.38	21	42
2674521	2674679	159	7.87	4	24
2674884	2674972	89	6.36	8	16
2676515	2676592	78	10.04	11	13
2678318	2678458	141	4.01	3	15
2688538	2688543	6	14.17	17	17
2689411	2689446	36	18.58	20	21
2691247	2691278	32	12.78	15	17
2691618	2691870	253	26.99	5	105
2693365	2693982	618	15.08	14	70
2696584	2697074	491	71.41	11.5	2918
2697432	2697793	362	134.91	12	1122
2699498	2699567	70	7.70	5	19
2701965	2702039	75	10.60	8	22
2702496	2702575	80	88.64	50	158
2703380	2703477	98	41.64	28	113
2706326	2706474	149	19.81	9	61
2706910	2707056	147	21.84	18	39
2709738	2709799	62	82.63	51	258
2710958	2711030	73	80.00	79	115
2713002	2713068	67	8.22	8	13
2713714	2713817	104	8.39	9	12
2714073	2714224	152	5.89	4	37
2714780	2715759	980	13.56	5	136
2716342	2716488	147	41.47	37	68
2717506	2717604	99	24.80	26	35
2718406	2718480	75	24.07	26	33
2721331	2721346	16	34.81	47	47
2724110	2724158	49	43.94	45	81
2727201	2727206	6	13.67	16	17
2727705	2727746	42	55.88	65	76
2728110	2728189	80	23.65	25	34
2729312	2729803	492	26.59	18	114
2731469	2731520	52	14.52	19	27
2732346	2732436	91	92.52	137	152
2733691	2734030	340	13.04	6	50
2734871	2735048	178	7.44	2	39
2736405	2736561	157	8.19	9	18
2737351	2737556	206	26.30	22	73
2738706	2738844	139	7.53	8	11
2741155	2741226	72	8.60	2	29
2741983	2742063	81	6.70	4	24
2742370	2742480	111	20.75	19	46
2742814	2742942	129	21.40	9.5	98
2744227	2744835	609	4.69	3	30
2745916	2745959	44	9.14	10	13
2747079	2747088	10	21.40	22	30
2748409	2748492	84	8.43	7	20
2748964	2748969	6	97.33	116	118
2749666	2749995	330	98.31	68	226
2750452	2750701	250	62.89	20	815
2750816	2751034	219	50.77	61.5	264
2751530	2751614	85	24.05	14	76
2752755	2752773	19	33.53	34.5	40
2753371	2753380	10	41.70	47	52
2754299	2754440	142	23.99	26	33
2755200	2755397	198	14.01	8	58
2758419	2758487	69	6.62	7	9
2761524	2761685	162	45.42	20	117
2764011	2764118	108	40.37	55	79
2764716	2764754	39	14.97	11	46
2764935	2764976	42	253.76	315	481
2765556	2765571	16	10.31	11	11
2766598	2766820	223	2.95	2	21
2768168	2768205	38	6.13	6	8
2769004	2769144	141	2.61	2	6
2770066	2770388	323	18.48	18	41
2770731	2770769	39	13.95	15	17
2771226	2771312	87	11.90	13	20
2772510	2772638	129	4.41	5	9
2773290	2773320	31	9.52	10	10
2773769	2773807	39	5.90	3	17
2774717	2774719	3	6.00	9	9
2775500	2775613	114	17.19	16	31
2779904	2779924	21	11.14	12	12
2780735	2781119	385	24.48	23	64
2781918	2781974	57	57.82	60	89
2784009	2784218	210	8.26	6	42
2784402	2784505	104	19.37	19	32
2785220	2785286	67	19.16	20	34
2785464	2785547	84	15.71	14	28
2785872	2785984	113	4.07	4	9
2786093	2786140	48	13.65	2	34
2787434	2787616	183	29.33	13	142
2788364	2788545	182	8.21	6	24
2789689	2789865	177	32.54	36.5	61
2790379	2790585	207	202.23	161.5	507
2790748	2790863	116	28.72	6	372
2791521	2791598	78	16.05	15	119
2792421	2792495	75	10.39	9	42
2793507	2793686	180	178.09	128	438
2793948	2794115	168	12.65	5	52
2794578	2794647	70	94.47	114	131
2795113	2795201	89	31.85	28	133
2796201	2796316	116	79.63	83	117
2796491	2796583	93	873.81	30	5643
2796653	2796740	88	34.49	9	1017
2798283	2798781	499	18.00	9	70
2799358	2799408	51	21.18	20.5	46
2800210	2800310	101	20.71	20	35
2800986	2800990	5	30.40	38	38
2801459	2801595	137	8.64	8.5	20
2802076	2802107	32	28.59	30	38
2802831	2802880	50	13.00	14	17
2804275	2804622	348	48.88	25	200
2805130	2805212	83	14.61	16	19
2806848	2806947	100	3.29	3	6
2807425	2807512	88	9.31	10	13
2807939	2807982	44	5.41	5	10
2808394	2808503	110	19.00	18	36
2809920	2809956	37	15.49	14	24
2814248	2814290	43	19.98	23	28
2815458	2815466	9	11.44	13	14
2817565	2817667	103	16.50	15	25
2818118	2818300	183	9.18	5	60
2820017	2820113	97	23.19	23	51
2820669	2820683	15	31.27	33.5	35
2821983	2822141	159	62.34	51	134
2822295	2822374	80	15.41	14	31
2823710	2823771	62	5.32	4	9
2824696	2824866	171	12.08	12	26
2825434	2825627	194	10.26	7	29
2826624	2826735	112	21.97	16	57
2827777	2827883	107	21.29	7	55
2828037	2828209	173	5.13	5	8
2829476	2829488	13	33.15	36.5	38
2830158	2830180	23	5.61	5	10
2832167	2832401	235	42.49	36	83
2832936	2833146	211	28.89	11	165
2834053	2834109	57	13.61	14	21
2834626	2834814	189	12.50	9	45
2835244	2835391	148	11.00	10	21
2836982	2837151	170	7.24	5	25
2837764	2837841	78	24.44	27	38
2838928	2839186	259	29.32	16	154
2840141	2840160	20	25.25	27	31
2841172	2841245	74	27.11	28	40
2841981	2842044	64	52.22	86	96
2842400	2842435	36	69.22	15	173
2843048	2843438	391	27.24	19.5	84
2844591	2844783	193	8.63	8	32
2845012	2845289	278	23.73	22	42
2845989	2846187	199	3.78	2	16
2847007	2847068	62	405.69	75	1440
2847148	2847277	130	27.75	15	878
2848529	2848588	60	14.60	12	23
2849381	2849434	54	16.50	17	20
2850170	2850203	34	11.21	12	16
2850528	2850724	197	21.53	13	62
2851614	2851666	53	6.19	5	15
2852657	2852938	282	61.26	44	202
2854263	2854800	538	2138.75	531	8005
2855437	2855580	144	13.20	7	50
2856254	2856429	176	1.95	2	5
2857015	2857050	36	33.14	32	51
2859438	2859612	175	32.11	11	163
2861227	2861307	81	21.02	21	27
2864433	2864562	130	35.68	5	159
2865805	2865897	93	3.46	2	12
2866885	2867003	119	138.55	8	332
2867077	2867139	63	609.97	113	2015
2868684	2868736	53	3.60	3	7
2869193	2869295	103	2.55	1	6
2872883	2872955	73	9.75	4	19
2873076	2873286	211	7.09	8	18
2873599	2873856	258	31.66	20	123
2874939	2874944	6	140.83	153	228
2875467	2875642	176	24.03	4	126
2876564	2876582	19	14.37	17.5	20
2877066	2877131	66	21.62	31	53
2877720	2878045	326	46.93	32	197
2879498	2879705	208	22.81	15	75
2881025	2881116	92	12.97	13	21
2881432	2881504	73	5.47	6	8
2881799	2881893	95	7.95	7	18
2883103	2883109	7	21.86	25.5	27
2883761	2883893	133	21.61	16	63
2885136	2885154	19	26.21	27.5	34
2885368	2885394	27	12.78	10	28
2886130	2886277	148	10.83	5	74
2888237	2888988	752	82.76	34	412
2889442	2889500	59	9.71	8	17
2890644	2890824	181	15.29	9.5	59
2890963	2890980	18	10.89	12	14
2891188	2891201	14	77.14	84	88
2893602	2893653	52	16.23	18	22
2895016	2895185	170	9.79	7	23
2895792	2896205	414	120.78	111	314
2897751	2897986	236	3.22	2	12
2899073	2899091	19	11.84	13	13
2900055	2900205	151	2.96	3	6
2900914	2901119	206	4.89	4	9
2901582	2901627	46	49.39	55	68
2902186	2902288	103	13.76	6	43
2902424	2902452	29	89.24	83.5	126
2903608	2903670	63	3.81	4	8
2904124	2904432	309	36.52	33	113
2905636	2905829	194	85.33	62	364
2905947	2906027	81	919.31	0	6076
2908836	2909045	210	0.00	0	0
2909119	2909160	42	0.00	0	0
2909232	2909355	124	0.00	0	0
2910843	2911255	413	27.30	0	148
2913005	2913147	143	3.66	2	21
2915196	2915238	43	6.60	7	10
2915581	2915707	127	9.91	9	16
2917337	2917430	94	5.12	1	34
2917536	2917539	4	17.25	23	24
2919729	2919845	117	28.97	20	74
2921619	2921988	370	25.73	6	125
2924083	2924259	177	11.93	13	22
2925547	2925796	250	24.83	22	43
2925947	2926189	243	18.18	18	52
2926418	2926530	113	33.63	29	60
2926777	2927083	307	62.31	56	122
2927609	2927779	171	768.85	379	5412
2928350	2928686	337	49.42	2	547
2929077	2929219	143	8.92	9	17
2930417	2930622	206	14.66	6	41
2931901	2932104	204	5.20	4	25
2932825	2932930	106	25.26	27	60
2933891	2934128	238	14.60	4	109
2935512	2935882	371	3237.51	3210	7973
2936159	2936468	310	133.64	49	492
2938179	2938423	245	98.29	8	473
2940336	2940457	122	36.23	34	60
2942723	2943032	310	25.74	24	67
2944555	2944828	274	30.49	23	70
2946416	2946611	196	5.54	3	16
2947368	2947450	83	6.49	2	25
2947808	2947854	47	16.09	17.5	19
2948446	2948494	49	12.14	11	19
2948651	2948684	34	17.21	13	41
2949387	2949399	13	8.31	9	10
2949622	2949665	44	15.95	20	24
2950188	2950212	25	7.44	8.5	9
2952381	2952480	100	9.73	10	15
2953189	2953237	49	8.12	7	12
2954315	2954504	190	40.61	15	143
2955693	2955725	33	3.06	3	4
2956662	2956688	27	6.30	7	8
2957589	2957683	95	35.53	26	77
2958350	2958571	222	5.63	4	18
2959688	2959892	205	15.04	7	49
2961507	2961585	79	3.75	4	10
2962030	2962058	29	7.59	7	9
2962944	2963043	100	4.42	3	11
2963896	2963918	23	23.52	24	29
2964498	2964571	74	9.95	8	20
2965820	2965913	94	7.45	8	11
2967433	2967506	74	10.23	9	23
2969853	2970034	182	21.14	18	126
2970278	2970391	114	3.72	1	30
2971823	2971985	163	2.09	2	7
2973189	2973815	627	4.92	4.5	13
2975493	2975898	406	5.31	5	11
2976802	2976860	59	10.12	10	14
2979408	2979936	529	15.76	9	119
2980243	2980300	58	40.43	38	57
2981801	2981950	150	25.46	25	52
2983649	2983766	118	48.86	41	108
2984787	2984915	129	9.71	7	34
2986153	2986180	28	15.04	16	21
2986865	2986976	112	16.08	9	80
2987877	2988041	165	13.93	17	54
2989521	2989585	65	8.72	9	11
2990705	2990998	294	25.34	20	87
2991568	2991803	236	21.21	17	38
2994213	2994365	153	7.73	7	14
2995785	2995817	33	13.21	9	23
2997144	2997355	212	2.59	0	9
2998772	2999179	408	8.58	8	26
2999858	2999950	93	6.11	6	10
3000485	3000548	64	2.17	2	4
3001395	3001760	366	27.61	14	97
3003591	3003700	110	54.99	13	248
3004094	3004226	133	13.65	5	30
3005993	3006020	28	9.29	7	18
3007437	3007518	82	6.88	8	17
3007990	3008047	58	8.43	8	12
