#start	end	length	mean	median	max
1	317	317	0.00	0	0
1671	1866	196	0.23	0	1
3010	3121	112	0.00	0	0
4463	4578	116	0.00	0	0
4864	4869	6	0.00	0	0
5980	6030	51	0.00	0	0
7969	8065	97	0.00	0	0
10592	10728	137	0.00	0	0
12241	12258	18	0.00	0	0
12775	12918	144	0.00	0	0
15873	16219	347	0.09	0	2
17324	17344	21	0.00	0	0
19921	19924	4	0.00	0	0
20255	20308	54	0.00	0	0
21425	21652	228	0.00	0	0
23084	23132	49	0.00	0	0
23952	24194	243	0.00	0	0
24933	24950	18	0.00	0	0
25350	25351	2	0.00	0	0
25838	25862	25	0.00	0	0
27466	27495	30	0.00	0	0
28198	28254	57	0.00	0	0
28894	29100	207	0.08	0	1
31003	31089	87	0.00	0	0
31963	31998	36	0.00	0	0
32107	32198	92	0.00	0	0
32535	32572	38	0.00	0	0
33380	33398	19	0.00	0	0
34452	34655	204	0.00	0	0
38018	38032	15	0.00	0	0
39383	39386	4	0.00	0	0
40470	40706	237	0.00	0	0
41730	41804	75	0.00	0	0
44269	44283	15	0.00	0	0
45223	45326	104	0.00	0	0
46434	46452	19	0.00	0	0
47230	47336	107	0.14	0	1
47994	48075	82	0.00	0	0
49306	49586	281	0.00	0	0
49878	49935	58	0.00	0	0
50470	50515	46	0.24	0	1
50753	50908	156	0.29	0	3
51518	51775	258	0.00	0	0
52533	52630	98	0.00	0	0
53924	53944	21	0.00	0	0
54670	54838	169	0.00	0	0
56810	56814	5	0.00	0	0
57259	57285	27	0.00	0	0
58636	58693	58	0.00	0	0
58841	58896	56	0.00	0	0
60187	60227	41	0.00	0	0
60402	60505	104	0.00	0	0
60797	60947	151	0.00	0	0
64657	64676	20	0.00	0	0
64926	64949	24	0.00	0	0
66066	66152	87	0.00	0	0
70647	70654	8	0.00	0	0
71394	71407	14	0.00	0	0
71714	71734	21	0.00	0	0
72371	72384	14	0.00	0	0
73657	73762	106	0.00	0	0
74096	74131	36	0.00	0	0
74570	75135	566	0.00	0	0
75730	75799	70	0.00	0	0
76520	76759	240	0.00	0	0
78580	78604	25	0.00	0	0
79268	79374	107	0.00	0	0
80329	80418	90	0.07	0	1
80489	81053	565	0.03	0	1
81840	81843	4	0.00	0	0
82465	82703	239	0.07	0	1
83028	83124	97	0.00	0	0
83491	83548	58	0.00	0	0
84530	84922	393	0.00	0	0
85610	85689	80	0.00	0	0
93870	93928	59	0.00	0	0
94169	94182	14	0.00	0	0
97571	97573	3	0.00	0	0
98942	98956	15	0.00	0	0
99828	100005	178	0.00	0	0
100636	100935	300	0.00	0	0
101899	101924	26	0.00	0	0
102729	102752	24	0.00	0	0
103662	103775	114	0.00	0	0
104178	104301	124	0.00	0	0
104650	104717	68	0.00	0	0
105009	105122	114	0.00	0	0
105411	105426	16	0.00	0	0
106057	106151	95	0.00	0	0
106521	106803	283	0.00	0	0
109084	109188	105	0.00	0	0
110089	110115	27	0.00	0	0
113630	113774	145	0.00	0	0
114606	114642	37	0.43	0	1
115756	115864	109	0.00	0	0
117235	117455	221	0.00	0	0
117906	117913	8	0.00	0	0
118247	118465	219	0.07	0	1
118892	118905	14	0.00	0	0
119320	119599	280	0.00	0	0
119987	120001	15	0.00	0	0
120512	120561	50	0.00	0	0
120862	120917	56	0.00	0	0
123978	123989	12	0.00	0	0
125413	125429	17	0.00	0	0
126003	126019	17	0.00	0	0
127030	127050	21	0.00	0	0
128180	128220	41	0.39	0	1
130567	130762	196	0.00	0	0
131510	131581	72	0.00	0	0
133088	133268	181	0.00	0	0
133500	133513	14	0.00	0	0
133790	133932	143	0.00	0	0
134033	134121	89	0.00	0	0
135694	135797	104	0.00	0	0
136746	136758	13	0.00	0	0
137650	137852	203	0.12	0	1
138135	138137	3	0.00	0	0
139808	139821	14	0.00	0	0
140257	140258	2	0.00	0	0
140607	140716	110	0.00	0	0
140921	140936	16	0.00	0	0
141342	141725	384	0.00	0	0
142107	142242	136	0.00	0	0
142612	142658	47	0.00	0	0
142968	143107	140	0.11	0	1
144761	144984	224	0.00	0	0
145921	145935	15	0.00	0	0
147393	147398	6	0.00	0	0
148077	148358	282	0.00	0	0
150696	150743	48	0.00	0	0
151554	151839	286	0.00	0	0
153922	154116	195	0.00	0	0
155830	155873	44	0.00	0	0
156702	156920	219	0.00	0	0
157911	157918	8	0.00	0	0
158750	158762	13	0.00	0	0
159150	159200	51	0.00	0	0
161094	161140	47	0.00	0	0
161423	161539	117	0.11	0	1
162395	162458	64	0.00	0	0
163722	164119	398	0.00	0	0
166460	166624	165	0.00	0	0
166720	167357	638	0.00	0	0
167661	167766	106	0.00	0	0
169012	169291	280	0.11	0	2
170150	170223	74	0.00	0	0
172216	172382	167	0.00	0	0
173595	173632	38	0.00	0	0
174509	174510	2	0.00	0	0
175357	175386	30	0.00	0	0
176641	176725	85	0.00	0	0
180026	180030	5	0.00	0	0
182320	182325	6	0.00	0	0
183985	184059	75	0.00	0	0
184855	185148	294	0.00	0	0
186373	186428	56	0.00	0	0
187930	188051	122	0.00	0	0
188307	188447	141	0.00	0	0
189327	189350	24	0.00	0	0
190086	190251	166	0.00	0	0
191068	191244	177	0.00	0	0
191920	191970	51	0.00	0	0
193866	194552	687	0.00	0	0
194859	194980	122	0.00	0	0
195287	195675	389	0.00	0	0
197047	197099	53	0.00	0	0
198054	198098	45	0.00	0	0
198925	199082	158	0.00	0	0
200034	200277	244	0.00	0	0
201865	202047	183	0.00	0	0
202166	202197	32	0.00	0	0
203728	203928	201	0.00	0	0
205846	205875	30	0.00	0	0
206752	206825	74	0.00	0	0
207147	207283	137	0.00	0	0
207743	207795	53	0.00	0	0
208126	208194	69	0.00	0	0
208867	208945	79	0.20	0	1
209885	210180	296	0.00	0	0
210802	210893	92	0.00	0	0
211476	211584	109	0.00	0	0
212143	212259	117	0.00	0	0
215797	215829	33	0.00	0	0
217417	217442	26	0.00	0	0
217719	217949	231	0.00	0	0
218334	218486	153	0.01	0	1
218913	219021	109	0.00	0	0
220966	221313	348	0.22	0	5
223387	223504	118	0.00	0	0
224282	224299	18	0.00	0	0
225182	225299	118	0.14	0	1
226224	226343	120	0.00	0	0
226452	226545	94	0.00	0	0
226655	226748	94	0.00	0	0
226858	226869	12	0.00	0	0
227935	227950	16	0.00	0	0
228795	228873	79	0.00	0	0
229867	229983	117	0.00	0	0
231478	231928	451	0.00	0	0
233476	233726	251	0.02	0	4
236654	236734	81	0.00	0	0
236849	236859	11	0.00	0	0
236930	236940	11	0.00	0	0
237014	237057	44	0.00	0	0
237128	237135	8	0.00	0	0
237215	237231	17	0.00	0	0
237301	237324	24	0.00	0	0
237408	237422	15	0.00	0	0
237494	237506	13	0.00	0	0
237578	237599	22	1.45	0	7
237673	237950	278	0.00	0	0
239498	239748	251	0.02	0	5
242676	242756	81	0.00	0	0
242871	243016	146	0.00	0	0
243473	243487	15	0.00	0	0
245023	245053	31	0.00	0	0
247514	247661	148	0.00	0	0
249033	249168	136	0.00	0	0
250240	250261	22	0.00	0	0
251424	251444	21	0.00	0	0
252918	253317	400	0.00	0	0
253930	253938	9	0.00	0	0
255352	255357	6	0.00	0	0
255766	255767	2	0.00	0	0
256521	256525	5	0.00	0	0
257036	257118	83	0.00	0	0
257722	257827	106	0.00	0	0
257975	257996	22	0.00	0	0
258174	258305	132	0.00	0	0
258837	258893	57	0.26	0	1
259362	259490	129	0.00	0	0
259914	259955	42	0.00	0	0
260643	260693	51	0.00	0	0
260835	260892	58	0.00	0	0
261391	261471	81	0.00	0	0
261832	261991	160	0.00	0	0
262166	262273	108	0.00	0	0
262886	262939	54	0.00	0	0
263095	263234	140	0.00	0	0
264411	264912	502	0.03	0	1
268465	268637	173	0.00	0	0
272241	272318	78	0.00	0	0
272862	272929	68	0.00	0	0
274388	274663	276	0.05	0	1
276134	276273	140	0.00	0	0
277918	278127	210	0.00	0	0
279829	280039	211	0.00	0	0
281537	281674	138	0.00	0	0
282812	282961	150	0.00	0	0
283376	283384	9	0.00	0	0
284342	284415	74	0.00	0	0
285049	285134	86	0.00	0	0
287019	287034	16	0.00	0	0
287662	287667	6	0.00	0	0
289102	289223	122	0.00	0	0
290034	290171	138	0.00	0	0
290673	290711	39	0.00	0	0
291372	291632	261	0.00	0	0
292473	292491	19	0.00	0	0
293311	293429	119	0.00	0	0
294399	294439	41	0.00	0	0
295538	295830	293	0.05	0	1
298523	298774	252	0.00	0	0
299438	299444	7	0.00	0	0
300225	300298	74	0.00	0	0
300797	300809	13	0.77	1	1
301128	301195	68	0.00	0	0
301421	301497	77	0.00	0	0
302167	302330	164	0.11	0	1
303108	303199	92	0.00	0	0
304873	304889	17	0.00	0	0
305709	305821	113	0.00	0	0
305939	306093	155	0.00	0	0
307273	307487	215	0.00	0	0
308199	308385	187	0.00	0	0
311535	311539	5	0.00	0	0
312377	312498	122	0.00	0	0
314930	315618	689	0.38	0	9
316096	316373	278	0.00	0	0
317175	317184	10	0.00	0	0
317737	317878	142	0.00	0	0
320601	320606	6	0.00	0	0
323643	324946	1304	0.00	0	0
325442	325597	156	0.00	0	0
326483	326571	89	0.00	0	0
327208	327215	8	0.00	0	0
329085	329185	101	0.00	0	0
330497	330503	7	0.00	0	0
330792	330810	19	0.00	0	0
332534	332699	166	0.00	0	0
332985	333022	38	0.00	0	0
333575	333782	208	0.00	0	0
336085	336145	61	0.00	0	0
336530	336645	116	0.00	0	0
337789	337806	18	0.00	0	0
338233	338496	264	0.00	0	0
340156	340203	48	0.33	0	1
341029	341069	41	0.00	0	0
341853	341885	33	0.00	0	0
341989	342077	89	0.00	0	0
344993	345020	28	0.00	0	0
346434	346710	277	0.00	0	0
347368	347553	186	0.00	0	0
347944	347992	49	0.00	0	0
348761	348916	156	0.00	0	0
349397	349659	263	0.00	0	0
350560	350724	165	0.00	0	0
351595	351903	309	0.05	0	1
355843	355934	92	0.00	0	0
356661	356846	186	0.00	0	0
358746	359243	498	0.15	0	5
359577	360007	431	0.03	0	1
365342	365567	226	0.00	0	0
366090	366305	216	0.11	0	1
366588	366590	3	0.00	0	0
368402	368413	12	0.00	0	0
368783	368874	92	0.00	0	0
369160	369382	223	0.07	0	1
369752	369797	46	0.00	0	0
369984	370083	100	0.00	0	0
370414	370481	68	0.22	0	1
372477	372480	4	0.00	0	0
373135	373183	49	0.00	0	0
373946	373971	26	0.00	0	0
374416	374424	9	0.00	0	0
375187	375192	6	0.00	0	0
375841	375864	24	0.00	0	0
376858	376881	24	0.00	0	0
377221	377238	18	0.00	0	0
377668	377754	87	0.00	0	0
378130	378314	185	0.00	0	0
379077	379143	67	0.00	0	0
379555	379602	48	0.00	0	0
381127	381365	239	0.00	0	0
382884	383059	176	0.00	0	0
384074	384266	193	0.16	0	1
384720	384735	16	0.00	0	0
386128	386129	2	0.00	0	0
386988	387046	59	0.00	0	0
388055	388156	102	0.00	0	0
389065	389162	98	0.00	0	0
389778	389878	101	0.00	0	0
390821	390952	132	0.00	0	0
393586	393605	20	0.00	0	0
394869	394943	75	0.00	0	0
395451	395549	99	0.00	0	0
396267	396305	39	0.00	0	0
396639	396681	43	0.00	0	0
397393	397551	159	0.00	0	0
400319	400338	20	0.10	0	1
400639	400727	89	0.00	0	0
400920	400960	41	0.00	0	0
401879	401982	104	0.00	0	0
402400	402620	221	0.00	0	0
403065	403084	20	0.00	0	0
403538	403691	154	0.10	0	1
404319	404547	229	0.00	0	0
404932	405006	75	0.00	0	0
405766	405963	198	0.00	0	0
407428	407442	15	0.00	0	0
408262	408280	19	0.00	0	0
409256	409270	15	0.00	0	0
411185	411318	134	0.00	0	0
411688	411783	96	0.00	0	0
412150	412175	26	0.00	0	0
413289	413421	133	0.00	0	0
414085	414245	161	0.00	0	0
415493	415529	37	0.00	0	0
415977	416172	196	0.00	0	0
416803	416860	58	0.00	0	0
417284	417288	5	0.00	0	0
418087	418216	130	0.12	0	1
418697	418868	172	0.00	0	0
419654	419659	6	1.50	2	2
420770	420787	18	0.00	0	0
423419	423453	35	0.00	0	0
425386	425513	128	0.00	0	0
426317	426427	111	0.00	0	0
427433	427450	18	0.44	0	1
427829	427899	71	0.00	0	0
428290	428304	15	1.67	2	2
428725	428952	228	0.00	0	0
431416	431465	50	0.00	0	0
434067	434154	88	0.00	0	0
434251	434268	18	0.00	0	0
435142	435481	340	0.04	0	1
435671	435699	29	0.00	0	0
436507	436802	296	0.05	0	1
438201	438329	129	0.00	0	0
438531	438534	4	0.00	0	0
438943	438997	55	0.00	0	0
439295	439377	83	0.00	0	0
439930	440079	150	0.00	0	0
440890	440943	54	0.28	0	1
442620	442624	5	0.00	0	0
443171	443363	193	0.08	0	1
444219	444381	163	0.00	0	0
446341	446342	2	0.00	0	0
447122	447136	15	0.00	0	0
448241	448258	18	0.00	0	0
450839	450863	25	0.00	0	0
451737	451856	120	0.00	0	0
452424	452439	16	0.00	0	0
453184	453866	683	0.00	0	0
456267	456353	87	0.00	0	0
458244	458331	88	0.17	0	1
458815	458914	100	0.00	0	0
459758	459898	141	0.00	0	0
460532	460566	35	0.00	0	0
461833	461972	140	0.00	0	0
462474	462519	46	0.00	0	0
464554	464727	174	0.00	0	0
465040	465178	139	0.00	0	0
466106	466336	231	0.78	0	12
469115	469360	246	0.00	0	0
470846	471121	276	0.00	0	0
472109	472165	57	0.00	0	0
473552	473650	99	0.00	0	0
475100	475113	14	0.00	0	0
475267	475566	300	0.05	0	1
476290	476334	45	0.00	0	0
476998	477020	23	0.00	0	0
477774	477892	119	0.00	0	0
481195	481201	7	0.00	0	0
482147	482304	158	0.10	0	1
483898	484033	136	0.00	0	0
485315	485317	3	0.00	0	0
487959	488052	94	0.00	0	0
488274	488331	58	0.00	0	0
488539	488565	27	0.00	0	0
489444	489948	505	0.00	0	0
490132	490152	21	0.00	0	0
490801	491112	312	0.05	0	1
491458	491863	406	0.00	0	0
492104	492188	85	0.00	0	0
493164	493377	214	0.00	0	0
493599	493778	180	0.00	0	0
494154	494455	302	0.00	0	0
494831	495165	335	0.00	0	0
495523	495850	328	0.30	0	5
496409	496520	112	0.00	0	0
498219	498371	153	0.10	0	1
499473	499564	92	0.00	0	0
500042	500201	160	0.00	0	0
500565	500736	172	0.00	0	0
501310	501376	67	0.00	0	0
501545	501638	94	0.00	0	0
502365	502402	38	0.00	0	0
503294	503493	200	0.00	0	0
505486	505587	102	0.00	0	0
506461	506528	68	0.00	0	0
507285	507354	70	0.00	0	0
508261	508337	77	0.00	0	0
510096	510289	194	0.08	0	1
510881	511068	188	0.00	0	0
512026	512102	77	0.00	0	0
512325	512377	53	0.00	0	0
513884	514081	198	0.08	0	1
515194	515202	9	0.00	0	0
515851	515961	111	0.00	0	0
518020	518025	6	0.00	0	0
518626	518655	30	0.00	0	0
519121	519139	19	0.00	0	0
519536	519548	13	0.00	0	0
521240	521257	18	0.00	0	0
521549	521565	17	0.00	0	0
522835	522976	142	0.00	0	0
523910	524067	158	0.20	0	1
524427	524523	97	0.00	0	0
524877	525100	224	0.00	0	0
525662	525771	110	0.00	0	0
526450	526476	27	0.00	0	0
526834	526842	9	0.00	0	0
527299	527682	384	0.00	0	0
529516	529618	103	0.00	0	0
530048	530096	49	0.00	0	0
531525	531647	123	0.01	0	1
532461	532507	47	0.00	0	0
532600	532743	144	0.11	0	1
533110	533258	149	0.00	0	0
534672	534802	131	0.00	0	0
535808	535841	34	0.00	0	0
537156	537359	204	0.00	0	0
538110	538217	108	0.00	0	0
538659	538706	48	0.00	0	0
540366	540623	258	0.00	0	0
541953	542000	48	0.00	0	0
542739	542970	232	0.00	0	0
545933	545945	13	0.00	0	0
547194	547211	18	0.00	0	0
549261	549275	15	0.00	0	0
550128	550189	62	0.00	0	0
551018	551097	80	0.00	0	0
551365	551385	21	0.71	1	1
552739	552780	42	0.00	0	0
553747	553920	174	0.00	0	0
555241	555346	106	0.00	0	0
557757	557806	50	0.00	0	0
558821	559060	240	0.07	0	5
560252	560293	42	0.00	0	0
561212	561324	113	0.00	0	0
561673	561693	21	0.00	0	0
562678	562700	23	0.00	0	0
563220	563246	27	0.00	0	0
563625	563681	57	0.00	0	0
564930	565189	260	0.00	0	0
566135	566503	369	0.00	0	0
567167	567186	20	0.00	0	0
569206	569240	35	0.00	0	0
569535	569580	46	0.02	0	1
570421	570498	78	0.00	0	0
571528	571586	59	0.00	0	0
572220	572431	212	0.00	0	0
573611	573702	92	0.00	0	0
575179	575309	131	0.00	0	0
576015	576017	3	0.00	0	0
576711	576754	44	0.00	0	0
577793	577986	194	0.00	0	0
578099	578194	96	0.00	0	0
579098	579142	45	0.00	0	0
580517	580778	262	0.00	0	0
580923	581011	89	0.00	0	0
581321	581323	3	0.00	0	0
583708	583710	3	0.00	0	0
584293	584295	3	0.00	0	0
587393	587546	154	0.00	0	0
588653	588731	79	0.00	0	0
589761	589803	43	0.00	0	0
591097	591192	96	0.00	0	0
591292	591414	123	0.00	0	0
592807	592852	46	0.00	0	0
593579	594010	432	0.00	0	0
595472	595527	56	0.00	0	0
595984	595999	16	0.00	0	0
596750	596880	131	0.00	0	0
597124	597141	18	0.00	0	0
597802	597834	33	0.00	0	0
599017	599106	90	0.13	0	1
600535	600961	427	0.07	0	1
603290	603407	118	0.00	0	0
604578	604838	261	0.00	0	0
605550	605620	71	0.00	0	0
606644	606663	20	0.00	0	0
609127	609245	119	0.00	0	0
610647	610786	140	0.00	0	0
611198	611199	2	0.00	0	0
613737	613866	130	0.00	0	0
614407	614636	230	0.00	0	0
615435	615474	40	0.00	0	0
616579	616597	19	0.00	0	0
617873	617983	111	0.00	0	0
618082	618322	241	0.00	0	0
618848	618927	80	0.00	0	0
620272	620445	174	0.00	0	0
621145	621222	78	0.00	0	0
621769	621964	196	0.00	0	0
623971	624078	108	0.00	0	0
624577	624626	50	0.00	0	0
625011	625064	54	0.00	0	0
625407	625555	149	0.00	0	0
626894	627061	168	0.00	0	0
627521	627530	10	0.00	0	0
631067	631185	119	0.00	0	0
631483	631529	47	0.00	0	0
633297	633459	163	0.10	0	1
634084	634200	117	0.00	0	0
635646	635743	98	0.00	0	0
636514	636622	109	0.00	0	0
638372	638414	43	0.00	0	0
638907	638988	82	0.00	0	0
640129	640237	109	0.00	0	0
640691	640748	58	0.00	0	0
641139	641237	99	0.00	0	0
641976	642063	88	0.18	0	1
642340	642357	18	0.00	0	0
642622	642661	40	0.00	0	0
643103	643135	33	0.42	0	2
643835	643922	88	0.00	0	0
645600	645905	306	0.00	0	0
650652	650749	98	0.00	0	0
651023	651086	64	0.00	0	0
651612	651972	361	0.00	0	0
654455	654457	3	0.00	0	0
655517	655524	8	0.00	0	0
655840	655868	29	0.00	0	0
657135	657226	92	0.00	0	0
657929	658035	107	0.00	0	0
658450	658465	16	0.00	0	0
659057	659127	71	0.07	0	1
659215	659283	69	0.00	0	0
659941	660292	352	0.00	0	0
661205	661206	2	0.00	0	0
661564	661693	130	0.00	0	0
661928	662097	170	0.07	0	1
662629	662694	66	0.00	0	0
663610	663877	268	0.06	0	1
665756	665853	98	0.00	0	0
666580	666724	145	0.00	0	0
667373	667414	42	0.00	0	0
669254	669469	216	0.00	0	0
670859	670950	92	0.00	0	0
671788	671872	85	0.00	0	0
672155	672254	100	0.00	0	0
673203	673228	26	0.00	0	0
673868	673912	45	0.00	0	0
676601	676648	48	0.00	0	0
677294	677304	11	0.00	0	0
678749	678914	166	0.00	0	0
679146	679215	70	0.03	0	1
679921	679966	46	0.35	0	1
680528	680649	122	0.00	0	0
681064	681117	54	0.00	0	0
682637	682869	233	0.00	0	0
683152	683208	57	0.00	0	0
683515	683580	66	0.00	0	0
684394	684421	28	0.00	0	0
685286	685461	176	0.00	0	0
686283	686294	12	0.00	0	0
686670	686785	116	0.00	0	0
688482	688530	49	0.00	0	0
688732	688745	14	0.00	0	0
689625	689644	20	0.00	0	0
689819	689946	128	0.00	0	0
690553	690660	108	0.00	0	0
691194	691469	276	0.05	0	1
691896	691936	41	0.00	0	0
692144	692164	21	0.00	0	0
693083	693456	374	0.00	0	0
694529	694543	15	0.00	0	0
694814	694818	5	0.00	0	0
695578	695595	18	0.00	0	0
696640	696688	49	0.00	0	0
698762	698785	24	0.00	0	0
700783	700813	31	0.00	0	0
701600	701626	27	0.00	0	0
701960	701988	29	0.00	0	0
703625	703636	12	0.00	0	0
704135	704159	25	0.00	0	0
706071	706085	15	0.00	0	0
706992	707231	240	0.00	0	0
708093	708369	277	0.00	0	0
708727	708748	22	0.00	0	0
710603	710617	15	0.00	0	0
710915	710935	21	0.00	0	0
711344	711361	18	0.00	0	0
712406	712409	4	0.00	0	0
712830	712852	23	0.00	0	0
714086	714101	16	0.00	0	0
714336	714358	23	0.00	0	0
715349	715353	5	0.00	0	0
716899	716906	8	0.00	0	0
718308	718332	25	0.64	1	1
719497	719605	109	0.00	0	0
720068	720079	12	0.00	0	0
720506	720527	22	0.00	0	0
722046	722059	14	0.00	0	0
722933	722946	14	0.00	0	0
724234	724254	21	0.00	0	0
724892	724914	23	0.00	0	0
725314	725327	14	0.00	0	0
725736	725754	19	0.00	0	0
726049	726118	70	0.00	0	0
727769	727773	5	0.00	0	0
730855	730873	19	0.00	0	0
731540	731555	16	0.31	0	1
732198	732321	124	0.00	0	0
732646	732647	2	0.00	0	0
732969	733016	48	0.00	0	0
733662	733934	273	0.00	0	0
735663	735826	164	0.09	0	1
737630	737644	15	0.00	0	0
738371	738421	51	0.00	0	0
738632	738800	169	0.00	0	0
738993	739080	88	0.00	0	0
740884	740998	115	0.00	0	0
741737	741821	85	0.00	0	0
742299	742314	16	0.00	0	0
742651	742797	147	0.00	0	0
743200	743894	695	0.00	0	0
745809	746140	332	0.05	0	1
746648	746807	160	0.09	0	1
747810	748026	217	0.00	0	0
749139	749153	15	0.00	0	0
750084	750109	26	0.00	0	0
751961	751982	22	0.00	0	0
753354	753369	16	0.00	0	0
754027	754292	266	0.07	0	1
756042	756058	17	0.00	0	0
758057	758087	31	0.00	0	0
758589	759128	540	0.00	0	0
759468	759576	109	0.00	0	0
760573	760629	57	0.00	0	0
760924	761021	98	0.00	0	0
761856	761983	128	0.00	0	0
762662	762744	83	0.00	0	0
763354	763470	117	0.00	0	0
766140	766268	129	0.00	0	0
767154	767155	2	0.00	0	0
768113	768121	9	0.00	0	0
768728	768739	12	0.00	0	0
769358	769687	330	0.00	0	0
770942	771009	68	0.00	0	0
771880	771887	8	0.00	0	0
772875	773030	156	0.00	0	0
774327	774345	19	0.00	0	0
775234	775247	14	0.00	0	0
776121	776145	25	0.00	0	0
777397	777402	6	0.00	0	0
778429	778443	15	0.00	0	0
779560	779721	162	0.00	0	0
780472	780509	38	0.00	0	0
781155	781196	42	0.00	0	0
782184	782364	181	0.10	0	1
783292	783333	42	0.00	0	0
783664	783704	41	0.00	0	0
784569	784724	156	0.00	0	0
785106	785316	211	0.07	0	1
785398	785568	171	0.00	0	0
785914	786112	199	0.00	0	0
786578	786749	172	0.17	0	1
787095	787254	160	0.00	0	0
788131	788151	21	0.00	0	0
788962	789137	176	0.00	0	0
789621	789622	2	0.00	0	0
790088	790343	256	0.00	0	0
793158	793343	186	0.00	0	0
793986	794180	195	0.12	0	1
795555	795821	267	0.00	0	0
800247	800284	38	0.00	0	0
801131	801159	29	0.00	0	0
801634	801759	126	0.00	0	0
802411	802513	103	0.00	0	0
803402	803438	37	0.00	0	0
804138	804254	117	0.00	0	0
804894	804979	86	0.00	0	0
805898	806006	109	0.00	0	0
806535	806791	257	0.00	0	0
807251	807304	54	0.30	0	1
808763	808854	92	0.00	0	0
809050	809120	71	0.00	0	0
809880	810034	155	0.00	0	0
810383	810536	154	0.00	0	0
812436	812588	153	0.00	0	0
813225	813354	130	0.00	0	0
815401	815442	42	0.00	0	0
815914	815943	30	0.00	0	0
816400	816611	212	0.00	0	0
817152	817163	12	0.00	0	0
818262	818263	2	0.00	0	0
820944	821075	132	0.00	0	0
821775	821844	70	0.00	0	0
822385	822524	140	0.00	0	0
823395	823481	87	0.00	0	0
824409	824637	229	0.00	0	0
825088	825105	18	0.00	0	0
825610	825635	26	0.00	0	0
826047	826273	227	0.07	0	1
828902	828918	17	0.00	0	0
829765	829876	112	0.13	0	1
830432	830450	19	0.00	0	0
831111	831128	18	0.00	0	0
831516	831638	123	0.00	0	0
832461	832540	80	0.00	0	0
833507	833549	43	0.00	0	0
834828	835028	201	0.00	0	0
836661	836816	156	0.00	0	0
840462	840501	40	0.00	0	0
840583	840713	131	0.00	0	0
842673	842788	116	0.00	0	0
843698	844379	682	0.01	0	1
844662	844855	194	0.00	0	0
845744	846545	802	0.02	0	1
847575	847619	45	0.00	0	0
848031	848205	175	0.00	0	0
849841	850138	298	0.00	0	0
851522	851630	109	0.00	0	0
852849	852983	135	0.00	0	0
853452	853659	208	0.00	0	0
856300	856764	465	0.00	0	0
862870	863008	139	0.00	0	0
863264	863344	81	0.00	0	0
863720	863786	67	0.00	0	0
863882	863979	98	0.31	0	1
865081	865187	107	0.00	0	0
866286	866457	172	0.00	0	0
868619	868669	51	0.00	0	0
870518	871051	534	0.00	0	0
871229	871454	226	0.00	0	0
872211	872292	82	0.00	0	0
872845	872848	4	18.75	25	25
873203	873207	5	0.00	0	0
873526	873677	152	0.00	0	0
874788	874814	27	0.00	0	0
876225	876293	69	0.00	0	0
877005	877018	14	0.00	0	0
878042	878288	247	0.00	0	0
881301	881318	18	0.00	0	0
882849	882852	4	0.00	0	0
883765	883788	24	0.00	0	0
886524	886988	465	0.00	0	0
888549	888602	54	0.00	0	0
888857	888953	97	0.00	0	0
888999	889006	8	0.00	0	0
889493	889526	34	0.00	0	0
890082	890186	105	0.00	0	0
891183	891200	18	0.00	0	0
891510	891544	35	0.00	0	0
891896	892025	130	0.10	0	1
893190	893399	210	0.00	0	0
895416	895432	17	0.00	0	0
895760	895762	3	0.00	0	0
896096	896117	22	0.00	0	0
897441	897463	23	0.00	0	0
898190	898191	2	0.00	0	0
899143	899162	20	0.00	0	0
899928	900047	120	0.00	0	0
901434	901479	46	0.00	0	0
901954	902089	136	0.00	0	0
904038	904188	151	0.00	0	0
905566	905569	4	0.00	0	0
905924	905944	21	0.00	0	0
907049	907256	208	0.08	0	1
907533	907541	9	0.00	0	0
907884	908138	255	0.00	0	0
908973	908980	8	0.00	0	0
909748	909766	19	0.00	0	0
910769	910920	152	0.00	0	0
912477	912479	3	0.00	0	0
913077	913286	210	0.00	0	0
914910	914988	79	0.00	0	0
917164	917165	2	0.00	0	0
917631	917685	55	0.00	0	0
917756	917761	6	0.00	0	0
917847	918000	154	0.00	0	0
918439	918456	18	0.00	0	0
918940	918996	57	0.00	0	0
919387	919533	147	0.00	0	0
920818	920900	83	0.00	0	0
921612	921811	200	0.00	0	0
921881	921909	29	0.00	0	0
921980	922109	130	0.00	0	0
922488	922603	116	0.07	0	1
923276	923409	134	0.12	0	1
923905	923942	38	0.00	0	0
925290	925320	31	0.00	0	0
925993	926037	45	0.00	0	0
927172	927314	143	0.11	0	1
927705	927709	5	0.00	0	0
928811	928895	85	0.11	0	1
929397	929512	116	0.00	0	0
930323	930539	217	0.00	0	0
932013	932157	145	0.09	0	1
932461	932467	7	0.00	0	0
933734	933750	17	0.00	0	0
934099	934112	14	0.00	0	0
935562	935636	75	0.00	0	0
937533	937623	91	0.00	0	0
937794	937825	32	0.00	0	0
939395	939518	124	0.00	0	0
940557	940577	21	0.00	0	0
941415	941505	91	0.00	0	0
942424	942542	119	0.00	0	0
943263	943264	2	0.00	0	0
944378	944402	25	0.00	0	0
945057	945089	33	0.00	0	0
947049	947308	260	0.12	0	1
947930	948040	111	0.00	0	0
948707	948824	118	0.00	0	0
949554	949579	26	0.00	0	0
950573	950614	42	0.00	0	0
951218	951344	127	0.00	0	0
952290	952662	373	0.18	0	4
952731	952832	102	0.00	0	0
953970	953992	23	0.00	0	0
954500	954514	15	0.00	0	0
955253	955304	52	0.00	0	0
955464	955553	90	0.00	0	0
956010	956024	15	0.00	0	0
956769	956866	98	0.00	0	0
957827	957860	34	0.00	0	0
958833	958846	14	0.00	0	0
960650	960855	206	0.15	0	1
961324	961558	235	0.00	0	0
961859	961973	115	0.00	0	0
963102	963113	12	0.00	0	0
963339	963417	79	0.00	0	0
963526	963539	14	0.00	0	0
965441	965564	124	0.00	0	0
966609	966619	11	0.00	0	0
967517	967539	23	0.00	0	0
968359	968518	160	0.00	0	0
968975	969070	96	0.00	0	0
969296	969531	236	0.00	0	0
969844	969861	18	0.00	0	0
970705	970895	191	0.00	0	0
972027	972044	18	0.00	0	0
972747	972764	18	0.00	0	0
973485	973606	122	0.12	0	1
974660	974774	115	0.00	0	0
975681	975696	16	0.00	0	0
976921	977006	86	0.00	0	0
977562	977586	25	0.00	0	0
978499	978535	37	0.00	0	0
979352	979591	240	0.00	0	0
980174	980192	19	0.00	0	0
980658	980818	161	0.00	0	0
981485	981518	34	0.00	0	0
982311	982331	21	0.67	1	1
983220	983299	80	0.00	0	0
984086	984116	31	0.00	0	0
985389	985390	2	0.00	0	0
985625	985652	28	0.00	0	0
988379	988402	24	0.00	0	0
988547	988756	210	0.08	0	1
989429	989466	38	0.00	0	0
989908	989927	20	1.25	1	2
990675	990895	221	0.00	0	0
991913	992112	200	0.07	0	1
993624	993659	36	0.00	0	0
995133	995274	142	0.00	0	0
996325	996339	15	0.00	0	0
996817	996952	136	0.00	0	0
999586	999669	84	0.00	0	0
1001236	1001344	109	0.00	0	0
1001768	1001821	54	0.00	0	0
1003181	1003262	82	0.00	0	0
1003386	1003464	79	0.00	0	0
1004230	1004334	105	0.00	0	0
1006478	1006560	83	0.00	0	0
1006927	1006958	32	0.00	0	0
1007988	1008176	189	0.00	0	0
1008654	1008671	18	0.00	0	0
1010844	1011008	165	0.00	0	0
1011618	1011765	148	0.00	0	0
1012555	1012557	3	0.00	0	0
1014055	1014133	79	0.00	0	0
1014416	1014724	309	0.00	0	0
1014989	1014990	2	0.00	0	0
1016707	1016821	115	0.00	0	0
1017854	1017868	15	0.00	0	0
1018727	1018771	45	0.00	0	0
1019915	1020136	222	0.07	0	1
1020356	1020663	308	0.00	0	0
1020895	1021097	203	0.00	0	0
1022423	1022472	50	0.00	0	0
1023181	1023246	66	0.00	0	0
1024360	1024405	46	0.00	0	0
1025285	1025622	338	0.07	0	1
1027655	1027670	16	0.00	0	0
1028571	1028687	117	0.00	0	0
1029177	1029291	115	0.00	0	0
1029985	1030067	83	0.00	0	0
1030938	1031074	137	0.00	0	0
1033476	1033496	21	0.00	0	0
1034154	1034310	157	0.10	0	1
1036077	1036120	44	0.00	0	0
1037084	1037194	111	0.00	0	0
1038860	1038868	9	0.00	0	0
1039076	1039562	487	0.00	0	0
1040331	1040381	51	0.00	0	0
1041408	1041673	266	0.00	0	0
1043075	1043092	18	0.00	0	0
1048177	1048198	22	0.55	1	1
1049462	1049524	63	0.00	0	0
1050326	1050395	70	0.00	0	0
1051618	1051622	5	0.00	0	0
1052292	1052398	107	0.00	0	0
1053167	1053263	97	0.00	0	0
1055600	1055614	15	0.00	0	0
1056095	1056125	31	0.52	1	1
1057125	1057161	37	0.00	0	0
1057648	1057661	14	0.50	1	1
1058658	1058790	133	0.00	0	0
1059343	1059393	51	0.00	0	0
1059943	1060385	443	0.00	0	0
1061892	1061896	5	0.00	0	0
1062872	1062984	113	0.00	0	0
1064617	1064623	7	0.00	0	0
1066025	1066214	190	0.08	0	1
1066524	1066654	131	0.00	0	0
1067606	1067607	2	0.00	0	0
1067878	1067901	24	0.00	0	0
1068430	1068573	144	0.10	0	1
1070654	1070742	89	0.00	0	0
1072162	1072176	15	0.00	0	0
1072843	1072911	69	0.00	0	0
1073854	1074056	203	0.08	0	1
1074669	1074802	134	0.00	0	0
1075574	1075767	194	0.06	0	1
1077604	1077777	174	0.00	0	0
1078636	1078676	41	0.00	0	0
1078917	1079106	190	0.00	0	0
1079404	1079582	179	0.00	0	0
1080789	1081068	280	0.00	0	0
1084507	1084660	154	0.00	0	0
1085558	1085850	293	0.00	0	0
1086652	1086665	14	0.00	0	0
1087665	1087843	179	0.00	0	0
1089560	1089777	218	0.00	0	0
1091464	1091507	44	0.00	0	0
1092378	1092571	194	0.00	0	0
1095428	1095561	134	0.00	0	0
1097431	1097449	19	0.00	0	0
1098314	1098334	21	0.00	0	0
1098893	1098895	3	0.00	0	0
1099880	1099884	5	0.00	0	0
1100713	1100833	121	0.00	0	0
1102823	1102900	78	0.00	0	0
1104631	1104726	96	0.00	0	0
1105879	1105881	3	0.00	0	0
1106263	1106286	24	0.00	0	0
1107268	1107299	32	0.00	0	0
1108296	1108506	211	0.00	0	0
1109995	1110008	14	0.00	0	0
1110831	1110845	15	0.00	0	0
1111152	1111214	63	0.00	0	0
1111617	1111747	131	0.05	0	1
1113437	1113531	95	0.00	0	0
1114303	1114369	67	0.00	0	0
1114724	1114983	260	0.06	0	1
1115266	1115268	3	0.00	0	0
1115590	1115622	33	0.00	0	0
1117010	1117023	14	0.00	0	0
1117390	1117428	39	0.00	0	0
1117846	1117933	88	0.00	0	0
1118832	1118919	88	0.00	0	0
1119070	1119223	154	0.00	0	0
1119755	1119781	27	0.00	0	0
1120677	1120692	16	0.00	0	0
1122998	1123249	252	0.06	0	1
1124963	1124966	4	0.00	0	0
1126611	1126649	39	0.00	0	0
1126956	1127025	70	0.00	0	0
1127371	1127397	27	0.56	1	1
1128544	1129006	463	0.00	0	0
1130579	1130621	43	0.16	0	1
1130967	1131035	69	0.00	0	0
1131606	1131756	151	0.00	0	0
1131994	1132103	110	0.00	0	0
1132509	1132602	94	0.00	0	0
1133080	1133200	121	0.00	0	0
1135114	1135263	150	0.00	0	0
1135612	1135619	8	0.00	0	0
1136049	1136075	27	0.00	0	0
1137377	1137380	4	0.00	0	0
1138125	1138127	3	0.00	0	0
1138701	1138768	68	0.00	0	0
1138957	1139109	153	0.00	0	0
1140210	1140295	86	0.17	0	1
1141377	1141397	21	0.00	0	0
1143060	1143099	40	0.00	0	0
1143757	1143775	19	0.00	0	0
1144286	1144332	47	0.00	0	0
1146495	1146509	15	0.00	0	0
1146945	1146971	27	0.00	0	0
1147245	1147250	6	0.00	0	0
1147884	1147906	23	0.00	0	0
1149488	1149504	17	0.00	0	0
1150498	1150506	9	0.00	0	0
1151914	1151931	18	0.00	0	0
1153048	1153077	30	0.00	0	0
1153780	1153847	68	0.00	0	0
1155039	1155054	16	0.00	0	0
1157003	1157036	34	0.00	0	0
1157208	1157593	386	0.00	0	0
1158731	1158815	85	0.00	0	0
1158913	1158956	44	0.00	0	0
1161037	1161127	91	0.00	0	0
1162547	1162590	44	0.00	0	0
1163953	1163974	22	0.23	0	1
1164854	1164878	25	0.00	0	0
1165530	1165546	17	0.00	0	0
1166066	1166067	2	0.00	0	0
1167526	1167559	34	0.88	0	2
1167842	1168009	168	0.00	0	0
1168763	1168777	15	0.00	0	0
1169417	1169421	5	0.00	0	0
1169986	1170002	17	0.00	0	0
1170808	1170825	18	0.00	0	0
1172381	1172592	212	0.00	0	0
1174042	1174083	42	0.00	0	0
1174633	1174948	316	0.00	0	0
1175612	1175775	164	0.46	0	5
1178076	1178090	15	0.00	0	0
1178721	1178738	18	0.00	0	0
1181010	1181017	8	0.00	0	0
1184254	1184255	2	0.00	0	0
1188908	1188922	15	0.00	0	0
1189727	1189728	2	0.00	0	0
1191792	1191838	47	0.00	0	0
1192304	1192319	16	0.00	0	0
1192767	1192857	91	0.00	0	0
1193386	1193418	33	0.00	0	0
1193728	1193732	5	0.00	0	0
1194282	1194704	423	0.04	0	1
1195491	1195762	272	0.00	0	0
1196774	1196887	114	0.00	0	0
1197965	1197992	28	0.00	0	0
1198749	1198795	47	0.00	0	0
1199153	1199311	159	0.09	0	1
1199633	1199727	95	0.00	0	0
1199954	1200001	48	0.00	0	0
1201052	1201053	2	0.00	0	0
1203460	1203622	163	0.00	0	0
1204322	1204337	16	0.00	0	0
1207746	1207845	100	0.19	0	1
1208296	1208313	18	0.00	0	0
1211512	1211620	109	0.00	0	0
1212293	1212332	40	0.00	0	0
1213212	1213367	156	0.00	0	0
1213674	1213675	2	0.00	0	0
1214216	1214310	95	0.00	0	0
1216021	1216045	25	0.00	0	0
1218401	1218483	83	0.00	0	0
1218793	1218870	78	0.00	0	0
1220680	1220871	192	0.00	0	0
1222084	1222141	58	0.00	0	0
1222634	1222783	150	0.00	0	0
1223582	1223596	15	0.00	0	0
1224341	1224346	6	0.00	0	0
1224956	1224994	39	0.00	0	0
1225520	1225636	117	0.00	0	0
1225708	1226173	466	0.00	0	0
1227434	1227477	44	0.00	0	0
1228069	1228224	156	0.00	0	0
1228672	1228796	125	0.00	0	0
1229394	1229427	34	0.00	0	0
1229686	1229811	126	0.00	0	0
1231222	1231248	27	0.00	0	0
1231510	1231680	171	0.00	0	0
1232155	1232195	41	0.00	0	0
1233641	1233847	207	0.00	0	0
1234505	1234511	7	0.00	0	0
1234773	1234809	37	0.00	0	0
1235656	1235678	23	0.00	0	0
1236171	1236277	107	0.00	0	0
1236989	1237021	33	0.00	0	0
1238666	1238686	21	0.00	0	0
1240169	1240286	118	0.00	0	0
1240737	1240785	49	0.00	0	0
1241248	1241438	191	0.00	0	0
1242357	1242378	22	0.00	0	0
1244438	1244575	138	0.00	0	0
1245713	1245795	83	0.00	0	0
1246189	1246341	153	0.00	0	0
1246555	1246675	121	0.00	0	0
1247207	1247226	20	0.00	0	0
1247890	1248153	264	0.00	0	0
1249090	1249206	117	0.00	0	0
1250488	1250674	187	0.08	0	1
1251932	1252052	121	0.00	0	0
1252617	1252653	37	0.00	0	0
1253221	1253324	104	0.00	0	0
1253865	1253876	12	0.00	0	0
1255520	1255655	136	0.00	0	0
1256514	1256787	274	0.05	0	1
1258864	1258928	65	0.23	0	1
1260231	1260515	285	0.06	0	1
1261416	1261438	23	0.00	0	0
1261976	1261991	16	0.00	0	0
1263399	1263421	23	0.00	0	0
1264199	1264303	105	0.00	0	0
1264721	1264744	24	0.00	0	0
1265054	1265058	5	0.00	0	0
1265929	1265972	44	0.00	0	0
1266567	1266726	160	0.00	0	0
1267132	1267314	183	0.00	0	0
1271736	1271820	85	0.00	0	0
1272286	1272614	329	0.05	0	1
1274346	1274679	334	0.00	0	0
1276474	1276509	36	0.00	0	0
1278376	1278590	215	0.00	0	0
1279287	1279521	235	0.00	0	0
1281196	1281323	128	0.00	0	0
1282239	1282363	125	0.00	0	0
1282595	1282701	107	0.14	0	1
1285148	1285353	206	0.00	0	0
1285720	1285792	73	0.00	0	0
1287125	1287270	146	0.10	0	1
1288564	1288609	46	0.00	0	0
1289129	1289161	33	0.00	0	0
1289774	1289933	160	0.00	0	0
1290261	1290354	94	0.00	0	0
1290580	1290728	149	0.00	0	0
1292721	1292943	223	0.07	0	1
1293181	1293233	53	0.00	0	0
1294074	1294094	21	0.00	0	0
1294824	1294847	24	0.00	0	0
1295352	1295363	12	0.00	0	0
1298213	1298507	295	0.00	0	0
1299234	1299235	2	0.00	0	0
1299791	1300022	232	0.10	0	1
1300779	1300794	16	0.00	0	0
1301581	1301597	17	0.00	0	0
1302738	1302753	16	0.00	0	0
1304014	1304055	42	0.00	0	0
1305760	1305866	107	0.14	0	1
1310199	1310382	184	0.00	0	0
1310848	1310879	32	0.00	0	0
1311996	1312012	17	0.59	1	1
1312587	1312611	25	0.00	0	0
1315230	1315248	19	0.00	0	0
1315591	1315690	100	0.15	0	1
1316603	1316674	72	0.00	0	0
1317617	1317755	139	0.00	0	0
1318023	1318123	101	0.00	0	0
1320443	1320485	43	0.00	0	0
1321524	1321686	163	0.00	0	0
1322146	1322193	48	0.00	0	0
1322659	1322747	89	0.00	0	0
1322895	1322952	58	0.00	0	0
1323490	1323572	83	0.00	0	0
1325127	1325141	15	0.00	0	0
1325352	1325378	27	0.00	0	0
1326345	1326480	136	0.00	0	0
1327570	1327589	20	0.00	0	0
1329351	1329366	16	0.00	0	0
1331396	1331761	366	0.00	0	0
1331851	1331936	86	0.00	0	0
1333023	1333040	18	0.00	0	0
1335848	1335889	42	0.00	0	0
1336268	1336331	64	0.00	0	0
1336602	1336616	15	0.00	0	0
1337580	1337761	182	0.00	0	0
1338821	1338925	105	0.14	0	1
1339481	1339641	161	0.00	0	0
1340107	1340122	16	0.00	0	0
1341485	1341490	6	0.00	0	0
1341896	1341928	33	0.00	0	0
1342313	1342411	99	0.00	0	0
1343264	1343281	18	0.00	0	0
1344852	1344856	5	0.00	0	0
1345736	1345739	4	0.00	0	0
1346186	1346303	118	0.00	0	0
1348952	1349144	193	0.00	0	0
1349592	1349616	25	0.00	0	0
1351306	1351435	130	0.00	0	0
1352300	1352438	139	0.24	0	2
1353504	1353520	17	0.00	0	0
1354946	1354972	27	0.00	0	0
1355966	1355984	19	0.00	0	0
1356966	1356998	33	0.00	0	0
1358247	1358284	38	0.00	0	0
1358353	1358368	16	0.00	0	0
1358537	1358623	87	0.00	0	0
1359716	1359862	147	0.00	0	0
1361279	1361470	192	0.08	0	1
1363597	1363634	38	0.00	0	0
1364460	1364498	39	0.00	0	0
1364778	1364865	88	0.00	0	0
1365145	1365286	142	0.00	0	0
1365632	1365662	31	1.42	0	4
1366737	1366779	43	0.00	0	0
1367737	1367990	254	0.00	0	0
1368915	1369068	154	0.19	0	1
1371340	1371374	35	0.00	0	0
1372212	1372566	355	0.00	0	0
1373638	1374072	435	0.00	0	0
1377604	1377723	120	0.00	0	0
1380281	1380374	94	0.00	0	0
1381104	1381156	53	0.30	0	1
1382084	1382175	92	0.00	0	0
1382752	1382822	71	0.00	0	0
1384065	1384339	275	0.00	0	0
1385384	1385686	303	0.00	0	0
1387247	1387362	116	0.00	0	0
1387858	1387865	8	0.00	0	0
1389046	1389157	112	0.00	0	0
1391738	1391759	22	0.00	0	0
1393563	1393581	19	0.00	0	0
1394128	1394555	428	0.00	0	0
1396785	1396863	79	0.00	0	0
1397608	1397644	37	0.41	0	1
1398173	1398341	169	0.00	0	0
1399533	1399669	137	0.00	0	0
1400216	1400234	19	0.00	0	0
1400460	1400502	43	0.00	0	0
1401034	1401289	256	0.00	0	0
1402607	1402794	188	0.00	0	0
1403962	1404113	152	0.00	0	0
1405278	1405303	26	0.00	0	0
1405901	1405972	72	0.00	0	0
1407215	1407235	21	0.00	0	0
1408502	1408567	66	0.00	0	0
1409603	1409621	19	0.00	0	0
1410516	1410733	218	0.00	0	0
1413229	1413266	38	0.00	0	0
1414095	1414235	141	0.00	0	0
1415580	1415694	115	0.00	0	0
1416364	1416380	17	0.00	0	0
1417305	1417308	4	0.00	0	0
1417963	1417968	6	0.00	0	0
1419160	1419453	294	0.00	0	0
1420012	1420082	71	0.00	0	0
1420191	1420262	72	0.00	0	0
1420644	1420785	142	0.11	0	1
1422385	1422425	41	0.00	0	0
1423074	1423128	55	0.00	0	0
1424467	1424557	91	0.16	0	1
1426223	1426244	22	0.00	0	0
1427124	1427140	17	0.00	0	0
1428350	1428363	14	0.00	0	0
1429405	1429604	200	0.00	0	0
1431768	1431899	132	0.00	0	0
1432506	1432808	303	0.00	0	0
1433607	1433721	115	0.00	0	0
1434826	1434863	38	0.00	0	0
1435886	1435969	84	0.00	0	0
1436852	1436990	139	2.20	0	20
1439021	1439165	145	0.10	0	1
1440090	1440107	18	0.00	0	0
1440999	1441015	17	0.00	0	0
1442321	1442468	148	0.00	0	0
1443462	1443509	48	0.00	0	0
1445348	1445399	52	0.00	0	0
1446522	1446618	97	0.00	0	0
1448497	1448518	22	0.00	0	0
1448966	1449148	183	0.00	0	0
1449971	1450006	36	0.00	0	0
1452954	1453023	70	0.00	0	0
1453194	1453236	43	0.00	0	0
1454768	1454818	51	0.00	0	0
1456114	1456140	27	0.00	0	0
1456997	1457015	19	0.00	0	0
1459170	1459187	18	0.00	0	0
1460145	1460334	190	0.00	0	0
1460788	1460800	13	0.00	0	0
1461005	1461171	167	0.18	0	1
1461937	1461939	3	0.00	0	0
1462882	1462956	75	0.00	0	0
1464088	1464231	144	0.00	0	0
1466071	1466106	36	0.00	0	0
1466680	1466723	44	0.00	0	0
1467759	1467907	149	0.00	0	0
1469063	1469153	91	0.00	0	0
1470180	1470294	115	0.00	0	0
1470730	1470775	46	0.02	0	1
1472600	1472834	235	0.00	0	0
1473087	1473174	88	0.00	0	0
1474204	1474273	70	0.00	0	0
1476494	1476530	37	0.00	0	0
1477089	1477162	74	0.00	0	0
1477796	1477867	72	0.00	0	0
1478597	1478653	57	0.00	0	0
1479008	1479014	7	0.00	0	0
1480141	1480160	20	0.00	0	0
1480449	1480450	2	0.00	0	0
1481270	1481291	22	0.00	0	0
1482908	1483071	164	0.00	0	0
1484878	1484914	37	0.00	0	0
1485614	1485665	52	0.12	0	1
1486287	1486339	53	0.28	0	1
1486820	1487015	196	0.15	0	1
1488293	1488371	79	0.19	0	1
1489440	1489644	205	0.00	0	0
1490269	1490315	47	0.00	0	0
1490616	1490633	18	0.00	0	0
1491317	1491410	94	0.00	0	0
1494048	1494356	309	0.00	0	0
1495050	1495060	11	0.00	0	0
1496561	1496729	169	0.00	0	0
1497414	1497421	8	0.00	0	0
1498850	1498893	44	0.00	0	0
1501288	1501317	30	0.00	0	0
1501984	1501996	13	0.00	0	0
1502735	1502854	120	0.13	0	1
1503968	1503988	21	0.00	0	0
1505135	1505250	116	0.00	0	0
1505444	1505516	73	0.00	0	0
1506798	1506948	151	0.10	0	1
1507369	1507615	247	0.00	0	0
1508819	1508834	16	0.00	0	0
1509198	1509349	152	0.00	0	0
1509728	1509768	41	0.00	0	0
1511542	1511546	5	0.00	0	0
1512822	1512886	65	0.00	0	0
1513113	1513274	162	0.00	0	0
1514556	1514594	39	0.00	0	0
1515045	1515062	18	0.00	0	0
1517277	1517484	208	0.00	0	0
1520345	1520452	108	0.00	0	0
1520795	1520892	98	0.00	0	0
1523155	1523257	103	0.00	0	0
1523546	1523690	145	0.00	0	0
1524018	1524053	36	0.00	0	0
1525191	1525279	89	0.00	0	0
1526306	1526311	6	0.00	0	0
1527317	1527334	18	0.00	0	0
1527938	1528063	126	0.00	0	0
1528997	1529068	72	0.00	0	0
1529792	1529904	113	0.00	0	0
1530751	1530819	69	0.00	0	0
1532107	1532268	162	0.00	0	0
1533760	1533836	77	0.00	0	0
1534653	1535021	369	0.00	0	0
1535310	1535325	16	0.00	0	0
1535641	1535661	21	0.00	0	0
1535968	1535982	15	0.00	0	0
1536059	1536126	68	0.00	0	0
1537486	1537539	54	0.00	0	0
1538338	1538342	5	0.00	0	0
1539018	1539197	180	0.09	0	1
1539714	1539718	5	0.00	0	0
1540604	1540691	88	0.00	0	0
1541703	1542156	454	0.00	0	0
1542829	1542842	14	0.00	0	0
1543721	1543764	44	0.00	0	0
1545052	1545115	64	0.00	0	0
1547765	1547815	51	0.00	0	0
1548040	1548089	50	0.00	0	0
1549377	1549391	15	0.00	0	0
1552009	1552014	6	0.00	0	0
1553320	1553449	130	0.02	0	1
1554032	1554141	110	0.00	0	0
1556062	1556132	71	0.24	0	1
1556361	1556413	53	0.00	0	0
1557335	1557346	12	0.00	0	0
1558721	1558728	8	0.00	0	0
1559191	1559270	80	0.00	0	0
1559871	1559889	19	0.00	0	0
1560709	1560734	26	0.00	0	0
1563360	1563527	168	0.00	0	0
1564788	1564809	22	0.45	0	1
1565929	1565966	38	0.00	0	0
1566426	1566584	159	0.00	0	0
1566960	1567079	120	0.12	0	1
1568835	1569119	285	0.00	0	0
1570077	1570362	286	0.00	0	0
1572191	1572410	220	0.00	0	0
1575735	1575858	124	0.00	0	0
1576792	1576815	24	0.00	0	0
1578127	1578154	28	0.00	0	0
1578839	1579005	167	0.46	0	3
1580101	1580145	45	0.00	0	0
1581256	1581498	243	0.00	0	0
1581961	1582014	54	0.00	0	0
1583230	1583231	2	0.00	0	0
1584228	1584420	193	0.00	0	0
1584916	1584979	64	0.00	0	0
1585514	1585535	22	0.00	0	0
1586547	1586727	181	0.00	0	0
1587529	1587562	34	0.00	0	0
1590417	1590431	15	0.00	0	0
1591626	1591643	18	0.00	0	0
1592673	1592848	176	0.00	0	0
1594058	1594061	4	0.00	0	0
1595199	1595327	129	0.13	0	1
1597041	1597335	295	0.06	0	1
1597822	1598035	214	0.16	0	11
1598636	1598913	278	0.00	0	0
1599112	1599140	29	0.00	0	0
1599918	1600209	292	0.00	0	0
1601467	1601528	62	0.00	0	0
1601735	1601790	56	0.00	0	0
1602796	1603032	237	0.06	0	1
1604116	1604337	222	0.00	0	0
1604860	1604883	24	0.00	0	0
1605337	1605594	258	0.00	0	0
1606705	1606746	42	0.00	0	0
1607290	1607436	147	0.00	0	0
1608778	1609074	297	0.05	0	1
1611427	1611738	312	0.05	0	1
1612354	1612361	8	0.00	0	0
1613160	1613196	37	0.00	0	0
1613506	1613619	114	0.00	0	0
1614902	1615101	200	0.06	0	1
1615411	1615449	39	0.00	0	0
1615720	1615832	113	0.00	0	0
1616682	1616744	63	0.00	0	0
1617387	1617395	9	0.00	0	0
1618176	1618386	211	0.00	0	0
1619848	1619852	5	0.00	0	0
1620291	1620515	225	0.00	0	0
1621383	1621497	115	0.00	0	0
1622908	1622984	77	0.00	0	0
1623396	1623502	107	0.00	0	0
1624331	1624371	41	0.00	0	0
1625023	1625034	12	0.00	0	0
1626646	1626758	113	0.00	0	0
1628370	1628456	87	0.90	0	5
1628892	1628964	73	0.00	0	0
1630931	1630935	5	0.00	0	0
1635251	1635319	69	0.00	0	0
1635543	1635593	51	0.00	0	0
1635833	1636336	504	0.00	0	0
1638935	1639059	125	0.00	0	0
1639486	1639571	86	0.06	0	1
1641554	1641591	38	0.16	0	1
1643142	1643156	15	0.00	0	0
1643388	1643489	102	0.00	0	0
1646190	1646346	157	0.00	0	0
1647148	1647174	27	0.00	0	0
1647595	1647596	2	0.00	0	0
1650813	1650898	86	0.00	0	0
1655089	1655197	109	0.14	0	1
1655813	1655856	44	0.00	0	0
1656370	1656545	176	0.00	0	0
1657032	1657114	83	0.18	0	1
1660671	1660753	83	0.18	0	1
1660932	1661075	144	0.00	0	0
1661694	1661710	17	0.00	0	0
1662203	1662997	795	0.00	0	0
1663559	1663578	20	0.00	0	0
1664008	1664583	576	0.00	0	0
1665466	1665547	82	0.06	0	1
1666295	1667439	1145	0.01	0	1
1669858	1669924	67	0.24	0	1
1670124	1670254	131	0.11	0	1
1671790	1671816	27	0.19	0	1
1673680	1673818	139	0.00	0	0
1675016	1675125	110	0.00	0	0
1675232	1675440	209	0.00	0	0
1675741	1675775	35	0.00	0	0
1680909	1681013	105	0.00	0	0
1681920	1681938	19	0.00	0	0
1682179	1682231	53	0.30	0	1
1682703	1682778	76	0.00	0	0
1683043	1683185	143	0.00	0	0
1684146	1684166	21	0.00	0	0
1685568	1685591	24	0.00	0	0
1687232	1687235	4	0.00	0	0
1690361	1690537	177	0.00	0	0
1691474	1691509	36	0.00	0	0
1693256	1693353	98	0.00	0	0
1695641	1695664	24	0.00	0	0
1697960	1698068	109	0.00	0	0
1698173	1698251	79	0.00	0	0
1699425	1699493	69	0.00	0	0
1699563	1699570	8	0.88	1	1
1699659	1699695	37	0.00	0	0
1699766	1699774	9	0.00	0	0
1699846	1699873	28	3.71	0	8
1699942	1699967	26	0.00	0	0
1700038	1700068	31	0.00	0	0
1700139	1700145	7	0.00	0	0
1700219	1700225	7	0.43	0.5	1
1700297	1700341	45	0.02	0	1
1700429	1700453	25	0.32	0	2
1700525	1700538	14	0.00	0	0
1700610	1700654	45	0.00	0	0
1700725	1700749	25	0.12	0	1
1700821	1700833	13	0.00	0	0
1700905	1700916	12	0.00	0	0
1701000	1701016	17	0.00	0	0
1701089	1701106	18	0.00	0	0
1701186	1701193	8	0.00	0	0
1701264	1701307	44	0.00	0	0
1701381	1701391	11	0.36	0	1
1701462	1701472	11	0.00	0	0
1701587	1701666	80	0.00	0	0
1704594	1704844	251	0.00	0	0
1706392	1706839	448	0.00	0	0
1707284	1707368	85	0.00	0	0
1708308	1708454	147	0.00	0	0
1709751	1709858	108	0.00	0	0
1710945	1710988	44	0.00	0	0
1711514	1711670	157	0.00	0	0
1712415	1712420	6	0.00	0	0
1713507	1713718	212	0.00	0	0
1714697	1714730	34	0.00	0	0
1715199	1715203	5	0.00	0	0
1715435	1715438	4	0.00	0	0
1716246	1716345	100	0.00	0	0
1717246	1717268	23	0.00	0	0
1719864	1719892	29	0.00	0	0
1720565	1720774	210	0.08	0	1
1721738	1721783	46	0.00	0	0
1722324	1722515	192	0.00	0	0
1723416	1723445	30	0.00	0	0
1723650	1723686	37	0.41	0	1
1724038	1724068	31	0.00	0	0
1724468	1724484	17	0.00	0	0
1725862	1725928	67	0.00	0	0
1726307	1726415	109	0.00	0	0
1727058	1727089	32	0.00	0	0
1727957	1728048	92	0.00	0	0
1728268	1728289	22	0.00	0	0
1729094	1729217	124	0.00	0	0
1729974	1730163	190	0.09	0	1
1730608	1730747	140	0.00	0	0
1731978	1732083	106	0.00	0	0
1733341	1733560	220	0.00	0	0
1734551	1734669	119	0.00	0	0
1734739	1734821	83	0.00	0	0
1735485	1735676	192	0.00	0	0
1736259	1736337	79	0.00	0	0
1737424	1737447	24	0.00	0	0
1737748	1737819	72	0.00	0	0
1738126	1738287	162	0.00	0	0
1740964	1741099	136	0.23	0	2
1742423	1742467	45	0.00	0	0
1744273	1744395	123	0.00	0	0
1745377	1745438	62	0.00	0	0
1746402	1746451	50	0.00	0	0
1751878	1752309	432	0.00	0	0
1753552	1753615	64	0.00	0	0
1754507	1754525	19	0.00	0	0
1755354	1755400	47	0.00	0	0
1756868	1756884	17	0.00	0	0
1761475	1761669	195	0.00	0	0
1763070	1763074	5	0.00	0	0
1764179	1764272	94	0.00	0	0
1765086	1765089	4	0.00	0	0
1765735	1765747	13	0.00	0	0
1766387	1766446	60	0.00	0	0
1766685	1766786	102	0.00	0	0
1767825	1767848	24	0.00	0	0
1769589	1769607	19	2.16	2	5
1770064	1770086	23	0.00	0	0
1770960	1771032	73	0.18	0	1
1771708	1771772	65	0.00	0	0
1774507	1774636	130	0.00	0	0
1775144	1775369	226	0.00	0	0
1775841	1775873	33	0.00	0	0
1776426	1776762	337	0.00	0	0
1778122	1778147	26	0.00	0	0
1778901	1779050	150	0.11	0	1
1779981	1780123	143	0.00	0	0
1781552	1781565	14	0.00	0	0
1783015	1783040	26	0.00	0	0
1783332	1783458	127	0.00	0	0
1786584	1786610	27	0.00	0	0
1788810	1788870	61	0.00	0	0
1789546	1789754	209	0.00	0	0
1791108	1791151	44	0.00	0	0
1791404	1791423	20	0.00	0	0
1791718	1791857	140	0.00	0	0
1793118	1793144	27	0.00	0	0
1794672	1794679	8	0.00	0	0
1796290	1796310	21	0.00	0	0
1800616	1800621	6	0.00	0	0
1800865	1800878	14	0.00	0	0
1801590	1801672	83	0.00	0	0
1802963	1802983	21	0.00	0	0
1804587	1804794	208	0.00	0	0
1805317	1805445	129	0.00	0	0
1805560	1805639	80	0.00	0	0
1808567	1808817	251	0.06	0	1
1810365	1810705	341	0.00	0	0
1811309	1811375	67	0.00	0	0
1812147	1812198	52	0.00	0	0
1812559	1812579	21	0.00	0	0
1813810	1813869	60	0.00	0	0
1814398	1814483	86	0.19	0	1
1815237	1815278	42	0.36	0	1
1815636	1815677	42	0.00	0	0
1815876	1815899	24	0.00	0	0
1816401	1816497	97	0.00	0	0
1816634	1816827	194	0.00	0	0
1817719	1818004	286	0.04	0	1
1818256	1818534	279	0.00	0	0
1818877	1819086	210	0.00	0	0
1819519	1819520	2	0.00	0	0
1820106	1820128	23	0.00	0	0
1820843	1820875	33	0.00	0	0
1821263	1821284	22	0.00	0	0
1822020	1822021	2	0.00	0	0
1822538	1822549	12	0.00	0	0
1822934	1822963	30	0.00	0	0
1823696	1823807	112	0.00	0	0
1824036	1824054	19	0.00	0	0
1824325	1824429	105	0.00	0	0
1826086	1826159	74	0.00	0	0
1828752	1829231	480	0.00	0	0
1830126	1830271	146	0.00	0	0
1831622	1831636	15	0.00	0	0
1831946	1832081	136	0.00	0	0
1833066	1833082	17	0.00	0	0
1836641	1836665	25	0.00	0	0
1837353	1837372	20	0.00	0	0
1837514	1837548	35	0.00	0	0
1837780	1837888	109	0.14	0	1
1838630	1838635	6	0.00	0	0
1840581	1840603	23	0.00	0	0
1841171	1841353	183	0.00	0	0
1844283	1844420	138	0.00	0	0
1845090	1845122	33	0.00	0	0
1846779	1846795	17	0.00	0	0
1847159	1847458	300	0.00	0	0
1847645	1847743	99	0.00	0	0
1848386	1848451	66	0.00	0	0
1849106	1849110	5	0.00	0	0
1849984	1850004	21	0.00	0	0
1852725	1852749	25	0.00	0	0
1854082	1854084	3	0.00	0	0
1855021	1855036	16	0.00	0	0
1857428	1857434	7	0.00	0	0
1858632	1858788	157	0.00	0	0
1859610	1859627	18	0.00	0	0
1860500	1860658	159	0.00	0	0
1862369	1862458	90	0.17	0	1
1863056	1863098	43	0.33	0	1
1866096	1866120	25	0.00	0	0
1872591	1872676	86	0.17	0	1
1873961	1873981	21	0.00	0	0
1874082	1874091	10	0.00	0	0
1874641	1874664	24	0.00	0	0
1874771	1874873	103	0.00	0	0
1875102	1875191	90	0.02	0	1
1876014	1876035	22	0.00	0	0
1876945	1876946	2	0.00	0	0
1877409	1877492	84	0.00	0	0
1878774	1878949	176	0.00	0	0
1880318	1880335	18	0.00	0	0
1882105	1882110	6	0.00	0	0
1882831	1882992	162	0.00	0	0
1883407	1883445	39	0.38	0	1
1884934	1885089	156	0.10	0	1
1885294	1885308	15	0.00	0	0
1887520	1887536	17	0.00	0	0
1887828	1887952	125	0.13	0	1
1888775	1888834	60	0.00	0	0
1889534	1889547	14	0.00	0	0
1889779	1889843	65	0.00	0	0
1890747	1890831	85	0.00	0	0
1891267	1891275	9	0.00	0	0
1891807	1891844	38	0.00	0	0
1892457	1892474	18	0.00	0	0
1893258	1893274	17	0.00	0	0
1894112	1894292	181	0.00	0	0
1894923	1895046	124	0.00	0	0
1895662	1895676	15	0.00	0	0
1896487	1896507	21	0.00	0	0
1899145	1899196	52	0.00	0	0
1899572	1899577	6	0.00	0	0
1900559	1900654	96	0.00	0	0
1901276	1901417	142	0.00	0	0
1902927	1903044	118	0.00	0	0
1903870	1903924	55	0.00	0	0
1904405	1904422	18	0.00	0	0
1905365	1905379	15	0.00	0	0
1907270	1907391	122	0.00	0	0
1909072	1909230	159	0.00	0	0
1909657	1909796	140	0.21	0	1
1910278	1910346	69	0.00	0	0
1910746	1910765	20	0.00	0	0
1911636	1911715	80	0.00	0	0
1911983	1912108	126	0.00	0	0
1913165	1913358	194	0.00	0	0
1914664	1914672	9	0.00	0	0
1915249	1915332	84	0.00	0	0
1915431	1915478	48	0.00	0	0
1916985	1917006	22	0.00	0	0
1918153	1918317	165	0.10	0	1
1918697	1918735	39	0.00	0	0
1919075	1919208	134	0.00	0	0
1920114	1920362	249	0.04	0	1
1920966	1920999	34	0.00	0	0
1923481	1923525	45	0.00	0	0
1924667	1924679	13	0.00	0	0
1925397	1925547	151	0.00	0	0
1926838	1926853	16	0.00	0	0
1928033	1928057	25	0.00	0	0
1928640	1928686	47	0.00	0	0
1931471	1931569	99	0.00	0	0
1931951	1931956	6	0.00	0	0
1932812	1932817	6	0.00	0	0
1933649	1933662	14	0.00	0	0
1933747	1933817	71	0.00	0	0
1934289	1934438	150	0.00	0	0
1936585	1936601	17	0.00	0	0
1937004	1937021	18	0.00	0	0
1938143	1938284	142	6.01	0	78
1940245	1940566	322	0.00	0	0
1941701	1941728	28	0.00	0	0
1943855	1943875	21	0.00	0	0
1944557	1944668	112	0.00	0	0
1946310	1946314	5	0.00	0	0
1947320	1947556	237	0.00	0	0
1949834	1949881	48	0.00	0	0
1951145	1951260	116	0.00	0	0
1951942	1952029	88	0.00	0	0
1952624	1952713	90	0.00	0	0
1953257	1953294	38	0.00	0	0
1954546	1954678	133	0.00	0	0
1955963	1955978	16	0.00	0	0
1957080	1957103	24	0.00	0	0
1958184	1958185	2	0.00	0	0
1959652	1959656	5	0.00	0	0
1960821	1961026	206	0.00	0	0
1961468	1961488	21	0.00	0	0
1962452	1962464	13	0.00	0	0
1963176	1963200	25	0.00	0	0
1963966	1964026	61	0.00	0	0
1964594	1964830	237	0.00	0	0
1965104	1965517	414	0.04	0	1
1966496	1966600	105	0.00	0	0
1967615	1967639	25	0.00	0	0
1968948	1969093	146	0.00	0	0
1970237	1970597	361	1.40	0	32
1971270	1971287	18	0.00	0	0
1972248	1972330	83	0.00	0	0
1973048	1973369	322	0.00	0	0
1975775	1975931	157	0.00	0	0
1976154	1976197	44	0.00	0	0
1976807	1976998	192	0.00	0	0
1977119	1977249	131	0.00	0	0
1977766	1977783	18	0.00	0	0
1979572	1979674	103	0.00	0	0
1980389	1980573	185	0.00	0	0
1981306	1981310	5	0.00	0	0
1982651	1982668	18	0.00	0	0
1983977	1984159	183	0.00	0	0
1984976	1984996	21	0.00	0	0
1986179	1986209	31	0.00	0	0
1987101	1987255	155	0.00	0	0
1987706	1987949	244	0.00	0	0
1988970	1988971	2	0.00	0	0
1989995	1990098	104	0.00	0	0
1991038	1991204	167	0.00	0	0
1993015	1993032	18	0.00	0	0
1993651	1993652	2	0.00	0	0
1995350	1995575	226	0.00	0	0
1995758	1995809	52	0.00	0	0
1995895	1995952	58	0.00	0	0
1996508	1996785	278	0.00	0	0
1998620	1998668	49	0.00	0	0
1999410	1999424	15	0.00	0	0
2000022	2000051	30	0.13	0	1
2000967	2000992	26	0.00	0	0
2002259	2002276	18	0.00	0	0
2002556	2002557	2	0.00	0	0
2002999	2003018	20	0.00	0	0
2003766	2003954	189	0.00	0	0
2005023	2005133	111	0.00	0	0
2005923	2005929	7	0.86	1	1
2006848	2007149	302	0.00	0	0
2008623	2008743	121	0.00	0	0
2009173	2009326	154	0.00	0	0
2010310	2011002	693	0.02	0	1
2012695	2012714	20	0.00	0	0
2014434	2014436	3	0.00	0	0
2014926	2015026	101	0.00	0	0
2016020	2016179	160	0.00	0	0
2017716	2017719	4	0.00	0	0
2018770	2018773	4	0.00	0	0
2020728	2020748	21	0.00	0	0
2022015	2022209	195	0.00	0	0
2022927	2022966	40	0.00	0	0
2024266	2024398	133	0.00	0	0
2025407	2025488	82	0.00	0	0
2026158	2026222	65	0.00	0	0
2027168	2027266	99	0.15	0	1
2027681	2027699	19	0.00	0	0
2028693	2028717	25	0.00	0	0
2029771	2029794	24	0.00	0	0
2031413	2031437	25	0.00	0	0
2031903	2031924	22	0.00	0	0
2033357	2033530	174	0.00	0	0
2034524	2034643	120	0.00	0	0
2036339	2036536	198	0.08	0	1
2037992	2038014	23	0.00	0	0
2038984	2039004	21	0.00	0	0
2039941	2040046	106	0.00	0	0
2041529	2041530	2	0.00	0	0
2043268	2043326	59	0.00	0	0
2043936	2043998	63	0.00	0	0
2045301	2045306	6	0.00	0	0
2047962	2048219	258	0.12	0	1
2051696	2051875	180	0.00	0	0
2052569	2052584	16	0.00	0	0
2053572	2053685	114	0.00	0	0
2056449	2056503	55	0.00	0	0
2057259	2057354	96	0.00	0	0
2057874	2057880	7	0.00	0	0
2058985	2059118	134	0.00	0	0
2062510	2062582	73	0.00	0	0
2062800	2062838	39	0.00	0	0
2064717	2065010	294	0.06	0	1
2066121	2066519	399	0.00	0	0
2067294	2067419	126	0.00	0	0
2067708	2067732	25	0.00	0	0
2068189	2068194	6	0.00	0	0
2068882	2069002	121	0.12	0	1
2070176	2070244	69	0.00	0	0
2071523	2071890	368	0.00	0	0
2072701	2072725	25	0.00	0	0
2075179	2075321	143	0.00	0	0
2076294	2076342	49	0.00	0	0
2077816	2077992	177	0.00	0	0
2080605	2080623	19	0.00	0	0
2081560	2081574	15	0.00	0	0
2082004	2082208	205	0.00	0	0
2083511	2083571	61	0.00	0	0
2086586	2086588	3	0.00	0	0
2086733	2086737	5	0.00	0	0
2086909	2087001	93	0.00	0	0
2087536	2087667	132	0.00	0	0
2088838	2088921	84	0.00	0	0
2091160	2091203	44	1.02	1	2
2092242	2092262	21	0.00	0	0
2092743	2092747	5	0.00	0	0
2093303	2093401	99	0.00	0	0
2093681	2093713	33	0.00	0	0
2094161	2094210	50	0.00	0	0
2095264	2095412	149	0.00	0	0
2096316	2096554	239	0.00	0	0
2097470	2097600	131	0.00	0	0
2098321	2098328	8	0.00	0	0
2098968	2098988	21	0.00	0	0
2099604	2099617	14	0.00	0	0
2101241	2101382	142	0.00	0	0
2101572	2101635	64	0.00	0	0
2102020	2102160	141	0.00	0	0
2102551	2102597	47	0.00	0	0
2102895	2102958	64	0.48	0	1
2103934	2104193	260	0.00	0	0
2105820	2105857	38	0.00	0	0
2106140	2106377	238	0.00	0	0
2107062	2107065	4	0.00	0	0
2107267	2107295	29	0.00	0	0
2107941	2108253	313	0.00	0	0
2110204	2110229	26	0.00	0	0
2111187	2111264	78	0.00	0	0
2111350	2111402	53	0.00	0	0
2111588	2111704	117	0.00	0	0
2114324	2114430	107	0.00	0	0
2115571	2115705	135	0.00	0	0
2116150	2116178	29	0.00	0	0
2116912	2117019	108	0.00	0	0
2118534	2118668	135	0.00	0	0
2118753	2118804	52	0.00	0	0
2120491	2120587	97	0.00	0	0
2121857	2122493	637	0.00	0	0
2123823	2123834	12	0.00	0	0
2124423	2124535	113	0.00	0	0
2125577	2125793	217	0.00	0	0
2127006	2127011	6	0.00	0	0
2128380	2128549	170	0.00	0	0
2130071	2130116	46	0.00	0	0
2130312	2130317	6	0.00	0	0
2130966	2130969	4	0.00	0	0
2131900	2131919	20	0.00	0	0
2133267	2133296	30	0.00	0	0
2133570	2133577	8	0.00	0	0
2134043	2134052	10	0.00	0	0
2136057	2136239	183	0.00	0	0
2137683	2137810	128	0.00	0	0
2138696	2138699	4	0.00	0	0
2139264	2139311	48	0.00	0	0
2139750	2139751	2	0.00	0	0
2140421	2140773	353	0.73	0	17
2141749	2142070	322	0.00	0	0
2144287	2144295	9	0.00	0	0
2144476	2144507	32	0.00	0	0
2145360	2145613	254	0.00	0	0
2146373	2146380	8	0.00	0	0
2147521	2147564	44	0.00	0	0
2148360	2148448	89	0.00	0	0
2149403	2149484	82	0.00	0	0
2150214	2150338	125	0.07	0	1
2150567	2150652	86	0.17	0	1
2151406	2151604	199	0.00	0	0
2154297	2154341	45	0.00	0	0
2155164	2155226	63	0.00	0	0
2155686	2155722	37	0.00	0	0
2157073	2157324	252	0.00	0	0
2159502	2159678	177	0.00	0	0
2161938	2161955	18	0.00	0	0
2162796	2162816	21	0.00	0	0
2163666	2163668	3	0.00	0	0
2164974	2165063	90	0.33	0	2
2166321	2166536	216	0.00	0	0
2168310	2168569	260	0.06	0	1
2169203	2169240	38	0.00	0	0
2170204	2170344	141	0.00	0	0
2170579	2171178	600	0.03	0	1
2173000	2173335	336	0.00	0	0
2173405	2173564	160	0.00	0	0
2173636	2173647	12	0.00	0	0
2173729	2173742	14	0.00	0	0
2173815	2173823	9	0.00	0	0
2173894	2174014	121	0.00	0	0
2174702	2175182	481	0.06	0	1
2175891	2175922	32	0.00	0	0
2176820	2176838	19	0.00	0	0
2177691	2177710	20	0.00	0	0
2178806	2178821	16	0.00	0	0
2179131	2179145	15	0.00	0	0
2179617	2179630	14	0.00	0	0
2181086	2181283	198	0.00	0	0
2183902	2183983	82	0.00	0	0
2184489	2184491	3	0.00	0	0
2185155	2185370	216	0.00	0	0
2187111	2187217	107	0.00	0	0
2187521	2187540	20	0.00	0	0
2188354	2188419	66	0.00	0	0
2189152	2189268	117	0.00	0	0
2190283	2190353	71	0.00	0	0
2191206	2191313	108	0.00	0	0
2192319	2192376	58	0.00	0	0
2193016	2193067	52	0.29	0	1
2193383	2193583	201	0.00	0	0
2193758	2193801	44	0.34	0	3
2194099	2194207	109	0.00	0	0
2196012	2196069	58	0.00	0	0
2198359	2198897	539	0.00	0	0
2199237	2199293	57	0.00	0	0
2201193	2201323	131	0.00	0	0
2201507	2201602	96	0.00	0	0
2202650	2202674	25	0.00	0	0
2203641	2203645	5	0.00	0	0
2204366	2204369	4	0.00	0	0
2205108	2205125	18	0.00	0	0
2206200	2206276	77	0.00	0	0
2207153	2207224	72	0.00	0	0
2207918	2208172	255	0.00	0	0
2208842	2208909	68	0.00	0	0
2209525	2209657	133	0.00	0	0
2210045	2210072	28	0.00	0	0
2210229	2210275	47	0.00	0	0
2211203	2211226	24	0.12	0	1
2214028	2214259	232	0.06	0	1
2215625	2215732	108	0.00	0	0
2216804	2216978	175	0.00	0	0
2217738	2217921	184	0.59	0	7
2218483	2218590	108	0.00	0	0
2218936	2218977	42	0.00	0	0
2223814	2223996	183	0.00	0	0
2227453	2227648	196	0.00	0	0
2228123	2228185	63	0.25	0	1
2228924	2228929	6	0.00	0	0
2231539	2231627	89	0.00	0	0
2233335	2233351	17	0.00	0	0
2233973	2234185	213	0.00	0	0
2234444	2234482	39	0.36	0	1
2234586	2234744	159	0.00	0	0
2236548	2236622	75	0.00	0	0
2237679	2237863	185	0.08	0	1
2238515	2238748	234	0.06	0	1
2239142	2239462	321	0.00	0	0
2241502	2241521	20	0.00	0	0
2242554	2242555	2	0.00	0	0
2243483	2243763	281	0.00	0	0
2245438	2246063	626	0.02	0	1
2246406	2246450	45	0.00	0	0
2246676	2246742	67	0.00	0	0
2247736	2247795	60	0.00	0	0
2248649	2248769	121	0.13	0	1
2250009	2250213	205	0.00	0	0
2251150	2251271	122	0.00	0	0
2252373	2252703	331	0.05	0	1
2252908	2252999	92	0.00	0	0
2253687	2253779	93	0.00	0	0
2256378	2256528	151	0.00	0	0
2257204	2257317	114	0.00	0	0
2258086	2258151	66	0.00	0	0
2258935	2259057	123	0.00	0	0
2259400	2259558	159	0.00	0	0
2261544	2261742	199	0.00	0	0
2262244	2262284	41	0.00	0	0
2264242	2264404	163	0.00	0	0
2264825	2264856	32	0.00	0	0
2265217	2265401	185	0.00	0	0
2265939	2266057	119	0.00	0	0
2266937	2266979	43	0.00	0	0
2267919	2267965	47	0.00	0	0
2271919	2272063	145	0.00	0	0
2272415	2272498	84	0.00	0	0
2273630	2273735	106	0.00	0	0
2275101	2275172	72	0.00	0	0
2276867	2276868	2	0.00	0	0
2277073	2277173	101	0.16	0	1
2279316	2279639	324	0.37	0	7
2280063	2280129	67	0.00	0	0
2280997	2281254	258	0.00	0	0
2282557	2282598	42	0.00	0	0
2283475	2283777	303	0.00	0	0
2284630	2284700	71	0.00	0	0
2286624	2286683	60	0.00	0	0
2287551	2287585	35	0.00	0	0
2288792	2288953	162	0.00	0	0
2290142	2290181	40	0.00	0	0
2292504	2292597	94	0.00	0	0
2293078	2293216	139	0.00	0	0
2293784	2293807	24	0.00	0	0
2294675	2294689	15	0.00	0	0
2295080	2295083	4	0.00	0	0
2296619	2296720	102	0.00	0	0
2296988	2297007	20	0.00	0	0
2297626	2297641	16	0.00	0	0
2298638	2298832	195	0.15	0	1
2301009	2301083	75	0.00	0	0
2302233	2302277	45	0.00	0	0
2302905	2303079	175	0.00	0	0
2304370	2304481	112	0.00	0	0
2304746	2304790	45	0.00	0	0
2305310	2305389	80	0.00	0	0
2306006	2306158	153	0.00	0	0
2307373	2307454	82	0.11	0	1
2307761	2307827	67	0.00	0	0
2308578	2308731	154	0.00	0	0
2309542	2309621	80	0.00	0	0
2310522	2310607	86	0.00	0	0
2310968	2310990	23	0.00	0	0
2311837	2311839	3	0.00	0	0
2315545	2315548	4	0.00	0	0
2319020	2319171	152	0.00	0	0
2319526	2319658	133	0.00	0	0
2319935	2319937	3	0.00	0	0
2320363	2320509	147	0.00	0	0
2321543	2322067	525	0.03	0	1
2322828	2323068	241	0.07	0	1
2323918	2323919	2	0.00	0	0
2324199	2324213	15	0.00	0	0
2324577	2324607	31	0.00	0	0
2324764	2324770	7	0.00	0	0
2325086	2325099	14	0.00	0	0
2326171	2326172	2	0.00	0	0
2327199	2327201	3	0.00	0	0
2328225	2328235	11	0.00	0	0
2329052	2329055	4	0.00	0	0
2334417	2334429	13	0.00	0	0
2335030	2335037	8	0.00	0	0
2335458	2335514	57	0.00	0	0
2335752	2335776	25	0.00	0	0
2336212	2336216	5	0.00	0	0
2336622	2336623	2	0.00	0	0
2336960	2336961	2	0.00	0	0
2337322	2337323	2	0.00	0	0
2337717	2337737	21	0.00	0	0
2338737	2338738	2	0.00	0	0
2339327	2339407	81	0.00	0	0
2340545	2340552	8	0.00	0	0
2342041	2342055	15	0.00	0	0
2343896	2343981	86	0.00	0	0
2344690	2345058	369	0.04	0	1
2345491	2345511	21	0.00	0	0
2345674	2345723	50	0.00	0	0
2346246	2346250	5	0.00	0	0
2347423	2347444	22	0.00	0	0
2348258	2348259	2	0.00	0	0
2349217	2349451	235	0.00	0	0
2349638	2349748	111	0.00	0	0
2350492	2350615	124	0.01	0	1
2351650	2351657	8	0.00	0	0
2351937	2351964	28	0.00	0	0
2352247	2352260	14	0.00	0	0
2352453	2352487	35	0.00	0	0
2352689	2352859	171	0.00	0	0
2353334	2353493	160	0.00	0	0
2353659	2353709	51	0.00	0	0
2354244	2354477	234	0.00	0	0
2355990	2356052	63	0.00	0	0
2357409	2357428	20	0.00	0	0
2357876	2357932	57	0.00	0	0
2358287	2358385	99	0.00	0	0
2360282	2360285	4	0.00	0	0
2361956	2362173	218	0.00	0	0
2363937	2364012	76	0.00	0	0
2366037	2366171	135	0.00	0	0
2366871	2366945	75	0.00	0	0
2371000	2371012	13	0.00	0	0
2371727	2371750	24	0.00	0	0
2372558	2372576	19	0.00	0	0
2373111	2373128	18	0.00	0	0
2373672	2373916	245	0.00	0	0
2374814	2374842	29	0.00	0	0
2376793	2376923	131	0.05	0	1
2378520	2378525	6	0.00	0	0
2379765	2379770	6	0.00	0	0
2379906	2379967	62	0.00	0	0
2380577	2380768	192	0.09	0	1
2381297	2381315	19	0.00	0	0
2382045	2382090	46	0.00	0	0
2382934	2383055	122	0.00	0	0
2385837	2385871	35	0.00	0	0
2386340	2386733	394	0.00	0	0
2388255	2388269	15	0.00	0	0
2389662	2389672	11	0.00	0	0
2391185	2391481	297	0.00	0	0
2391563	2391610	48	0.00	0	0
2391682	2391703	22	0.00	0	0
2391773	2391780	8	0.00	0	0
2391850	2391881	32	0.00	0	0
2391952	2391969	18	0.00	0	0
2392041	2392050	10	0.00	0	0
2392132	2392154	23	0.00	0	0
2392225	2392231	7	0.00	0	0
2392305	2392313	9	0.44	0.5	1
2392385	2392408	24	0.04	0	1
2392482	2392540	59	0.00	0	0
2392610	2392645	36	0.00	0	0
2392732	2392740	9	0.00	0	0
2392814	2392825	12	0.00	0	0
2392940	2393019	80	0.00	0	0
2395947	2396123	177	0.00	0	0
2396197	2396245	49	0.57	0	5
2396317	2396448	132	0.00	0	0
2397996	2398356	361	0.00	0	0
2399113	2399219	107	0.00	0	0
2400570	2400673	104	0.00	0	0
2401079	2401228	150	0.00	0	0
2401580	2401735	156	0.00	0	0
2402900	2403040	141	0.00	0	0
2404142	2404143	2	0.00	0	0
2404822	2404866	45	0.00	0	0
2405302	2405425	124	0.00	0	0
2406785	2406828	44	0.00	0	0
2407222	2407310	89	0.00	0	0
2407893	2408126	234	0.06	0	1
2409336	2409683	348	0.00	0	0
2412499	2412500	2	0.00	0	0
2414323	2414331	9	0.00	0	0
2415670	2415708	39	0.00	0	0
2416078	2416207	130	0.12	0	1
2416679	2416791	113	0.13	0	1
2418016	2418054	39	0.00	0	0
2418871	2418957	87	0.00	0	0
2420167	2420619	453	0.07	0	1
2421613	2421702	90	0.00	0	0
2422330	2422377	48	0.00	0	0
2422609	2422632	24	0.00	0	0
2422957	2423199	243	0.06	0	1
2423395	2423786	392	0.08	0	1
2426403	2426578	176	0.00	0	0
2426813	2426927	115	0.00	0	0
2427426	2427451	26	0.00	0	0
2428760	2428797	38	0.00	0	0
2429239	2429289	51	0.00	0	0
2430055	2430076	22	0.68	1	1
2431735	2431873	139	0.12	0	1
2432711	2432713	3	0.00	0	0
2433077	2433111	35	0.00	0	0
2433952	2434095	144	0.00	0	0
2434408	2434812	405	0.00	0	0
2435014	2435018	5	0.00	0	0
2435430	2435510	81	0.00	0	0
2436060	2436219	160	0.00	0	0
2437612	2437636	25	0.00	0	0
2439301	2439303	3	0.00	0	0
2440603	2440623	21	0.00	0	0
2441407	2441748	342	0.05	0	1
2442823	2442866	44	0.00	0	0
2443695	2443761	67	0.00	0	0
2445453	2445544	92	0.00	0	0
2445661	2445771	111	0.00	0	0
2445958	2446038	81	0.00	0	0
2447864	2447940	77	0.00	0	0
2448814	2449008	195	0.00	0	0
2449291	2449377	87	0.00	0	0
2449753	2449795	43	0.00	0	0
2450147	2450304	158	0.09	0	1
2451478	2451555	78	0.00	0	0
2452723	2452867	145	0.10	0	1
2454664	2454665	2	0.00	0	0
2455635	2455792	158	0.17	0	1
2455955	2456089	135	0.00	0	0
2456846	2456887	42	0.00	0	0
2458289	2458417	129	0.00	0	0
2458721	2458786	66	0.00	0	0
2459642	2459910	269	0.00	0	0
2460319	2460343	25	0.00	0	0
2460854	2460973	120	0.00	0	0
2461319	2461352	34	0.00	0	0
2461734	2461790	57	0.00	0	0
2462685	2462731	47	0.00	0	0
2463299	2463476	178	0.00	0	0
2463894	2464335	442	0.00	0	0
2464703	2464845	143	0.01	0	1
2468776	2468792	17	0.00	0	0
2469735	2469796	62	0.26	0	1
2473070	2473454	385	0.00	0	0
2474361	2474418	58	0.29	0	1
2474881	2474898	18	0.00	0	0
2477278	2477313	36	0.00	0	0
2478058	2478318	261	0.00	0	0
2478550	2478651	102	0.09	0	1
2479393	2479577	185	0.00	0	0
2480295	2480429	135	0.00	0	0
2480595	2480705	111	0.00	0	0
2481996	2482133	138	0.00	0	0
2483664	2483667	4	0.00	0	0
2484433	2484468	36	0.00	0	0
2485657	2485793	137	0.12	0	1
2486802	2486835	34	0.00	0	0
2487880	2488323	444	0.00	0	0
2489665	2489825	161	0.00	0	0
2490750	2490830	81	0.37	0	1
2493063	2493071	9	0.00	0	0
2493678	2493696	19	0.00	0	0
2494195	2494321	127	0.00	0	0
2494655	2494713	59	0.00	0	0
2494783	2494904	122	0.00	0	0
2496339	2496497	159	0.00	0	0
2497092	2497141	50	0.00	0	0
2498531	2498750	220	0.00	0	0
2499915	2499969	55	0.00	0	0
2500984	2501012	29	0.00	0	0
2501982	2501991	10	0.00	0	0
2502958	2502961	4	0.00	0	0
2503835	2503944	110	1.95	0	14
2505673	2505716	44	0.00	0	0
2506758	2506794	37	0.00	0	0
2507776	2507896	121	0.00	0	0
2508854	2508934	81	0.00	0	0
2510408	2510495	88	0.00	0	0
2510991	2510996	6	0.00	0	0
2511648	2511693	46	0.00	0	0
2512525	2512612	88	0.11	0	1
2513549	2513737	189	0.00	0	0
2514089	2514099	11	0.00	0	0
2514298	2514323	26	0.00	0	0
2515533	2515602	70	0.00	0	0
2516863	2517073	211	0.07	0	1
2519942	2519951	10	0.00	0	0
2521926	2522178	253	0.00	0	0
2522416	2522438	23	0.00	0	0
2523084	2523107	24	0.00	0	0
2523474	2523599	126	0.13	0	2
2523903	2524173	271	0.00	0	0
2524831	2524845	15	0.00	0	0
2525623	2525639	17	0.00	0	0
2526453	2526482	30	0.00	0	0
2528312	2528380	69	0.00	0	0
2529287	2529544	258	0.00	0	0
2531318	2531319	2	0.00	0	0
2532040	2532179	140	0.00	0	0
2533353	2533382	30	0.00	0	0
2534829	2534953	125	0.00	0	0
2536262	2536383	122	0.00	0	0
2537587	2537664	78	0.00	0	0
2539223	2539728	506	0.00	0	0
2540590	2540597	8	0.00	0	0
2541612	2541783	172	0.00	0	0
2544295	2544527	233	0.00	0	0
2545089	2545285	197	0.00	0	0
2547252	2547449	198	0.00	0	0
2548299	2548321	23	0.00	0	0
2549006	2549392	387	0.04	0	1
2550573	2550750	178	0.00	0	0
2551807	2551847	41	0.00	0	0
2552898	2552907	10	0.00	0	0
2554030	2554032	3	0.00	0	0
2554765	2554892	128	0.00	0	0
2555724	2556116	393	0.12	0	1
2556480	2556733	254	0.00	0	0
2557166	2557189	24	0.00	0	0
2558183	2558347	165	0.00	0	0
2559638	2559821	184	0.00	0	0
2560056	2560181	126	0.00	0	0
2560584	2560607	24	0.00	0	0
2562027	2562089	63	0.24	0	1
2562960	2562999	40	0.00	0	0
2564512	2564540	29	0.00	0	0
2565587	2565676	90	0.00	0	0
2565893	2565966	74	0.00	0	0
2566681	2566689	9	0.00	0	0
2567086	2567919	834	0.06	0	1
2569057	2569176	120	0.12	0	1
2569804	2569942	139	0.00	0	0
2571182	2571319	138	0.11	0	1
2572759	2573061	303	0.00	0	0
2574974	2574998	25	0.00	0	0
2575572	2575685	114	0.00	0	0
2576550	2576551	2	0.00	0	0
2577605	2577609	5	0.00	0	0
2578894	2579117	224	0.00	0	0
2579361	2579464	104	0.00	0	0
2580844	2580926	83	0.00	0	0
2582196	2582300	105	0.14	0	1
2583570	2583692	123	0.00	0	0
2584761	2584769	9	0.00	0	0
2585778	2585787	10	0.00	0	0
2587069	2587391	323	0.05	0	1
2588244	2588414	171	0.00	0	0
2589333	2589651	319	0.00	0	0
2592403	2592448	46	1.96	0	6
2594045	2594413	369	0.08	0	2
2594948	2595315	368	0.00	0	0
2597430	2597509	80	0.00	0	0
2598161	2598236	76	0.00	0	0
2598420	2598456	37	0.00	0	0
2599777	2599793	17	0.00	0	0
2600628	2600947	320	0.00	0	0
2601146	2601170	25	0.00	0	0
2601492	2601648	157	0.00	0	0
2603308	2603445	138	0.00	0	0
2604058	2604083	26	0.00	0	0
2604714	2604716	3	0.00	0	0
2605239	2605243	5	0.00	0	0
2606240	2606338	99	0.00	0	0
2606609	2606659	51	0.00	0	0
2607569	2607696	128	0.00	0	0
2612287	2612509	223	0.07	0	1
2613347	2613451	105	0.00	0	0
2614325	2614337	13	0.00	0	0
2614629	2614663	35	0.00	0	0
2614848	2614893	46	0.00	0	0
2615560	2615561	2	0.00	0	0
2616648	2616728	81	0.00	0	0
2618780	2618828	49	0.00	0	0
2619612	2619675	64	0.23	0	1
2620150	2620151	2	0.00	0	0
2623137	2623637	501	0.00	0	0
2624478	2624527	50	0.00	0	0
2626007	2626109	103	0.00	0	0
2626995	2627149	155	0.00	0	0
2627220	2627246	27	0.00	0	0
2627320	2627331	12	0.00	0	0
2627446	2627526	81	0.00	0	0
2630454	2630630	177	0.00	0	0
2630704	2630752	49	0.22	0	2
2630824	2630955	132	0.00	0	0
2632503	2632788	286	0.00	0	0
2633815	2634085	271	0.00	0	0
2635610	2635653	44	0.00	0	0
2636503	2636526	24	0.00	0	0
2636947	2637070	124	0.00	0	0
2637428	2637557	130	0.00	0	0
2637798	2638043	246	0.00	0	0
2638077	2638109	33	0.45	0	1
2638143	2638175	33	0.00	0	0
2638209	2638241	33	0.00	0	0
2638275	2638307	33	0.00	0	0
2638341	2638373	33	0.00	0	0
2638407	2638439	33	0.00	0	0
2638473	2638505	33	0.00	0	0
2638539	2638571	33	0.00	0	0
2638605	2638638	34	0.00	0	0
2638672	2638704	33	0.00	0	0
2638738	2638770	33	0.00	0	0
2638804	2638836	33	0.00	0	0
2638870	2638902	33	0.00	0	0
2638936	2638968	33	0.00	0	0
2639002	2639034	33	0.00	0	0
2639068	2639100	33	0.00	0	0
2639134	2639166	33	0.00	0	0
2639200	2639232	33	0.00	0	0
2639266	2639298	33	0.00	0	0
2639332	2639364	33	0.00	0	0
2639398	2639430	33	0.00	0	0
2639464	2639496	33	0.00	0	0
2639530	2639562	33	0.00	0	0
2639596	2639628	33	0.00	0	0
2639662	2639695	34	0.00	0	0
2639729	2639761	33	0.00	0	0
2639795	2639827	33	0.00	0	0
2639861	2639893	33	0.00	0	0
2639927	2639959	33	0.45	0	1
2639993	2640123	131	0.00	0	0
2641978	2641980	3	0.00	0	0
2645983	2646494	512	0.00	0	0
2646972	2647198	227	0.08	0	1
2647589	2647612	24	0.00	0	0
2648048	2648128	81	0.00	0	0
2648179	2648244	66	0.00	0	0
2648989	2648996	8	0.00	0	0
2649792	2649796	5	0.00	0	0
2651530	2651608	79	0.00	0	0
2652269	2652388	120	0.00	0	0
2653277	2653317	41	0.00	0	0
2654410	2654522	113	0.00	0	0
2654595	2654619	25	0.00	0	0
2655025	2655043	19	0.00	0	0
2655986	2656097	112	0.00	0	0
2656485	2656509	25	0.00	0	0
2656873	2656893	21	0.00	0	0
2657005	2657110	106	0.00	0	0
2657327	2657714	388	0.00	0	0
2658360	2658421	62	0.00	0	0
2659715	2659716	2	0.00	0	0
2660155	2660212	58	0.00	0	0
2660390	2660408	19	0.00	0	0
2660910	2660933	24	0.00	0	0
2661312	2661332	21	0.00	0	0
2661867	2661899	33	0.00	0	0
2662296	2662328	33	0.00	0	0
2662512	2662544	33	0.00	0	0
2663082	2663110	29	0.00	0	0
2663420	2663459	40	0.00	0	0
2663826	2663907	82	0.00	0	0
2664169	2664198	30	0.00	0	0
2664812	2664816	5	0.00	0	0
2665471	2665476	6	0.00	0	0
2665831	2665853	23	0.00	0	0
2666130	2666219	90	0.00	0	0
2667051	2667093	43	0.00	0	0
2667376	2667377	2	0.00	0	0
2667999	2668026	28	0.00	0	0
2668654	2668690	37	0.00	0	0
2669066	2669359	294	0.11	0	1
2670158	2670179	22	0.00	0	0
2671137	2671220	84	1.29	0	7
2672301	2672466	166	0.00	0	0
2673364	2673813	450	2.93	0	86
2675698	2675875	178	0.00	0	0
2676308	2676342	35	0.00	0	0
2676883	2676906	24	0.00	0	0
2677885	2677976	92	0.00	0	0
2679306	2679352	47	0.00	0	0
2680337	2680366	30	0.50	1	1
2681177	2681257	81	0.00	0	0
2681999	2682001	3	0.00	0	0
2683428	2683442	15	0.00	0	0
2684433	2684503	71	0.00	0	0
2685800	2685828	29	0.00	0	0
2686099	2686103	5	0.00	0	0
2686536	2686730	195	0.00	0	0
2688795	2688951	157	0.00	0	0
2690137	2690247	111	0.00	0	0
2692333	2692400	68	0.00	0	0
2692869	2692901	33	0.00	0	0
2693313	2693507	195	0.00	0	0
2694903	2694919	17	0.00	0	0
2695397	2695532	136	0.00	0	0
2698187	2698222	36	0.00	0	0
2698895	2698905	11	0.00	0	0
2699344	2699540	197	0.00	0	0
2700570	2700573	4	0.00	0	0
2701624	2701662	39	0.00	0	0
2702932	2702995	64	0.00	0	0
2703275	2703334	60	0.00	0	0
2703797	2703832	36	0.00	0	0
2705900	2706270	371	0.04	0	1
2707081	2707156	76	0.00	0	0
2707882	2707929	48	0.00	0	0
2708734	2708851	118	0.00	0	0
2709320	2709367	48	0.00	0	0
2709821	2710020	200	0.00	0	0
2710360	2710374	15	0.00	0	0
2711629	2711632	4	0.00	0	0
2712443	2712485	43	0.00	0	0
2715866	2715883	18	0.39	0	1
2716454	2716470	17	0.00	0	0
2718514	2718527	14	0.00	0	0
2720211	2720552	342	0.00	0	0
2720856	2720992	137	0.00	0	0
2722298	2722336	39	0.00	0	0
2722637	2723093	457	0.00	0	0
2723625	2723791	167	0.10	0	1
2726026	2726028	3	0.00	0	0
2728597	2728883	287	0.05	0	1
2729048	2729152	105	0.00	0	0
2729717	2729880	164	0.00	0	0
2731651	2731889	239	0.00	0	0
2732217	2732326	110	0.14	0	1
2732951	2733005	55	0.00	0	0
2734383	2734568	186	0.00	0	0
2735556	2735579	24	0.00	0	0
2736174	2736179	6	0.00	0	0
2736552	2736659	108	0.00	0	0
2737509	2737629	121	0.00	0	0
2738467	2738589	123	0.12	0	1
2739430	2739477	48	0.00	0	0
2739721	2739737	17	0.00	0	0
2740332	2740442	111	0.00	0	0
2740758	2740789	32	0.00	0	0
2742527	2742855	329	0.00	0	0
2743318	2743337	20	0.00	0	0
2743742	2743878	137	0.00	0	0
2745241	2745685	445	0.00	0	1
2745839	2745873	35	0.00	0	0
2746513	2746669	157	0.00	0	0
2746934	2747212	279	0.00	0	0
2748725	2748841	117	0.11	0	1
2749778	2749822	45	0.00	0	0
2750768	2750910	143	0.00	0	0
2752648	2752649	2	0.00	0	0
2754372	2754373	2	0.00	0	0
2756778	2757161	384	0.04	0	1
2757630	2757826	197	0.00	0	0
2759402	2759445	44	0.00	0	0
2760163	2760244	82	0.00	0	0
2760977	2761032	56	0.20	0	1
2761492	2761514	23	0.00	0	0
2761956	2762015	60	0.07	0	1
2763812	2763971	160	0.00	0	0
2764863	2764949	87	0.00	0	0
2765403	2765404	2	0.00	0	0
2765807	2765851	45	0.33	0	1
2766461	2766476	16	0.00	0	0
2766843	2766928	86	0.00	0	0
2767679	2767846	168	0.10	0	1
2769803	2769865	63	0.24	0	1
2772512	2772515	4	0.00	0	0
2775326	2775331	6	0.00	0	0
2776286	2776355	70	0.00	0	0
2777688	2777807	120	0.00	0	0
2779976	2780094	119	0.00	0	0
2780440	2780460	21	0.00	0	0
2781103	2781247	145	0.10	0	1
2781935	2782266	332	0.00	0	0
2783992	2784047	56	0.00	0	0
2784297	2784318	22	0.00	0	0
2785600	2785661	62	0.00	0	0
2785882	2785936	55	0.00	0	0
2786354	2786485	132	0.00	0	0
2788759	2788921	163	0.00	0	0
2790641	2790642	2	0.00	0	0
2792413	2792690	278	0.00	0	0
2792916	2792958	43	0.14	0	1
2794294	2794474	181	0.00	0	0
2796149	2796250	102	0.00	0	0
2798402	2798427	26	0.00	0	0
2800198	2800360	163	0.00	0	0
2801825	2802112	288	0.00	0	0
2802641	2802700	60	0.00	0	0
2804309	2804376	68	0.00	0	0
2804798	2804827	30	0.00	0	0
2806280	2806328	49	0.00	0	0
2806629	2806663	35	0.00	0	0
2808014	2808027	14	0.00	0	0
2809211	2809252	42	0.00	0	0
2809985	2810086	102	0.00	0	0
2810747	2810819	73	0.00	0	0
2811948	2811976	29	0.55	1	1
2812862	2813033	172	0.00	0	0
2815362	2815401	40	0.00	0	0
2818694	2818792	99	0.00	0	0
2819639	2819809	171	0.00	0	0
2819996	2820695	700	0.02	0	1
2821884	2822045	162	0.20	0	2
2822553	2822833	281	0.00	0	0
2823932	2824085	154	0.10	0	1
2824392	2824399	8	0.00	0	0
2826668	2826702	35	0.00	0	0
2827000	2827017	18	0.00	0	0
2828311	2828462	152	0.00	0	0
2830377	2830589	213	0.06	0	1
2832054	2832203	150	0.00	0	0
2833185	2833186	2	0.00	0	0
2835107	2835216	110	0.00	0	0
2836045	2836218	174	0.00	0	0
2836423	2836431	9	0.00	0	0
2838035	2838260	226	0.00	0	0
2839017	2839177	161	0.00	0	0
2839475	2839488	14	0.00	0	0
2840341	2840514	174	0.00	0	0
2842208	2842234	27	0.00	0	0
2842679	2842693	15	0.00	0	0
2843348	2843412	65	0.00	0	0
2844817	2844852	36	0.00	0	0
2845852	2845855	4	0.00	0	0
2846567	2846770	204	0.08	0	1
2847485	2847639	155	0.00	0	0
2847904	2847910	7	0.00	0	0
2849936	2850065	130	0.00	0	0
2850420	2850622	203	0.00	0	0
2851013	2851173	161	0.09	0	1
2853061	2853087	27	0.00	0	0
2854459	2854818	360	0.00	0	0
2855635	2855693	59	0.00	0	0
2856399	2856424	26	0.00	0	0
2856950	2857112	163	0.00	0	0
2857842	2857890	49	0.00	0	0
2859082	2859171	90	0.00	0	0
2860360	2860377	18	0.00	0	0
2861776	2861777	2	0.00	0	0
2862978	2863175	198	0.08	0	1
2865516	2865730	215	0.00	0	0
2868284	2868330	47	0.32	0	1
2868652	2868662	11	0.00	0	0
2869902	2869992	91	0.00	0	0
2872262	2872634	373	0.00	0	0
2873781	2873796	16	0.00	0	0
2874217	2874321	105	0.00	0	0
2874673	2874868	196	0.00	0	0
2875466	2875523	58	0.00	0	0
2875842	2875966	125	0.00	0	0
2880947	2881006	60	0.00	0	0
2881799	2881813	15	0.00	0	0
2882864	2882884	21	0.00	0	0
2884602	2884678	77	0.00	0	0
2887666	2887892	227	0.00	0	0
2888916	2888939	24	0.00	0	0
2889010	2889056	47	0.00	0	0
2891049	2891186	138	0.00	0	0
2891724	2891880	157	0.00	0	0
2893291	2893333	43	0.00	0	0
2893646	2893660	15	0.00	0	0
2894480	2894494	15	0.00	0	0
2895755	2895769	15	0.00	0	0
2897219	2897239	21	0.00	0	0
2898506	2898630	125	0.00	0	0
2899609	2899660	52	0.00	0	0
2900120	2900176	57	0.26	0	1
2901655	2901697	43	0.00	0	0
2902055	2902146	92	0.00	0	0
2902279	2902448	170	0.00	0	0
2902917	2903106	190	0.00	0	0
