#start	end	length	mean	median	max
1	93	93	0.65	1	1
925	938	14	0.00	0	0
3338	3352	15	21.27	23	23
4924	5307	384	54.40	31	254
6298	6463	166	0.43	0	2
7949	8053	105	2.11	0	17
9228	9236	9	2075.33	2333.5	2347
9295	9569	275	86.95	0	5661
10903	10907	5	1802.80	2252.5	2262
11748	11809	62	3.39	1	19
13320	13349	30	109.20	116	118
13734	13750	17	0.88	1	1
14477	14580	104	1.36	0	7
15352	15499	148	0.24	0	2
15698	16235	538	4.13	1	29
17496	17497	2	1.50	3	3
19337	19338	2	3.00	6	6
23128	23181	54	61.78	1	238
30618	30811	194	3.86	1	121
32162	32206	45	1.24	0	6
34338	34544	207	1.47	1	9
35097	35385	289	0.01	0	1
38328	38332	5	0.80	1	1
39245	39734	490	107.93	1	738
40017	40168	152	0.20	0	1
40981	41108	128	0.00	0	0
42853	43227	375	1.07	0	7
45507	45551	45	1.02	1	3
46011	46037	27	5.07	8	8
46611	46635	25	0.76	1	1
49116	49182	67	9.54	10	17
51634	51759	126	47.67	0	216
55122	55123	2	5.50	11	11
55790	55847	58	10.07	0	42
57457	57459	3	7.33	11	11
61461	61471	11	1.82	2	2
61937	61947	11	6.09	6.5	9
62281	62345	65	4.66	3	16
62712	62785	74	23.34	1	146
65490	65526	37	1.81	1	7
66208	66215	8	0.00	0	0
67422	67489	68	14.56	22	33
70728	70837	110	0.04	0	4
71556	71670	115	0.18	0	2
72933	72992	60	1.28	1	7
73692	73871	180	3.70	0	11
74772	74779	8	16.00	18	19
77629	77659	31	7.29	0	27
77735	77744	10	1.50	1	4
77819	78018	200	13.41	1	48
79435	79561	127	0.00	0	0
80315	80327	13	0.00	0	0
81498	81512	15	0.93	1	1
82404	82447	44	1.48	2	2
85323	85448	126	0.35	0	1
86484	86516	33	0.00	0	0
88842	88866	25	0.48	0.5	1
88987	89098	112	0.05	0	1
92933	92939	7	3.57	3.5	10
93582	93645	64	4.28	5	9
94048	94056	9	0.00	0	0
95560	95566	7	0.00	0	0
96566	96626	61	0.98	1	1
97548	97597	50	1.00	1	3
98417	98419	3	3.00	4.5	5
99857	99865	9	0.89	1	1
102422	102518	97	45.25	13	237
103197	103331	135	162.30	9	1505
107088	107144	57	8.63	0	47
107580	107606	27	0.96	1	2
108588	108721	134	1.42	0	8
109466	109477	12	27.67	16	86
110241	110282	42	2.38	2	3
112535	112569	35	0.63	0	2
113711	113718	8	39.38	2	153
114040	114042	3	374.00	561	561
117063	117114	52	0.06	0	1
118177	118241	65	14.49	2	43
119251	119315	65	7.66	5	16
120504	120589	86	33.38	1	100
121682	121695	14	3.43	4	4
123507	123509	3	0.67	1	1
125133	125630	498	7.93	1	52
126663	126675	13	0.00	0	0
127915	128227	313	1875.49	2	8026
129586	129705	120	0.77	0	5
130946	131059	114	1.20	0	11
133225	133313	89	4.92	0	37
135615	135636	22	10.27	3	28
136579	136924	346	674.40	453	2096
138426	138485	60	307.52	76	1077
138561	138686	126	1003.23	1216	1527
141733	141854	122	288.91	34	767
143316	143323	8	70.38	44	135
144490	144606	117	14.91	2	109
146176	146183	8	10.25	11	13
147741	147809	69	3.61	1	15
148779	148851	73	1.29	1	8
150587	150677	91	0.48	0	2
151593	151647	55	0.29	0	2
152566	152567	2	2.00	4	4
154648	154651	4	3.75	5	5
156455	156648	194	35.94	1	377
157219	157235	17	0.00	0	0
158025	158091	67	5.00	0	110
160148	160185	38	28.13	0	80
160888	160960	73	5.14	0	32
162308	162479	172	4.63	4	13
163791	163863	73	308.82	10.5	2937
163989	164061	73	43.92	23.5	925
166992	167009	18	0.72	1	1
168804	168853	50	228.88	62	771
170518	170594	77	168.17	1	1089
173225	173277	53	5.13	1	18
173842	173846	5	0.20	0	1
178056	178149	94	3.53	0	9
181315	181524	210	2.20	1	7
182497	182598	102	2.63	0	25
185001	185008	8	3.50	4	4
185699	185793	95	5.64	1	34
186103	186106	4	72.00	96	96
188096	188099	4	50.00	67	67
188577	188613	37	7.16	7	12
189208	189216	9	0.89	1	1
190635	190643	9	2.67	3	3
193683	193690	8	14.88	17	17
195077	195109	33	0.97	1	1
195752	195785	34	5.03	5	7
197800	197867	68	0.54	1	1
198774	198786	13	1.85	2	2
200825	201034	210	2.73	0	13
203522	203711	190	1.36	1	4
204759	204771	13	0.00	0	0
206194	206206	13	1.85	2	2
207164	207176	13	0.92	1	1
209262	209331	70	7.24	7	12
210246	210356	111	0.51	1	1
212469	212634	166	2.65	2	4
214075	214119	45	4.27	1	13
216613	216619	7	0.86	1	1
217820	217827	8	12.25	14	14
218959	219317	359	2.91	0	30
222754	222844	91	6.41	0	60
224075	224090	16	5.56	6	7
227868	228004	137	2.12	0	44
230931	231033	103	5.21	0	32
232581	232620	40	1.20	1	3
233911	233947	37	5.54	1	19
234518	234644	127	288.37	28.5	629
234927	234933	7	26.43	33	34
236791	236942	152	10.74	12	15
238283	238447	165	12.43	3	117
240375	240405	31	2.26	2	7
240480	240580	101	13.85	1	43
240770	240796	27	0.00	0	0
242502	242645	144	25.70	9	67
243222	243232	11	8.82	10	11
243536	243537	2	1.00	2	2
244099	244160	62	1.92	1	7
247874	247928	55	1.76	0	7
248766	248780	15	4.40	5	5
249396	249472	77	1.06	1	2
249824	249877	54	10.89	10	18
250136	250876	741	35.98	0	989
251717	251787	71	0.45	0	1
252943	253395	453	4.34	0	30
253582	253718	137	0.00	0	0
254943	254993	51	0.00	0	0
255246	255426	181	0.00	0	0
255727	255758	32	1.97	0	6
256990	257145	156	6.06	1	60
257632	257645	14	5.64	6	11
258201	258207	7	0.00	0	0
258685	259042	358	1642.21	21	7946
262128	262328	201	11.01	4	44
262479	262483	5	96.00	119	125
263304	263305	2	0.00	0	0
264055	264095	41	25.22	2	63
264630	264701	72	20.43	32	37
265545	265618	74	6.80	10	13
272042	272117	76	21.54	4	56
272634	272636	3	5330.33	7995.5	8017
272691	272705	15	213.20	60.5	917
274002	274107	106	7.49	0	48
275293	276008	716	20.83	1	132
277028	277116	89	5.08	1	40
278248	278284	37	54.32	0.5	677
278339	278343	5	6372.00	7990	8018
278608	278655	48	87.81	0	381
281398	281404	7	1.71	2	2
281864	281957	94	1.02	0	7
283972	283978	7	50.71	60	62
284828	285055	228	413.60	3	8002
285755	285782	28	2.04	3	3
286920	286922	3	2.00	3	3
288372	288419	48	1.58	1	6
290574	290579	6	0.83	1	1
292297	292336	40	1.15	0	4
292649	292692	44	0.11	0	1
293077	293173	97	1.22	0	9
293813	293849	37	0.54	0	2
294694	294805	112	2.77	0	16
296261	296415	155	1.10	0	4
297232	297261	30	5.03	6	16
297337	297557	221	13.33	0	131
301752	301779	28	1.93	2	2
302413	302435	23	28.78	53	55
304308	304314	7	0.86	1	1
306988	307148	161	2.77	2	6
307947	307988	42	1.10	1	2
308976	309014	39	1.00	1	4
311034	311039	6	7.50	9	9
311895	312399	505	4.79	0	114
313968	314194	227	8.90	0	63
314615	314673	59	56.64	1	242
315142	315360	219	3.81	4	30
318022	318027	6	1.67	2	2
319787	319822	36	2.39	3	3
321149	321322	174	0.24	0	2
321902	321905	4	2.25	3	3
323936	324064	129	0.89	0	6
325082	325144	63	2.37	0	18
325220	325273	54	3.17	1	25
327626	327694	69	8.96	2	69
329060	329115	56	2048.91	329	5721
329418	329474	57	2.07	2	3
330155	330224	70	0.69	1	2
332114	332149	36	0.00	0	0
334010	334012	3	5027.67	7541.5	7542
335068	335117	50	0.02	0	1
337243	337345	103	2.24	0	13
337760	337810	51	4.37	5	12
337896	337962	67	45.48	5	332
338036	338237	202	2.50	2	58
338676	338772	97	1.77	0	9
339376	339394	19	0.26	0	1
339926	339944	19	0.95	1	1
344140	344147	8	0.88	1	1
345852	345865	14	4.07	5	5
347477	347499	23	0.96	1	1
348112	348224	113	13.27	8	33
348705	348706	2	0.00	0	0
350451	350456	6	0.00	0	0
350931	350943	13	0.92	1	1
351736	351747	12	0.00	0	0
352339	352469	131	0.21	0	1
353418	353432	15	2.80	3	3
353757	353953	197	5.07	0	42
355575	355680	106	69.92	30	158
356944	356986	43	28.02	0	102
358118	358121	4	0.00	0	0
358368	358418	51	0.90	1	2
360234	360430	197	0.49	0	7
361462	361527	66	3.02	2	9
362227	362399	173	2.97	2	9
363072	363089	18	36.56	6	161
363912	364273	362	143.89	1	671
365599	365786	188	4.07	1	13
366924	367051	128	0.12	0	1
368295	368505	211	17.27	7	130
369955	370133	179	13.45	0	170
372027	372067	41	0.00	0	0
373058	373063	6	0.00	0	0
376879	376899	21	0.00	0	0
380148	380351	204	2.72	1	9
382619	382630	12	0.92	1	1
383384	383397	14	1.86	2	2
384394	384409	16	0.94	1	1
385409	385601	193	6.53	0	18
386892	387044	153	1.61	2	7
387552	387602	51	0.00	0	0
388578	388628	51	2.94	1	11
389820	389835	16	0.94	1	1
390274	390300	27	41.78	48	69
390532	390547	16	460.00	490	507
391229	391257	29	42.34	44	50
391543	391555	13	98.85	102.5	140
391709	391837	129	21.09	1	181
392564	392614	51	2.10	1	4
393921	393959	39	0.97	1	1
395242	395248	7	8.14	9	11
395573	395580	8	1.00	1	2
396304	396309	6	0.83	1	1
397551	397699	149	629.54	2	8003
398399	398461	63	5.27	3.5	29
398535	398595	61	48.80	28	134
399751	399752	2	1.50	3	3
401362	401434	73	2.00	2.5	3
403558	403570	13	3.69	4	4
404499	404501	3	0.00	0	0
405003	405006	4	0.75	1	1
407227	407241	15	16.27	17.5	18
408229	408266	38	0.26	0	1
408843	408965	123	0.54	0	3
409914	409921	8	4.38	5	5
416120	416243	124	60.00	5	386
420494	420499	6	3.50	5	5
421124	421176	53	0.00	0	0
422806	422810	5	0.00	0	0
424820	424831	12	2.75	3	3
429599	429656	58	3.81	4	8
430797	430810	14	0.93	1	1
432128	432278	151	1.17	0	17
432429	432442	14	0.00	0	0
432959	432963	5	0.80	1	1
433726	433789	64	0.64	0	40
435411	435497	87	2.77	0	38
435945	435968	24	1.46	1	5
437448	438412	965	1.14	0	8
439700	439837	138	0.46	0	4
440840	440865	26	11.65	1	74
441685	442033	349	2.21	2	5
442187	442191	5	0.00	0	0
442528	443268	741	0.34	0	2
444634	445418	785	0.99	0	15
446391	446394	4	1.50	2	2
447691	448318	628	0.20	0	2
448643	449421	779	0.51	0	2
450349	451758	1410	2.20	0	58
456979	457187	209	1.27	1	3
458169	458227	59	0.64	0	4
462947	462990	44	0.98	1	1
463447	463561	115	0.00	0	0
464261	464320	60	4.58	4	8
467036	467196	161	39.83	0	286
467473	467477	5	0.80	1	1
467886	467897	12	4.00	5	6
469479	469586	108	0.54	0	2
470697	470709	13	28.62	31	31
472536	472642	107	0.13	0	1
473207	473219	13	1.85	2	2
473784	473791	8	34.12	39	39
474563	474637	75	3.59	2	22
476240	476257	18	1.89	2	2
478099	478141	43	2.91	2	6
480101	480152	52	24.60	23	36
484556	484574	19	10.05	13	14
485887	485962	76	0.38	0	2
487154	487195	42	1.33	1	2
487331	487386	56	1.18	0	6
490570	490571	2	13.50	27	27
491328	491441	114	0.18	0	2
494859	495031	173	1.28	0	3
496427	496588	162	0.23	0	3
497360	497369	10	6953.20	7997	8006
497423	497512	90	285.78	3	7457
497933	497977	45	2.29	1	7
501125	501128	4	5.25	7	7
501615	501669	55	0.96	1	3
502414	502463	50	0.00	0	0
503199	503314	116	0.11	0	1
505155	505346	192	3123.66	6	8041
505722	505820	99	3107.34	4956.5	5264
507344	507363	20	8.50	10	11
507949	508067	119	2.73	2	8
508347	508453	107	25.00	2	57
508529	508589	61	3.07	3	6
513746	513831	86	1.19	0	9
517474	517688	215	7.04	0	72
518481	518587	107	8.37	2	63
519822	519828	7	0.86	1	1
521186	521218	33	0.94	1	2
522921	522952	32	1.94	2	6
525401	525442	42	0.00	0	0
525989	526009	21	4.62	5	5
526124	526430	307	263.65	51	2772
528580	528587	8	0.88	1	1
531790	531801	12	5543.08	6054	6093
531853	531917	65	136.48	1.5	4450
532440	532442	3	0.67	1	1
533820	533880	61	0.00	0	0
535522	535570	49	0.33	0	5
537712	537724	13	0.00	0	0
540536	540548	13	6.46	7	7
540807	540819	13	3.69	4	4
541990	542153	164	2.77	0	30
542580	542785	206	0.92	0	14
542972	542992	21	17.86	18.5	28
544217	544264	48	1.42	1	4
546800	546804	5	4.80	6	6
547665	547842	178	1.67	0	18
551788	551852	65	2.03	2	3
552279	552325	47	4353.66	6105	8015
552379	552552	174	25.32	0	1747
553252	553679	428	4.60	1	124
555990	556162	173	0.12	0	1
556238	556871	634	0.11	0	5
558306	558414	109	1.28	2	3
559284	559430	147	13.76	1	93
560163	560365	203	23.76	0	469
561251	561294	44	2.41	3	4
561379	561409	31	0.71	0	2
562613	562626	14	4.36	5	5
564833	565054	222	0.59	0	3
566399	566641	243	13.35	0	211
566867	566869	3	4.67	7	7
567971	568474	504	1.97	1	7
568718	568723	6	0.83	1	1
570005	570147	143	1.26	0	14
570595	570883	289	0.10	0	1
571871	571931	61	1.15	1	2
572703	572900	198	0.90	1	2
574444	574632	189	0.33	0	3
575518	575592	75	1.15	0	7
577930	577962	33	1.15	1	2
578863	578967	105	18.79	0	137
579469	579479	11	13.64	15	15
580227	580236	10	3.60	4	4
581200	581203	4	467.00	625	645
581259	581260	2	1181.50	2363	2363
584506	584507	2	0.00	0	0
590829	590872	44	0.25	0	1
591693	591721	29	0.00	0	0
592394	592551	158	0.00	0	0
594517	594595	79	2.96	1	10
595210	595670	461	0.00	0	0
596007	596047	41	0.71	0	2
596186	596298	113	0.00	0	0
598535	598797	263	0.86	1	2
599797	600031	235	1.49	1	5
601352	601461	110	0.25	0	1
603640	603706	67	0.39	0	1
605012	605417	406	2.38	0	13
606622	606804	183	1.90	1	6
608170	608212	43	21.42	10	63
609596	609611	16	41.94	46	50
611519	611562	44	1.18	1	2
615093	615153	61	1.95	1	4
616099	616201	103	75.22	0	595
617009	617010	2	1.50	3	3
619481	619483	3	7.33	11	11
620408	620501	94	18.34	1	130
622442	622479	38	70.16	1	248
622996	623099	104	4.24	5	6
625658	625713	56	2.41	3	5
627116	627231	116	23.41	1	65
628101	628147	47	0.85	0	12
629348	629375	28	61.46	20	136
630039	630050	12	7.33	8	8
631817	631868	52	0.31	0	1
633796	634041	246	0.35	0	8
635167	635223	57	0.18	0	1
635620	635672	53	0.91	0	4
636812	636826	15	1.60	2	2
638254	638312	59	1.41	1	5
639484	639486	3	0.00	0	0
639985	640385	401	0.18	0	1
640845	641064	220	5.22	0	55
641842	641852	11	3.64	4	4
642207	642283	77	0.00	0	0
642711	642718	8	0.75	1	1
643570	643596	27	0.67	0	6
644608	644653	46	0.02	0	1
645413	645438	26	2.96	3	4
647261	647322	62	0.00	0	0
648670	648764	95	0.00	0	0
650133	650199	67	0.00	0	0
652389	652403	15	0.00	0	0
655849	655851	3	1.33	2	2
656872	656873	2	7.50	15	15
657234	657363	130	0.82	0	9
658024	658147	124	0.00	0	0
658445	658779	335	2.69	2	8
659128	659795	668	0.18	0	3
661440	661580	141	0.33	0	3
661929	661965	37	46.19	0	143
662431	662538	108	0.33	0	1
664275	664684	410	0.00	0	0
665870	666024	155	0.67	0	6
666547	666750	204	0.73	1	1
668229	668558	330	1.42	1	4
668955	668996	42	21.05	1	46
669891	669905	15	0.93	1	1
670080	670459	380	0.11	0	1
670955	671022	68	0.60	0	7
671977	672049	73	0.33	0	4
672842	672936	95	2.86	3	6
673126	673192	67	0.36	0	1
674153	674185	33	0.00	0	0
674492	674513	22	0.45	0	2
674862	674978	117	0.42	0	1
676335	676583	249	0.00	0	0
677934	678048	115	19.91	1	843
678101	678103	3	2671.33	4007	4007
678482	678574	93	0.45	0	3
679505	679715	211	2.09	1	6
681486	681820	335	19.93	2	121
683754	683758	5	7.20	9	9
684191	684199	9	10.11	10.5	17
685400	685458	59	1.32	0	5
686649	686782	134	0.00	0	0
688943	688954	12	6.58	7	8
690101	690117	17	1.29	1	2
691175	691383	209	0.36	0	3
692059	692074	16	2.81	3	3
692274	692282	9	1.78	2	2
692697	693116	420	0.67	0	3
694035	694048	14	2.79	3	3
694466	694474	9	1.56	2	2
695324	695459	136	5.31	1	23
699008	699078	71	237.92	316.5	323
699577	699649	73	0.00	0	0
700099	700150	52	0.00	0	0
700535	700704	170	0.71	0	4
702079	702105	27	0.96	1	1
702580	702692	113	1.52	0	12
705208	705211	4	3.00	4	4
705521	705601	81	0.00	0	0
705920	705936	17	0.00	0	0
706858	706935	78	0.00	0	0
707077	707218	142	0.03	0	1
707738	707754	17	0.00	0	0
708568	708641	74	0.35	0	2
708993	709008	16	9.88	11	11
710308	710371	64	0.70	1	2
710699	710767	69	1.70	2	2
712658	712699	42	400.64	436	533
712904	712932	29	4.79	5	5
713173	713302	130	0.25	0	1
714239	714292	54	0.00	0	0
714812	715080	269	2.93	1	12
715615	715678	64	189.48	0	1015
716513	716902	390	1.47	1	5
717425	718002	578	0.38	0	3
718744	718781	38	1.13	1	2
719004	719032	29	0.00	0	0
719354	719707	354	0.15	0	2
720272	720415	144	2.40	0	26
720983	721319	337	0.86	0	4
722154	722254	101	1.13	0	8
722837	722874	38	3.71	0	14
723265	723270	6	4.50	5	7
723643	723738	96	5.59	8	10
723955	724073	119	1.45	0	9
724713	724718	6	0.00	0	0
725883	725942	60	0.00	0	0
726855	726954	100	1.12	1	3
727120	727206	87	0.00	0	0
727954	728693	740	0.45	0	2
729597	729598	2	0.50	1	1
730712	730717	6	0.83	1	1
731432	731805	374	8.06	9	18
732364	733208	845	24.09	0	253
733341	733361	21	1.43	2	3
733905	735279	1375	0.42	0	4
738422	738439	18	19.44	22	22
738740	738842	103	1.58	1	10
739365	739643	279	0.69	0	9
739884	740115	232	0.50	1	1
741703	742392	690	0.58	0	3
743026	743090	65	2.65	2	5
744966	745237	272	1.08	0	6
745385	745557	173	4.20	0	13
745672	745738	67	4.33	1	32
747538	747588	51	213.71	6.5	707
748036	748042	7	15.57	18	19
750616	750668	53	6.87	6	20
752187	752342	156	603.75	1	8002
753388	753632	245	1.59	1	4
754976	755059	84	0.50	1	1
755387	755453	67	0.00	0	0
755787	755892	106	0.49	0	1
757326	757387	62	0.76	1	1
758675	758734	60	2.93	3	5
759683	759690	8	0.88	1	1
760783	760794	12	0.00	0	0
761407	761478	72	0.69	1	1
764413	764537	125	1.26	2	2
764934	765120	187	0.31	0	1
765495	765536	42	2.43	0	6
765858	765953	96	0.25	0	1
766257	766355	99	1.55	2	4
767001	767180	180	4.25	2	13
767489	767567	79	1189.16	3	8002
768267	768445	179	0.66	1	2
768860	769194	335	0.28	0	1
769522	769550	29	26.21	1	60
771324	771391	68	51.10	3	323
772091	772788	698	8.38	4	57
774684	774690	7	4.86	6	6
775159	775173	15	0.80	0	2
778047	778049	3	14.00	21	21
779658	779678	21	0.95	1	1
779922	779985	64	14.53	11	29
782259	782273	15	162.87	179.5	181
782772	782782	11	11.64	13	13
783824	783838	15	35.60	38.5	39
784745	784758	14	43.50	48	50
784957	785139	183	9.50	12	27
785877	786026	150	1.22	1	2
788596	788599	4	3.25	4	5
791268	791325	58	1.86	2	4
792315	792434	120	1.52	0	8
793422	793479	58	1.24	2	2
793918	794105	188	1.03	0	4
794747	794973	227	1.96	0	9
795460	795781	322	0.19	0	1
795908	796205	298	0.44	0	2
797016	797136	121	2.36	1	6
797836	797965	130	3.38	1	17
798041	798046	6	22.17	26	29
798122	798140	19	179.89	239	246
799146	799200	55	2.87	2	7
799450	799452	3	253.33	380	380
800029	800042	14	159.64	172	172
800310	800390	81	16.01	1	53
800634	800693	60	0.97	1	3
805391	805425	35	5.86	1	18
806530	806555	26	0.00	0	0
808508	808519	12	451.00	63	1708
808712	808749	38	10.58	1	30
809907	810181	275	15.51	8	50
810320	810367	48	0.98	1	1
810623	810683	61	0.00	0	0
812258	812604	347	1.76	1	8
813070	813181	112	2.67	3	5
813547	813548	2	15.00	30	30
813927	814030	104	1.13	2	2
814262	814269	8	0.00	0	0
814495	814819	325	2.02	2	5
815147	815720	574	12.53	1	153
816516	816518	3	2.00	3	3
821333	821385	53	0.36	0	5
822154	822426	273	0.38	0	5
824639	824719	81	63.72	109	110
826429	826576	148	7.97	1	108
827372	827436	65	1.23	1	2
827512	827660	149	0.40	0	1
829505	830256	752	4.80	0	90
830331	830357	27	2.78	2.5	4
831540	831702	163	0.27	0	2
833692	833696	5	0.00	0	0
833937	834029	93	0.00	0	0
834786	834842	57	5.47	0	30
835629	835633	5	12.00	15	15
836990	837610	621	2.19	0	60
839223	839231	9	3.00	3	4
839718	839723	6	5.83	7	7
840255	840366	112	4.56	5	23
841482	841619	138	4.30	0	75
842859	842921	63	9.10	11.5	16
844236	844238	3	0.67	1	1
846030	846031	2	0.00	0	0
846816	846873	58	0.31	0	5
849577	849791	215	164.09	1	542
849900	850264	365	0.00	0	0
850551	850575	25	0.12	0	3
851977	852172	196	3.56	3	10
855121	855299	179	67.70	11	170
855327	856231	905	3.11	0	17
856376	856589	214	3.91	0	14
858401	858528	128	0.00	0	0
859390	859405	16	0.00	0	0
860381	860618	238	410.02	2	1359
863520	863753	234	0.81	1	2
865730	865742	13	7.31	8	8
869986	870646	661	6.79	1	49
871346	871467	122	14.44	1	136
871753	872109	357	2.88	1	16
873088	873516	429	0.43	0	1
873928	874192	265	0.00	0	0
875186	875368	183	4.39	2.5	13
875454	875552	99	9.45	4	158
876519	876530	12	0.92	1	1
877257	877514	258	2.16	1	64
878277	878281	5	1.60	2	2
879740	879753	14	0.00	0	0
880078	880089	12	0.00	0	0
883928	884007	80	0.00	0	0
884383	884390	8	0.88	1	1
884499	884622	124	0.43	0	1
885334	885393	60	1.95	2	5
885781	885792	12	4.42	5	5
886294	886344	51	1.25	0	4
887143	887163	21	0.00	0	0
887950	888054	105	3.77	1	11
888922	888935	14	0.93	1	1
891482	891797	316	0.45	0	2
892023	892431	409	1.55	0	19
892852	893177	326	0.05	0	1
893334	893389	56	24.66	0	112
893858	893863	6	559.00	671	672
893917	893959	43	145.12	196	345
895369	895394	26	5.81	8	12
897288	897629	342	3.69	2	15
898014	898324	311	1.22	1	4
900017	900020	4	0.00	0	0
901017	901053	37	0.54	1	1
902551	902557	7	0.57	0	2
908595	908758	164	5.74	2	20
909423	909425	3	0.00	0	0
911370	911972	603	0.22	0	1
912756	912770	15	0.40	0	1
913125	913333	209	1.47	2	3
913508	913535	28	0.00	0	0
913863	913938	76	0.00	0	0
915826	915932	107	0.90	1	1
916299	916397	99	0.53	0	2
917364	917539	176	0.07	0	2
918401	918552	152	0.00	0	0
918736	918902	167	0.00	0	0
919275	920179	905	4.68	1	87
920363	920400	38	1.42	0	4
920737	920869	133	4.35	1	23
920945	920959	15	4.07	4	6
921035	921061	27	16.15	9	37
921278	921441	164	1.98	2	6
921958	922035	78	0.95	0	6
924547	924553	7	27.71	32	33
925322	925373	52	9.88	6	21
926367	926379	13	63.38	71	79
927568	927580	13	15.38	17.5	18
927896	927946	51	58.96	79	105
928880	928887	8	19.25	22	22
930070	930084	15	13.07	14	14
930400	930438	39	16.74	10	31
930994	931234	241	83.80	0	1312
933465	933468	4	84.75	113	113
933877	933949	73	1.59	1	3
934361	934364	4	0.00	0	0
935201	935204	4	1.50	2	2
936189	936302	114	3.23	2	8
937361	937366	6	7.50	9	9
937513	937610	98	9.60	3	148
939379	939417	39	1.92	2	3
942656	942766	111	197.89	30.5	587
944264	944276	13	0.92	1	1
945945	946116	172	13.85	1	49
947161	947242	82	2.63	2	5
948170	948182	13	109.46	119	123
949248	949262	15	9.20	8	17
953624	953630	7	3.43	4	4
955038	955165	128	0.88	1	3
956520	956522	3	0.67	1	1
957766	957769	4	0.75	1	1
958799	958930	132	0.39	0	2
960026	960122	97	2.77	0	10
961248	961263	16	0.00	0	0
962746	962781	36	0.72	0	2
963622	963692	71	0.00	0	0
966704	966768	65	0.00	0	0
967306	967411	106	0.26	0	3
969472	969764	293	1.50	1	4
970152	970158	7	38.00	44.5	46
970717	971044	328	0.27	0	4
972257	972837	581	2.96	0	31
973519	973526	8	0.88	1	1
974313	974611	299	31.61	0	474
974723	974724	2	40.50	81	81
975376	975449	74	0.24	0	1
976686	976692	7	7.71	9	11
977359	977367	9	4.67	5	6
977593	977661	69	14.32	12	52
978361	978477	117	14.19	4	115
980982	981071	90	2.09	1	10
982377	982425	49	1.02	1	9
983545	983650	106	1.34	0	6
984611	984617	7	0.86	1	1
985464	985541	78	10.63	10	14
988018	988025	8	12.25	14	14
989193	989257	65	0.51	0	7
989906	990042	137	2.51	0	8
990589	990789	201	4.08	1	12
991081	991089	9	2.67	3	3
991450	991549	100	6.49	6	38
995433	995485	53	0.51	0	3
996086	996173	88	0.22	0	4
997392	997396	5	0.80	1	1
997841	997902	62	9.11	0	53
1000358	1000397	40	11.10	1	37
1001799	1001810	12	7324.17	8009	8014
1001862	1001902	41	70.32	0	1248
1002914	1002921	8	0.88	1	1
1003270	1003299	30	6.80	6	21
1005898	1006039	142	1.12	1	3
1011254	1011462	209	0.84	0	3
1012693	1012726	34	1.88	2	4
1015777	1015844	68	1.00	0	10
1016052	1016145	94	187.02	185	555
1016416	1016449	34	25.12	30	33
1019816	1019935	120	0.00	0	0
1020080	1020265	186	0.11	0	1
1020395	1020468	74	15.57	0	73
1021250	1021337	88	0.78	1	2
1022751	1022879	129	9.44	0	83
1024576	1024579	4	3.00	4	4
1025222	1025323	102	0.95	1	2
1025981	1026066	86	1.42	0	7
1027486	1027499	14	1.86	2	2
1028820	1028840	21	0.76	1	1
1030027	1030400	374	1.86	1	12
1031121	1031127	7	0.00	0	0
1031488	1031690	203	1.38	0	10
1031973	1032189	217	2.51	2	7
1033908	1033956	49	0.29	0	1
1035283	1035560	278	625.40	24	8014
1036385	1036420	36	235.03	3	671
1036721	1036722	2	1.00	2	2
1037227	1037289	63	9.22	0	49
1038321	1038324	4	0.00	0	0
1039725	1039876	152	0.49	0	1
1040186	1040221	36	0.00	0	0
1040531	1040726	196	0.73	0	3
1043925	1044056	132	136.55	191	246
1045119	1045163	45	1.53	0	6
1046695	1047130	436	4.64	2	20
1048115	1048213	99	2.70	4	4
1049531	1049546	16	20.81	24	25
1050567	1050632	66	2.82	2	13
1051464	1051466	3	4.67	7	7
1052427	1052536	110	2.38	1	38
1054468	1054562	95	6.35	4	18
1054638	1054663	26	7.73	7	11
1055876	1055951	76	1.64	1	8
1059347	1059387	41	1.00	1	2
1060435	1060581	147	37.72	0	353
1061404	1061849	446	2.42	0	10
1062501	1062503	3	3.33	5	5
1065948	1066024	77	0.00	0	0
1067245	1067251	7	3.43	4	4
1067759	1067760	2	1.00	2	2
1070559	1070571	13	0.77	1	1
1081351	1081469	119	1.47	1	3
1082262	1082372	111	2.71	1	12
1083981	1084015	35	1.86	2	3
1084220	1084356	137	0.77	0	8
1084897	1084901	5	10.40	13	13
1085769	1085843	75	2.60	1	9
1087965	1088000	36	1.64	2	3
1090953	1091049	97	3.44	3	9
1092148	1092335	188	0.94	0	3
1094743	1094810	68	2.04	0	11
1095636	1095643	8	2.25	3	3
1096624	1096654	31	8.19	10	10
1099168	1099297	130	0.42	0	5
1099493	1099503	11	1.82	2	2
1101234	1101238	5	0.80	1	1
1101620	1101621	2	6.50	13	13
1104581	1104584	4	0.75	1	1
1105845	1105950	106	0.39	0	1
1107932	1107964	33	4.61	5	5
1109078	1109079	2	0.50	1	1
1109686	1109721	36	3.83	4	4
1111843	1111865	23	2.83	1	8
1113519	1113536	18	0.78	1	1
1118818	1118838	21	1.90	2	2
1119136	1119162	27	0.70	0	3
1119999	1120310	312	0.09	0	3
1120386	1120409	24	13.38	8	28
1122018	1122073	56	2.18	0	12
1122485	1122486	2	1.00	2	2
1123117	1123119	3	0.00	0	0
1123411	1123433	23	0.00	0	0
1125652	1125716	65	3.20	1	11
1125918	1125993	76	0.00	0	0
1127143	1127147	5	0.00	0	0
1128480	1128649	170	0.82	1	6
1129028	1129202	175	3.05	2	8
1129587	1129619	33	0.36	0	1
1130340	1130393	54	11.52	7	81
1130449	1130501	53	36.06	13	90
1132877	1132937	61	1.69	2	4
1134003	1134060	58	1.07	0	29
1135492	1135504	13	0.92	1	1
1135826	1135865	40	0.28	0	1
1136388	1136393	6	6.17	7	8
1137430	1137511	82	0.63	0	4
1138067	1138174	108	0.35	0	2
1138556	1138565	10	1.80	2	2
1139055	1139140	86	18.90	0	132
1139693	1139699	7	1.71	2	2
1141452	1141456	5	1.60	2	2
1141979	1142267	289	0.37	0	3
1142745	1142873	129	2.19	1	14
1143366	1143449	84	3.69	1	13
1145401	1145475	75	2.16	2	4
1147999	1148004	6	12.50	16	17
1149535	1149708	174	6.46	0	30
1151575	1151647	73	0.79	0	3
1152632	1152638	7	0.00	0	0
1153569	1153572	4	0.00	0	0
1155482	1155543	62	3041.27	118	8019
1155595	1155667	73	1591.70	25.5	4419
1156163	1156774	612	4.80	0	170
1156913	1157045	133	0.54	1	1
1157193	1157411	219	0.32	0	2
1157553	1157582	30	1.17	1	2
1157757	1158090	334	0.53	0	2
1158466	1158673	208	0.39	0	1
1158878	1158891	14	0.50	1	1
1159669	1159692	24	0.00	0	0
1160346	1160967	622	0.69	0	3
1161109	1161129	21	0.00	0	0
1161415	1161425	11	2.27	2.5	3
1161528	1162125	598	2.43	0	30
1162348	1162412	65	1.34	1	6
1164511	1164635	125	0.83	0	6
1165965	1166613	649	0.82	0	19
1168765	1168804	40	0.00	0	0
1169840	1170170	331	0.10	0	2
1170540	1170547	8	9.25	11	11
1170926	1170989	64	502.19	556	558
1171344	1171390	47	0.53	1	1
1173742	1173815	74	2.42	1	9
1175097	1175103	7	33.71	39.5	40
1177694	1177711	18	1.67	2	2
1177997	1178001	5	0.00	0	0
1178320	1178444	125	0.48	0	6
1179921	1179928	8	3.62	4	5
1181075	1181228	154	2.37	1	23
1183019	1183141	123	5.28	1	34
1184683	1185028	346	0.92	1	3
1186262	1186267	6	5.00	6	6
1190147	1190159	13	0.00	0	0
1190256	1190305	50	19.16	19	23
1191967	1191970	4	0.75	1	1
1192658	1192663	6	47.00	54	61
1192982	1193033	52	6.75	1	21
1193946	1193949	4	3.00	4	4
1195238	1195301	64	4.38	5	8
1196673	1196736	64	77.09	1	232
1197151	1197173	23	61.22	65	77
1198524	1198667	144	0.46	0	1
1199766	1199776	11	0.00	0	0
1200791	1200805	15	26.27	38.5	41
1201733	1201736	4	0.00	0	0
1203608	1203707	100	8.36	2	22
1203793	1203883	91	2.47	3	3
1204193	1204578	386	1.19	0	10
1207006	1207043	38	3.00	0	11
1207628	1207630	3	0.67	1	1
1208731	1208773	43	3.77	3	8
1209317	1209541	225	7.60	0	103
1209935	1210187	253	1.14	1	5
1210560	1210572	13	97.62	104	119
1210735	1210813	79	31.78	12	120
1211327	1211433	107	35.21	8	249
1211611	1211742	132	305.30	0	2045
1212832	1212833	2	2.50	5	5
1214980	1215071	92	6.43	6	13
1216161	1216165	5	1.60	2	2
1217126	1217217	92	0.88	0	6
1217785	1217849	65	52.40	2	139
1219867	1219936	70	50.17	0	327
1221374	1221391	18	15.11	16	16
1221950	1222000	51	8.75	1	34
1222574	1222580	7	11.86	14.5	15
1223815	1223840	26	1.42	1	2
1225222	1225223	2	0.50	1	1
1225908	1226159	252	271.87	14	1421
1226633	1226635	3	3963.00	5944.5	5945
1227341	1227352	12	1.33	1	3
1229837	1229838	2	0.00	0	0
1233453	1233500	48	0.83	1	7
1233918	1234036	119	0.00	0	0
1234238	1235030	793	0.27	0	1
1236802	1237034	233	0.13	0	1
1237332	1237356	25	0.00	0	0
1238062	1238065	4	0.00	0	0
1238717	1238923	207	1.81	1	28
1239479	1239538	60	0.00	0	0
1239794	1239811	18	0.00	0	0
1241180	1241193	14	1.29	1	2
1241659	1241713	55	0.00	0	0
1242268	1242316	49	0.00	0	0
1242437	1242885	449	0.17	0	1
1244290	1244574	285	0.54	0	3
1245027	1245430	404	8.68	9	128
1245492	1245493	2	173.00	346	346
1245974	1245981	8	3.50	4	4
1247565	1247600	36	5.89	1	48
1249023	1249025	3	0.00	0	0
1249860	1250020	161	3.07	0	24
1251886	1251887	2	10.00	20	20
1252599	1252603	5	8.00	10	10
1259121	1259215	95	0.76	0	8
1260547	1260645	99	3.58	3	14
1261840	1261966	127	0.92	0	7
1263545	1263682	138	5.41	0	64
1264391	1264392	2	0.50	1	1
1266190	1266276	87	172.33	7	1074
1266481	1266618	138	7.63	0	78
1267687	1267795	109	1.09	1	4
1270900	1270973	74	0.89	1	4
1271584	1271809	226	0.23	0	4
1273064	1273075	12	7.42	8	9
1276212	1276457	246	5.78	3	24
1277364	1277389	26	2.31	2	3
1280528	1280538	11	10.18	11	14
1284267	1284316	50	1.90	3	4
1285094	1285168	75	3706.05	984.5	8025
1285541	1285589	49	39.53	8	105
1285803	1285810	8	72.75	83	84
1286009	1286151	143	0.91	0	5
1286425	1286461	37	0.30	0	1
1287290	1287292	3	4.67	7	7
1287368	1287376	9	69.56	77.5	83
1287450	1287798	349	2.69	0	151
1288030	1288109	80	51.61	4	1617
1288164	1288174	11	7252.09	8007.5	8021
1288227	1288268	42	1092.31	1599	1646
1289124	1289127	4	5.00	7	7
1289905	1289922	18	193.56	189	442
1289976	1290028	53	854.13	1105.5	2303
1290123	1290147	25	51.00	60	60
1291432	1291473	42	5.10	5	6
1291780	1291819	40	14.88	15	27
1291904	1291997	94	3.11	2	11
1292898	1293047	150	39.85	1	176
1293408	1293415	8	4.38	5	5
1294484	1294496	13	2.62	3	3
1296384	1296390	7	0.86	1	1
1296823	1296838	16	18.56	20	20
1297907	1297925	19	30.21	35	40
1298033	1298118	86	9.85	1	37
1299300	1299302	3	0.67	1	1
1299891	1299937	47	0.47	0	1
1301929	1302000	72	2.60	0	13
1303654	1303740	87	1.17	0	4
1304176	1304177	2	1.50	3	3
1306125	1306310	186	0.89	0	11
1309110	1309117	8	8.88	10	11
1310658	1310699	42	17.40	3	50
1311768	1311771	4	6.00	8	8
1312573	1312762	190	46.71	3	444
1314578	1314624	47	6.60	6	17
1315363	1315410	48	10.83	0	43
1316185	1316219	35	20.91	9.5	63
1317114	1317130	17	0.88	1	1
1317737	1317827	91	3.63	7	7
1318446	1318457	12	0.00	0	0
1320411	1320417	7	4.29	5	5
1321753	1321788	36	4.00	1	15
1322464	1322706	243	12.76	1	168
1324822	1324942	121	4.47	1	30
1325939	1325952	14	2.79	3	3
1328075	1328087	13	3.46	3	7
1329075	1329101	27	2.59	3	4
1329489	1329514	26	66.23	10	423
1329570	1329578	9	7016.44	7939	7985
1331590	1331600	11	0.00	0	0
1332015	1332168	154	0.27	0	1
1332307	1332308	2	0.50	1	1
1333161	1333184	24	115.42	120	126
1333261	1333375	115	200.62	11.5	450
1334069	1334241	173	0.65	1	1
1334323	1334721	399	0.51	0	2
1336084	1336193	110	0.78	0	7
1337262	1337412	151	1.48	0	7
1341397	1341400	4	13.50	18	18
1341746	1341752	7	3.43	4	4
1344048	1344052	5	8.00	10	10
1345432	1345451	20	7513.55	8002	8009
1345504	1345545	42	99.67	4	2706
1348723	1348778	56	1.55	1	3
1349115	1349190	76	4.18	1	28
1351012	1351019	8	1.75	2	2
1352193	1352205	13	1.00	1	2
1353303	1353315	13	0.92	1	1
1354243	1354248	6	0.00	0	0
1360038	1360245	208	11.61	0	169
1362010	1362021	12	25.17	28	28
1362286	1362324	39	0.95	1	1
1362853	1362929	77	41.96	2	126
1364173	1364249	77	0.73	0	3
1367410	1367473	64	0.98	0	5
1368788	1369128	341	5.13	0	25
1371013	1371123	111	0.31	0	1
1374179	1374194	16	0.00	0	0
1374487	1374521	35	4431.69	7085	8021
1374575	1374704	130	1318.45	0	7996
1377112	1377176	65	0.60	0	4
1378904	1378925	22	30.45	47	49
1379898	1379964	67	1.57	1	5
1380118	1380120	3	32.00	48	48
1382258	1382406	149	0.90	0	17
1382635	1382918	284	0.39	0	10
1383438	1383450	13	0.92	1	1
1385197	1385395	199	5.18	1	88
1385825	1385860	36	0.06	0	1
1386080	1386482	403	0.83	0	6
1387209	1387257	49	4.12	3	42
1388068	1388093	26	2.50	2	4
1388169	1388278	110	3.51	1	54
1388573	1388585	13	3.92	5	5
1389890	1389981	92	1.16	0	8
1390648	1390695	48	1.52	2	4
1391869	1391950	82	7.09	2	23
1392553	1392618	66	1.48	0	15
1393078	1393152	75	0.00	0	0
1394776	1394792	17	5.76	7	10
1395807	1395880	74	0.84	0	5
1397075	1397118	44	7.80	5	15
1397191	1397209	19	5.63	6	8
1397294	1397341	48	1.90	2	6
1397416	1397790	375	7.10	3	27
1398208	1398213	6	27.00	23	47
1398664	1398730	67	4.24	2	12
1404334	1404409	76	2.04	0	9
1406504	1406598	95	2.78	0	16
1408693	1408708	16	1.88	2	2
1410387	1410436	50	3.90	1	15
1411016	1411025	10	0.90	1	1
1411461	1411467	7	5.43	6	7
1412112	1412269	158	1.24	0	5
1412744	1412754	11	0.00	0	0
1413367	1413400	34	66.68	0	828
1414019	1414030	12	6.42	7	7
1414970	1415073	104	1.24	0	6
1416076	1416189	114	7.43	0	59
1419769	1419793	25	0.20	0	4
1421795	1421851	57	1.93	1	5
1422996	1423006	11	0.00	0	0
1423796	1424290	495	0.07	0	1
1424597	1424603	7	0.57	1	1
1425175	1425302	128	0.07	0	1
1425894	1425927	34	14.68	16	16
1426933	1427035	103	9.03	2	33
1427792	1427922	131	8.03	0	96
1429210	1429317	108	1.37	0	7
1430632	1430752	121	4.21	4	9
1432094	1432095	2	3.00	6	6
1432903	1432909	7	42.00	49	49
1435427	1435431	5	68.60	85.5	87
1436912	1436913	2	5.00	10	10
1438171	1438254	84	10.19	0	45
1439155	1439251	97	19.36	1	89
1440638	1440648	11	17.00	16	28
1440835	1440848	14	37.00	40	42
1441077	1441332	256	3.40	1	29
1441786	1441805	20	4.50	5	5
1443586	1443609	24	50.50	53	56
1443695	1444120	426	1.28	1	20
1444460	1444496	37	4.19	3	9
1445541	1445652	112	26.94	0	147
1447854	1447867	14	4.43	5	5
1449649	1449702	54	97.93	1	412
1450129	1450144	16	0.00	0	0
1451078	1451086	9	2.67	2.5	5
1452556	1452568	13	0.92	1	1
1452926	1452940	15	4.07	4	6
1453772	1453841	70	7.79	2	32
1454487	1454495	9	17.00	22	24
1454937	1454949	13	39.69	44	44
1455385	1455395	11	0.91	1	1
1455693	1455698	6	30.33	36	38
1456890	1456902	13	6.77	7.5	8
1459624	1459638	15	11.20	12	12
1462990	1463012	23	37.61	41	44
1463259	1463364	106	47.27	40	109
1463439	1463490	52	1.96	1	8
1464109	1464133	25	3.20	3	4
1464209	1464213	5	3.60	4.5	5
1464288	1464339	52	1.46	0	6
1467389	1467424	36	7.19	7	8
1468205	1468340	136	6.13	0	51
1468866	1468975	110	0.21	0	1
1470341	1470355	15	3.60	4	4
1472653	1472659	7	4.29	5	5
1473905	1473913	9	1.78	2	2
1476741	1476752	12	0.00	0	0
1478189	1478197	9	6.11	7	7
1478537	1478689	153	10.15	0	82
1479677	1479684	8	5.25	6	6
1480141	1480145	5	2.20	3	3
1483643	1483701	59	0.22	0	3
1484503	1484515	13	4221.08	4587	4593
1485023	1485066	44	1.73	1	6
1485901	1486030	130	14.96	24	29
1488605	1488673	69	6.52	1	40
1489544	1489559	16	2.31	2	3
1489917	1489964	48	69.02	6	193
1490331	1490338	8	0.88	1	1
1491128	1491166	39	0.00	0	0
1493031	1493097	67	4.03	2	59
1493155	1493158	4	95.25	127	127
1493582	1493674	93	18.69	5	93
1494935	1495170	236	620.64	0	8012
1496500	1496501	2	1.50	3	3
1497209	1497259	51	1.49	0	7
1497905	1497924	20	0.00	0	0
1499434	1499438	5	3.20	4	4
1499841	1500369	529	3.41	2	18
1501462	1501743	282	0.30	0	1
1501963	1502176	214	2.93	1	30
1502969	1502970	2	2.50	5	5
1503214	1503509	296	1.75	1	8
1505317	1505325	9	1.78	2	2
1508236	1508481	246	5.76	0	83
1509631	1509676	46	0.72	1	1
1511015	1511042	28	2.89	3	3
1511790	1511907	118	2.31	1	5
1512568	1512588	21	0.00	0	0
1512877	1513366	490	0.21	0	1
1513904	1514163	260	63.93	3	227
1515407	1515548	142	1.31	0	8
1516074	1516351	278	3.01	0	61
1517237	1517262	26	2.92	3	4
1518967	1519032	66	1.21	0	6
1520290	1520327	38	52.82	1	874
1520389	1520404	16	2779.69	3379	3472
1523521	1523719	199	0.43	0	8
1525606	1525736	131	0.79	0	8
1529188	1529200	13	0.00	0	0
1530077	1530126	50	4.50	0	18
1531162	1531205	44	29.84	23	82
1531812	1531827	16	27.88	30	32
1532845	1532853	9	0.00	0	0
1533025	1533051	27	6.48	9	9
1533126	1533154	29	13.14	15.5	16
1533365	1533411	47	6.04	6.5	42
1533817	1533830	14	9.21	9	17
1534257	1534265	9	18.11	20.5	22
1534626	1534696	71	16.65	4	67
1534782	1534789	8	4.50	2	13
1535573	1535608	36	21.25	20	32
1536559	1536579	21	23.14	28	38
1537024	1537063	40	23.07	24	31
1537721	1537754	34	1.21	1	6
1538666	1538769	104	1.82	0	16
1542799	1543002	204	1.61	2	7
1545610	1545678	69	1.64	1	6
1546207	1546208	2	0.00	0	0
1546791	1546794	4	0.00	0	0
1550599	1550605	7	1.71	2	2
1550933	1550935	3	5342.33	8013.5	8015
1550990	1551049	60	191.27	0	5828
1551410	1551412	3	1.33	2	2
1553141	1553190	50	1.90	0	5
1555153	1555432	280	0.00	0	0
1556288	1556348	61	0.11	0	2
1557015	1557143	129	8.23	6	82
1557747	1557774	28	9.68	1	33
1557850	1557861	12	7297.08	7995	8001
1557983	1558031	49	1.22	0	12
1558518	1558539	22	0.68	0	15
1559941	1560038	98	0.70	0	6
1560552	1560904	353	0.95	0	7
1563486	1563681	196	574.64	1	8009
1563847	1563886	40	108.22	142	156
1565695	1565707	13	61.23	67	67
1566455	1566462	8	68.75	79	79
1568516	1568671	156	9.19	6	25
1570550	1570562	13	0.00	0	0
1574598	1574649	52	1.62	0	8
1575844	1575890	47	2.19	2	3
1580565	1580640	76	0.24	0	1
1581649	1581717	69	121.94	192	196
1583398	1583404	7	2.57	3	3
1586233	1586234	2	0.50	1	1
1586799	1586802	4	0.00	0	0
1589055	1589056	2	0.50	1	1
1589741	1589899	159	6.07	0	66
1590578	1590674	97	1.66	0	13
1595729	1595797	69	3.23	2	8
1596212	1596219	8	27.25	37	37
1597453	1597513	61	22.57	4	79
1598528	1598701	174	28.11	0	477
1599200	1599271	72	1.11	1	2
1600893	1601128	236	151.38	1	1453
1601330	1601411	82	2.63	1	8
1602687	1602754	68	0.00	0	0
1603148	1603149	2	7.00	14	14
1604491	1604556	66	17.36	2	55
1605316	1605318	3	2.00	3	3
1605838	1605923	86	39.73	1	212
1607007	1607019	13	4.62	5	5
1607722	1607739	18	3.89	4	8
1609688	1609689	2	2.00	4	4
1609921	1609932	12	0.92	1	1
1611571	1611697	127	10.97	1	79
1611773	1611782	10	219.00	156	1072
1611835	1612382	548	317.91	1	8022
1613130	1613201	72	9.97	15	22
1614439	1614674	236	2.84	0	33
1616025	1616068	44	17.93	19	26
1617793	1617799	7	268.86	314	314
1619036	1619070	35	2.54	2	11
1620085	1620092	8	32.00	15	68
1621209	1621257	49	1.47	1.5	2
1622758	1622784	27	3.59	4	4
1625636	1625661	26	1.92	2	5
1630204	1630247	44	0.20	0	1
1631988	1632001	14	1.36	1	2
1633309	1633558	250	3.51	2	13
1633901	1633902	2	0.00	0	0
1635560	1635605	46	4193.43	3015	8015
1635658	1635745	88	203.07	2	7774
1637189	1637196	8	0.00	0	0
1638322	1638427	106	1.25	0	6
1640655	1640657	3	3.67	5.5	6
1641819	1641929	111	4.79	1	38
1643833	1644003	171	8.53	0	99
1644262	1644266	5	12.00	15	15
1645455	1645456	2	2.00	4	4
1646303	1646308	6	1.67	2	2
1649359	1649440	82	14.28	2	52
1650951	1650967	17	28.94	31	31
1652223	1652267	45	2.58	2	5
1653549	1653722	174	8.03	0	91
1655333	1655334	2	1.00	2	2
1658685	1658727	43	3.30	1	11
1660090	1660204	115	6.30	1	22
1661225	1661229	5	20.80	26	26
1661560	1661666	107	49.90	5	217
1662363	1662411	49	46.71	29	115
1663333	1663391	59	3.53	0	10
1664046	1664131	86	2.06	3	3
1664738	1664753	16	0.19	0	1
1666187	1666207	21	7389.43	8007.5	8017
1666261	1666313	53	214.47	8	4534
1666479	1666519	41	81.93	8	488
1667081	1667149	69	0.00	0	0
1668572	1668573	2	0.00	0	0
1671572	1671648	77	0.84	1	3
1673053	1673106	54	14.30	19	44
1673548	1673560	13	65.38	70.5	75
1674026	1674039	14	36.00	39	39
1675356	1675369	14	14.86	16	16
1675820	1675833	14	28.36	37	39
1676224	1676236	13	9.38	9.5	13
1676789	1676810	22	16.91	18	18
1677201	1677218	18	10.50	13	14
1677387	1677393	7	135.00	160.5	162
1677952	1677964	13	6.00	7	8
1678694	1678695	2	46.50	93	93
1679068	1679071	4	4.50	6	6
1679495	1679502	8	41.88	47	49
1680404	1680418	15	22.20	24.5	28
1681254	1681260	7	112.43	155	157
1681726	1681738	13	12.00	13	13
1682135	1682147	13	78.23	90	94
1682865	1682878	14	37.36	41	42
1683143	1683144	2	2.50	5	5
1683910	1683927	18	38.56	43	44
1685023	1685027	5	3.60	4.5	5
1685808	1685958	151	1.96	1.5	7
1686796	1686902	107	2.72	0	19
1687296	1687382	87	70.36	1	308
1688619	1688683	65	153.80	251.5	256
1689149	1689364	216	177.74	2	2420
1689566	1689654	89	4.22	3	9
1691048	1691094	47	0.00	0	0
1692491	1692501	11	2.36	3	3
1693210	1693215	6	249.17	299	301
1694635	1694742	108	2.70	0	17
1697153	1697524	372	1.24	1	5
1702758	1702766	9	0.00	0	0
1704667	1704744	78	23.42	36	48
1705969	1705986	18	0.94	1	1
1706746	1706912	167	2.80	0	33
1709225	1709261	37	0.43	0	2
1710333	1710534	202	0.04	0	6
1711763	1711816	54	6.74	2	24
1713089	1713097	9	0.00	0	0
1714613	1714814	202	2.60	1	12
1715469	1715593	125	17.93	16	38
1718508	1718791	284	4.27	1	55
1719407	1719411	5	0.80	1	1
1720231	1720273	43	0.28	0	1
1720973	1721053	81	0.77	0	4
1723033	1723190	158	7.00	0	44
1724893	1724895	3	0.67	1	1
1727149	1727155	7	3.43	4	4
1727417	1727510	94	77.37	0	532
1728177	1728227	51	0.67	0.5	3
1729230	1729288	59	2.92	2	8
1730166	1730234	69	1.39	0	9
1732929	1732948	20	46.40	61	70
1733546	1733550	5	48.00	59.5	63
1733830	1733934	105	87.57	3	376
1736323	1736496	174	1.33	0	8
1736998	1737308	311	11.65	0	247
1738221	1738263	43	2.23	1	5
1739338	1739366	29	0.00	0	0
1741818	1741852	35	2.91	3	3
1742807	1742874	68	3.68	4	5
1743661	1743808	148	2.37	2	5
1744331	1744332	2	1.00	2	2
1745548	1745652	105	41.86	1	206
1745896	1745898	3	19.33	29	29
1746199	1746258	60	48.62	0	230
1747692	1747766	75	10.68	2	143
1747841	1748035	195	62.61	12	155
1748702	1748732	31	0.32	0	1
1753303	1753355	53	0.13	0	3
1754534	1754580	47	13.11	3.5	214
1755748	1755913	166	0.39	0	3
1757234	1757247	14	2.79	3	3
1758625	1758805	181	0.70	0	5
1759328	1759341	14	1.00	1	2
1760191	1760271	81	19.93	14	79
1760473	1760550	78	40.22	3	233
1761979	1761981	3	0.67	1	1
1762849	1762990	142	1.19	0	5
1764266	1764305	40	8.68	0	66
1765397	1765452	56	23.50	38	39
1767768	1767877	110	1.03	0	6
1769015	1769132	118	3.30	1	58
1770207	1770215	9	0.00	0	0
1771221	1771226	6	0.83	1	1
1771911	1771950	40	1.45	1	3
1774105	1774162	58	1.21	0	7
1776319	1776414	96	3.89	3	8
1777462	1777603	142	3.47	0	26
1778222	1778284	63	2.13	0	8
1779798	1780132	335	1.95	0	22
1780550	1780733	184	7.16	5	31
1781475	1781492	18	202.94	220	231
1783409	1783450	42	1.26	1	4
1786792	1786804	13	26.46	27	33
1788943	1788983	41	10.90	1	28
1790286	1790386	101	6.29	1	29
1792322	1792852	531	1.58	0	10
1793351	1793571	221	244.45	215	732
1795093	1795096	4	3.75	5	5
1796561	1796668	108	4.96	3	10
1799049	1799152	104	0.25	0	3
1799585	1799629	45	11.69	1	55
1800987	1800989	3	4.67	7	7
1801200	1801270	71	3.77	2	8
1801916	1801963	48	0.50	0	2
1802846	1802988	143	1.07	1	5
1804912	1804966	55	11.25	0	47
1805552	1805556	5	6402.80	8005	8007
1806289	1806300	12	1.83	2	2
1806514	1806614	101	1.00	0	9
1808850	1808900	51	2.47	1	6
1810134	1810243	110	2.17	0	10
1811078	1811079	2	3.50	7	7
1813307	1813312	6	2.50	3	3
1814144	1814246	103	43.65	0	313
1814427	1814429	3	14.00	21	21
1815704	1815890	187	2.25	0	32
1817172	1817212	41	0.00	0	0
1819995	1820216	222	1.66	0	13
1822032	1822043	12	6.42	7	7
1823464	1823619	156	20.81	9	83
1825267	1825411	145	13.78	5	91
1826828	1826875	48	1.54	2	2
1828268	1828314	47	138.87	0	643
1829224	1829235	12	2.42	3	3
1831236	1831273	38	3.26	3	5
1831349	1831390	42	1.71	2	2
1832087	1832160	74	0.84	0	27
1832971	1833102	132	0.00	0	0
1836091	1836099	9	25.56	33.5	36
1836637	1836716	80	0.00	0	0
1837218	1837385	168	1.15	0	6
1838256	1838621	366	1.02	1	3
1839033	1839103	71	8.06	3	37
1840220	1840278	59	20.80	1	98
1840462	1840467	6	10.33	12	14
1840924	1840937	14	15.71	16	19
1841430	1841510	81	18.95	18.5	49
1842159	1842166	8	6.12	7	7
1843184	1843232	49	36.90	19.5	71
1843554	1843660	107	20.49	6	99
1844651	1844701	51	1.24	1	2
1844777	1845122	346	1.12	0	4
1845792	1845821	30	0.00	0	0
1846527	1846587	61	0.31	0	1
1847932	1847934	3	0.67	1	1
1849441	1849443	3	5335.33	8003	8016
1849496	1849546	51	148.02	11.5	2483
1849598	1849762	165	879.39	1	6664
1850627	1850642	16	0.00	0	0
1851969	1852110	142	0.00	0	0
1852870	1852916	47	0.00	0	0
1854387	1854401	15	0.93	1	1
1857467	1857531	65	2.05	1	7
1857781	1857790	10	22.40	25	25
1857938	1857986	49	2.63	3	3
1858867	1858961	95	11.11	1	57
1861158	1861223	66	2.94	0	10
1862025	1862029	5	0.80	1	1
1862792	1862799	8	0.00	0	0
1865092	1865224	133	83.20	27.5	197
1866040	1866087	48	2.04	2	4
1867260	1867263	4	18.75	25	25
1868338	1868393	56	0.27	0	1
1868958	1868988	31	1.19	0	3
1869736	1869771	36	0.00	0	0
1871663	1871821	159	10.66	1	46
1872359	1872462	104	0.00	0	0
1872871	1872963	93	0.00	0	0
1873387	1873388	2	0.00	0	0
1874276	1874289	14	0.00	0	0
1875889	1876133	245	0.31	0	1
1878447	1878575	129	3.88	0	327
1878650	1879255	606	0.49	0	9
1880312	1880347	36	0.00	0	0
1881098	1881799	702	10.17	0	4648
1881851	1881860	10	7184.10	7995	8012
1883355	1883421	67	3.25	3	7
1884010	1884067	58	0.12	0	2
1884650	1884652	3	0.00	0	0
1885526	1885566	41	1.05	1	3
1887415	1887477	63	22.51	4	89
1888165	1888255	91	0.46	0	1
1889234	1889493	260	308.81	6	4356
1889549	1889590	42	182.05	40	2291
1890962	1891158	197	1.25	1	15
1891864	1891878	15	413.00	441	449
1892682	1892802	121	159.67	0	1433
1893452	1893534	83	2.84	0	20
1894572	1894802	231	124.99	5	715
1896234	1896267	34	4.03	5	5
1896742	1897200	459	3.88	0	38
1897369	1897529	161	0.00	0	0
1897725	1898122	398	0.65	0	2
1899824	1899839	16	3.75	4	4
1900431	1901578	1148	3.12	1	51
1902392	1902397	6	1.67	2	2
1902680	1902687	8	2.62	3	3
1904440	1904499	60	0.28	0	1
1905916	1906415	500	0.64	0	3
1908183	1908256	74	0.77	1	2
