#start	end	length	mean	median	max
1	99	99	1.25	1	9
760	786	27	21.48	22.5	25
1834	2192	359	9.00	9	19
3570	5068	1499	2.91	3	26
5624	5980	357	2.18	2	10
7178	7264	87	3.59	4	5
8306	8433	128	4.44	4	6
8818	8932	115	3.97	4	7
9536	9699	164	37.95	46	83
10897	10911	15	76.33	79	97
11953	12016	64	35.61	34	53
12641	12770	130	8.88	9	12
13443	13543	101	2.11	2	5
14219	14274	56	6.95	7	11
14752	14925	174	10.78	10	25
16009	16141	133	3.37	3	11
17051	17420	370	3.83	3	8
18129	18734	606	1.32	1	3
20082	20168	87	2.39	2	4
21084	21227	144	1.72	2	5
21690	21759	70	3.86	4	8
23751	23811	61	23.48	21	39
24550	24988	439	2.87	2	17
25568	25672	105	3.54	3	7
25910	26176	267	16.97	16	41
26999	27045	47	5.30	5	7
27865	28194	330	2.02	2	6
29563	31504	1942	1.31	1	4
31883	32059	177	0.10	0	2
33866	34299	434	0.31	0	2
35788	35893	106	0.47	0	1
37472	37475	4	0.75	1	1
39171	39229	59	0.49	0.5	1
39944	40682	739	0.21	0	1
41130	41400	271	1.04	1	3
42367	42705	339	10.86	11	19
44086	44152	67	10.97	9	18
46012	46217	206	0.45	0	1
46734	47576	843	0.50	0	2
47880	48431	552	1.22	1	3
48618	48666	49	2.92	3	4
48826	48935	110	0.35	0	4
50256	50606	351	0.51	1	1
50925	51109	185	1.23	1	2
51818	51959	142	0.96	1	2
52524	52704	181	2.22	1	7
53128	53190	63	2.90	3	4
54229	54751	523	5.76	5	14
55370	55478	109	4.99	4	11
56367	56531	165	33.28	31	76
57279	57308	30	71.57	73	82
58095	58339	245	44.69	47	150
58802	59254	453	13.26	4	103
59489	59610	122	14.85	16	21
60541	60826	286	8.11	6	20
61640	61641	2	13.00	26	26
62299	62437	139	6.75	2	36
63371	63500	130	1.19	1	2
64746	64891	146	32.87	34	71
65591	65609	19	70.47	77	82
66264	66455	192	3.90	3	15
67812	67831	20	17.65	18	24
68615	68631	17	31.94	34	37
69022	69141	120	3.89	3	7
69388	69559	172	2.46	2	5
70172	70713	542	1.48	1	7
72292	72343	52	3.42	4	5
73154	73171	18	2.56	3	3
74207	74221	15	1.87	2	2
74735	74785	51	2.53	3	3
75389	75397	9	1.78	2	2
78251	78301	51	2.29	2	4
79781	79837	57	1.19	1	3
80564	80867	304	2.57	2	8
81221	81316	96	5.51	6	8
81878	82031	154	4.18	4	6
83394	83453	60	2.30	2	3
84897	85155	259	0.87	1	2
86596	86886	291	1.14	1	3
87829	88486	658	1.69	1	5
89924	90187	264	4.52	5	7
91103	91136	34	0.97	1	1
91653	91978	326	16.87	3	87
92624	92737	114	14.39	14	20
93479	93537	59	3.31	3	4
93910	93997	88	2.98	3	5
95192	95448	257	1.19	1	4
96925	96976	52	0.98	1	1
98186	98312	127	1.34	1	3
99756	100024	269	0.64	1	2
101701	101764	64	0.86	1	1
102140	102204	65	2.31	2	5
103977	104125	149	2.16	2	5
106032	106494	463	1.10	1	3
107632	107707	76	1.38	1	2
108128	108197	70	1.67	2	3
109491	109666	176	0.93	1	2
110690	110913	224	2.50	2	6
112537	113021	485	1.87	2	4
114570	115030	461	1.11	1	3
115208	115606	399	1.71	1	5
118163	118786	624	4.17	4	8
119819	120014	196	7.62	8	12
120174	120570	397	3.89	3	12
122212	122530	319	3.87	4	9
123479	123578	100	1.09	1	3
125169	125192	24	1.88	2	2
127869	128352	484	13.61	10	66
129160	129269	110	33.13	22	83
129807	129901	95	27.65	26	41
130856	131065	210	8.90	7	16
133465	133480	16	5.56	6	6
134105	134164	60	3.65	4	5
135784	135945	162	2.59	3	4
141713	141954	242	5.60	3	39
142474	142618	145	10.43	11	13
143366	143892	527	19.98	2	197
144708	144815	108	25.94	27	44
148426	148625	200	59.84	60	85
148713	148781	69	15.54	16	20
149117	149528	412	2.92	3	6
150075	150172	98	4.18	4	7
150950	151020	71	2.21	2	3
153835	153937	103	2.09	2	3
154472	154492	21	3.29	3	5
156955	157163	209	0.86	1	2
157695	157774	80	6.10	5	10
159275	159408	134	4.69	5	7
159889	160039	151	2.28	2	7
163251	163265	15	0.93	1	1
167361	167380	20	0.55	1	1
169436	169628	193	1.24	1	2
172155	172235	81	1.86	2	3
172497	172583	87	3.15	3	4
177297	177344	48	0.98	1	1
178350	178417	68	3.46	4	4
179480	179500	21	1.14	1	2
182446	182449	4	1.50	2	2
184967	185283	317	1.62	1	4
188083	188399	317	6.21	4	30
190719	190988	270	16.84	15	40
191409	191756	348	8.53	8	14
192514	192530	17	37.59	44.5	51
192807	193445	639	14.65	2	76
193923	194203	281	10.09	10	16
194331	194386	56	4.54	5	6
194660	195997	1338	1.07	1	3
198457	198482	26	11.08	12	14
199632	199864	233	5.21	5	10
200105	200311	207	7.77	7	13
200645	200712	68	5.68	6	8
201122	201524	403	11.59	9	32
203745	203874	130	13.03	13	21
205674	205800	127	5.01	5	8
205930	206065	136	3.97	4	6
206711	206825	115	1.10	1	2
207024	207258	235	0.70	1	2
207391	207494	104	0.00	0	0
208293	208357	65	1.11	1	2
209138	209271	134	2.02	2	5
211792	211803	12	1.58	2	2
214113	215067	955	1.24	1	3
216376	216498	123	0.20	0	1
217969	218116	148	1.57	1	3
218846	218914	69	2.83	2.5	4
220121	220175	55	3.84	4	5
221208	221262	55	5.87	6	7
221677	221693	17	10.53	11	12
222018	222333	316	5.04	4	12
223141	223587	447	2.40	2	8
224797	225098	302	6.65	4	21
225914	226265	352	2.38	2	7
228636	229466	831	2.61	1	12
230373	230656	284	3.06	3	10
231859	232285	427	29.93	20	98
233489	234020	532	8.04	7	25
235416	235431	16	10.81	12	13
235612	236653	1042	17.26	4	112
237770	237817	48	16.81	15	25
238406	238833	428	7.47	3	27
239323	240005	683	10.35	11	23
240423	240628	206	7.27	5	18
241307	242080	774	1.29	0	22
243722	243984	263	1.78	2	3
244795	245400	606	1.27	0	5
245857	245901	45	4.82	5	5
247432	247531	100	1.81	2	5
249881	249882	2	1.50	3	3
250861	250865	5	1.60	2	2
253909	253963	55	5.15	5	6
255533	255622	90	6.21	6	9
255878	255883	6	3.33	4	4
260689	260746	58	6.05	6	7
262053	262747	695	8.41	6	27
263321	263439	119	1.13	1	3
267115	267280	166	0.81	1	2
270197	270255	59	10.93	12	17
270709	270821	113	3.07	2	6
271095	271241	147	6.07	7	10
271485	271516	32	3.72	4	5
272885	273212	328	1.61	1	5
273606	273616	11	1.73	2	3
274514	274532	19	1.89	2	2
274794	274811	18	1.89	2	2
279542	279565	24	0.96	1	1
280622	281074	453	0.71	1	3
281657	281690	34	2.91	3	3
282075	282125	51	0.98	1	1
282966	282987	22	0.00	0	0
287457	287686	230	1.54	1	3
289127	289166	40	0.80	1	1
290982	291167	186	0.60	0	3
292005	292135	131	1.28	1	3
293171	293613	443	9.07	9	18
294316	294610	295	3.81	3	7
295694	295763	70	1.33	1	3
297654	297670	17	3.24	3	4
298166	298373	208	3.26	3	6
298762	299029	268	4.62	4	11
302018	302019	2	2.00	4	4
302887	302888	2	3.50	7	7
303321	303375	55	2.71	3	4
303844	303867	24	7.21	8	8
308143	309044	902	28.33	31	54
309174	309181	8	2.62	3	3
309278	309737	460	3.14	2	12
311096	311140	45	108.20	107	139
312143	312146	4	80.25	107	110
313509	313515	7	82.57	98	100
314911	315702	792	12.51	3	58
316768	317072	305	15.58	9	56
318917	319053	137	120.10	79.5	417
319960	319965	6	162.33	193	202
320752	320769	18	43.28	46	48
321451	321467	17	66.29	69.5	76
325209	325266	58	21.47	24	27
325657	325722	66	7.26	7	10
326326	326374	49	14.96	16	21
327005	327188	184	5.21	6	10
328536	328744	209	31.39	31	65
329624	329724	101	8.80	8	29
330415	330688	274	4.46	4	15
331634	331775	142	4.14	4	7
332451	332564	114	13.89	14	20
333270	333325	56	0.98	1	1
335354	335664	311	6.54	5	20
336856	336885	30	13.23	15	17
337363	337420	58	6.50	8	10
338672	338844	173	3.22	2	10
339535	339764	230	1.64	2	3
340326	340465	140	3.70	3	8
340907	341027	121	1.99	2	3
341754	341971	218	4.03	3	11
344894	344895	2	7.50	15	15
347316	347588	273	1.51	1	4
348531	349568	1038	37.76	7	287
351333	351759	427	4.00	4	8
353044	353045	2	2.50	5	5
354573	354710	138	5.66	4	12
355143	355189	47	6.19	5	10
356204	356293	90	15.29	15	27
357416	357816	401	71.31	3	997
358378	358615	238	29.71	28	214
358829	358968	140	8.49	8	16
359421	359924	504	6.91	6	17
360792	360927	136	15.40	16	23
361249	361518	270	7.56	6	12
363364	363371	8	1.75	2	2
364539	364780	242	1.93	1	7
365441	365564	124	3.99	4	6
366555	366659	105	0.97	1	1
367944	368181	238	3.14	2	13
369898	370574	677	606.36	172.5	2923
372106	372172	67	105.48	54	436
372247	372289	43	316.56	330.5	403
372363	372669	307	1275.34	1390	2400
375549	375688	140	61.51	57	151
375802	375911	110	10.76	3	328
377662	378245	584	3.86	3	13
378372	378544	173	3.46	3	6
378998	379002	5	1.80	2	3
382554	382555	2	0.50	1	1
383552	383884	333	1.71	2	4
385145	385319	175	1.82	2	4
386265	386361	97	3.06	1	30
387250	387683	434	5.84	2	53
388782	388802	21	31.52	32	37
388992	389264	273	19.92	20	33
390210	390472	263	2.58	2	6
392237	392330	94	1.62	1	3
392577	392609	33	7.64	8	9
393218	393236	19	5.63	6	7
393807	394001	195	2.07	2	3
394788	395030	243	20.17	8	56
396231	396691	461	6.39	4	18
398234	398398	165	8.52	8	14
399863	399953	91	9.26	9	14
401235	401366	132	4.34	2	14
402957	403195	239	3.30	2	7
403739	403786	48	0.98	1	1
404303	404354	52	1.52	2	2
405243	405745	503	0.94	1	2
405899	405911	13	0.92	1	1
406272	406308	37	1.19	1	2
407720	408326	607	1.75	2	4
409161	409380	220	0.99	1	6
410437	410565	129	3.20	4	5
410845	410863	19	10.74	12	14
411908	412365	458	4.40	4	12
413428	413832	405	7.55	7	25
414127	414632	506	10.12	10	17
415641	415823	183	11.97	4	33
416673	416707	35	0.83	1	1
417920	417968	49	0.96	1	1
421152	421165	14	2.57	3	3
422696	422905	210	1.64	2	9
423791	424226	436	5.80	5	18
425424	425580	157	3.14	3	6
426337	426632	296	2.07	2	3
428301	428344	44	5.45	6	7
429071	429110	40	1.45	1	2
430368	430389	22	0.95	1	1
431194	431268	75	1.80	2	3
432325	432470	146	1.05	1	5
433398	433705	308	2.23	1	7
434696	434789	94	0.38	0	1
436053	436054	2	0.50	1	1
437474	437570	97	1.23	1	2
437967	438458	492	0.74	1	2
439818	440084	267	1.30	1	3
441660	442071	412	1.55	1	4
442327	442538	212	1.66	1	5
443454	443678	225	1.41	1	4
445224	445344	121	4.30	4	7
445906	446291	386	1.73	1	4
446724	446822	99	3.02	3	5
448116	448568	453	1.81	2	5
449709	450052	344	0.55	1	1
451016	451017	2	0.50	1	1
453700	453806	107	2.12	2	3
454578	454842	265	6.49	6	12
455101	455299	199	2.91	1	18
457190	457465	276	0.51	0	3
458767	458847	81	6.67	7	8
460213	460311	99	1.80	1	7
461422	461681	260	1.05	1	2
462762	462783	22	1.64	2	2
465654	465802	149	8.89	9	15
467105	467185	81	7.62	8	11
467732	468307	576	628.69	188	2887
469839	469905	67	102.57	49.5	393
469980	470022	43	315.21	322.5	400
470096	470402	307	1568.49	1580	3478
473281	473420	140	65.61	62	154
473534	473804	271	10.79	5	306
474045	474242	198	9.67	9	20
475665	475749	85	10.09	10	13
476473	476681	209	1.64	2	3
478260	478498	239	0.78	1	2
479384	479578	195	0.86	1	2
480944	481241	298	7.29	6	20
482286	482588	303	16.74	15	40
483741	483807	67	6.78	6	15
485047	485118	72	4.85	5	7
486034	486059	26	4.65	5	6
486909	486948	40	4.95	5	7
488911	488917	7	1.29	1.5	2
490172	490240	69	1.12	1	4
491393	491886	494	1.38	1	4
492841	492996	156	10.53	13	21
493909	493981	73	1.10	1	3
494444	494670	227	2.95	1	8
495298	495831	534	7.09	5	27
497410	497576	167	5.70	5	12
499251	499472	222	6.39	5	14
500643	500925	283	2.51	1.5	9
501547	501577	31	16.32	17	18
502439	502500	62	2.95	3	4
503362	503481	120	5.62	5	8
503674	503886	213	2.40	1	10
504646	504912	267	3.03	3	6
506701	506741	41	13.27	14	15
507429	507719	291	1.38	1	16
509241	509860	620	1.94	2	5
511166	511197	32	1.50	2	2
513616	513640	25	2.24	2	4
514826	515005	180	2.58	2	5
516812	516976	165	0.55	0	2
518945	519349	405	2.32	2	7
521087	521337	251	3.26	3	5
522252	522267	16	1.62	2	2
522823	522843	21	4.57	5	5
523186	523941	756	3.38	2	12
524881	524965	85	40.00	36	64
526001	526043	43	28.14	31	35
528829	528876	48	19.35	22	42
529681	530033	353	1.44	1	4
531777	532001	225	3.67	3	8
533517	534199	683	2.19	2	5
535280	535401	122	1.84	2	4
540037	540126	90	5.08	5	8
541093	541533	441	2.81	2	7
541666	542026	361	1.89	2	5
543947	544114	168	1.70	2	3
544322	545581	1260	3.06	3	9
547163	547653	491	1.63	1	7
549067	549187	121	10.26	8	27
549527	549608	82	10.67	1	39
550512	550685	174	13.14	13	24
550914	551086	173	13.80	14	21
552227	552417	191	12.08	9.5	27
553462	554208	747	11.39	9	33
554860	554910	51	8.29	8	14
555436	555489	54	5.13	5	8
556639	556664	26	15.27	16	19
564029	564046	18	3.22	3	5
566183	566232	50	12.32	12	19
567468	567493	26	9.77	10	13
568130	568239	110	17.05	17	25
570202	570936	735	2.23	2	7
571291	571483	193	2.76	3	4
571697	572028	332	2.16	2	4
572680	573479	800	2.66	2	7
575533	575643	111	0.79	1	1
576646	576774	129	0.09	0	1
577723	577760	38	1.95	2	2
578448	578668	221	1.40	1	3
578909	579102	194	14.30	10	36
580768	580783	16	11.50	11	16
581804	581895	92	4.76	5	8
582865	582929	65	3.02	3	4
583704	583777	74	1.62	2	2
584132	584227	96	4.26	4	7
586156	586190	35	3.86	4	6
587079	587128	50	4.78	5	6
587831	588049	219	3.12	3	8
588572	588639	68	2.15	1	9
590923	591072	150	0.53	0	2
591979	592187	209	2.48	2	10
593943	594261	319	5.61	4	15
594967	595385	419	11.60	11	23
596511	596678	168	3.90	3	7
598152	598170	19	0.95	1	1
599413	599438	26	1.12	1	2
603863	604248	386	2.12	2	5
604417	604574	158	3.25	3	5
605148	605607	460	0.82	1	2
606565	606663	99	1.52	1	3
607915	607972	58	1.34	1	2
609164	610188	1025	7.90	5	27
610876	610973	98	6.46	6	15
612357	612503	147	10.02	8	32
612798	612953	156	13.09	10	44
613869	614485	617	2.38	1	12
617423	617875	453	0.39	0	1
618851	619116	266	0.94	1	2
619750	619890	141	0.25	0	1
621766	621828	63	1.32	1	2
622234	622310	77	2.29	3	3
622971	623087	117	0.46	0	1
623358	623404	47	1.11	1.5	2
625156	625186	31	1.29	1	2
626612	626638	27	2.37	3	3
626972	627018	47	2.74	3	3
629887	631587	1701	6.92	6	22
633223	633473	251	5.92	6	9
634643	634930	288	2.71	2	17
635759	636100	342	11.78	10	26
637112	637345	234	2.43	2	9
639349	639394	46	0.00	0	0
639710	640300	591	2.48	1	9
641231	641714	484	4.89	5	12
642066	642412	347	16.69	11	39
643364	643381	18	4.39	5	5
643973	645196	1224	1.35	1	3
647162	647227	66	2.20	2	4
648632	648833	202	2.03	1	9
649656	649936	281	2.58	2	8
650450	651170	721	0.86	1	2
651393	651913	521	1.53	1	5
652922	653318	397	10.09	2	49
653658	654987	1330	4.65	2	43
656929	657396	468	6.01	6	17
659254	659256	3	16.33	24.5	25
660130	660286	157	22.78	26.5	47
660713	660721	9	10.11	11	17
661229	661402	174	8.95	5	21
661724	661989	266	8.64	9	14
662608	662787	180	4.61	4	12
663442	663668	227	2.94	2	8
664638	664886	249	3.79	3	11
665859	666004	146	5.59	5	9
667913	668406	494	1.56	1	5
669475	669825	351	1.82	1	8
671260	671426	167	2.58	2	7
672189	672209	21	3.19	3	4
673164	673447	284	2.41	1	7
673907	674428	522	1.27	1	2
676124	676151	28	11.61	13	14
677619	677638	20	2.85	3	3
678242	679159	918	10.13	5	62
680048	680192	145	3.23	3	10
683228	683324	97	8.34	8.5	12
685817	685823	7	7.71	9	10
687012	687562	551	2.89	2	7
688613	689228	616	22.01	8	62
690144	690159	16	94.75	100	115
690922	690945	24	47.17	49	59
692522	692554	33	40.85	41	47
693440	693540	101	29.20	30	45
694726	694741	16	10.69	11	12
696023	696180	158	6.79	7	10
696394	696407	14	3.36	3	6
697602	697739	138	1.90	1	6
699015	699071	57	3.47	3	5
700095	700623	529	2.66	1	35
701593	701725	133	0.73	1	2
702266	702316	51	0.98	1	1
704378	704382	5	0.80	1	1
706306	706312	7	0.86	1	1
708268	708322	55	1.29	1	3
709562	709582	21	1.90	2	2
710726	710881	156	1.26	1	2
711743	711915	173	2.20	1	23
713566	714134	569	3.81	3	13
715011	715473	463	2.51	2	10
716246	716394	149	0.86	0.5	3
716971	717235	265	2.06	2	5
719597	719604	8	3.62	4	5
722008	722611	604	4.75	5	9
722870	722874	5	3.80	5	5
727766	727914	149	5.11	5	7
730206	730373	168	6.35	6	11
731066	731099	34	16.41	16	22
731915	731938	24	4.12	3	10
732391	732392	2	1.50	3	3
732753	732771	19	2.32	2	3
732994	733314	321	1.00	1	1
734458	734548	91	3.45	3	7
735491	735582	92	25.92	27	37
735871	736223	353	4.77	1	33
737166	737246	81	1.58	1	3
738174	738254	81	0.80	1	1
739733	739830	98	10.04	12	17
740002	740456	455	67.18	53	256
740760	741209	450	31.61	5	355
741498	741854	357	30.11	3	185
743124	743234	111	3.78	3	7
743544	743613	70	3.94	4	7
745597	746037	441	10.44	1	41
746323	746338	16	17.94	15	31
746948	747045	98	8.13	8	12
748345	749219	875	3.81	1	30
749514	749687	174	2.55	3	5
750780	750906	127	31.31	24	80
752044	752131	88	25.25	26	37
753824	753909	86	12.67	10	22
755437	755461	25	41.80	47.5	55
758343	758926	584	4.76	4	30
759359	759493	135	17.65	18	25
760322	760652	331	9.52	9	19
761091	761129	39	14.82	15	20
762648	762721	74	23.54	26	30
766948	766989	42	16.50	18	21
767563	767660	98	3.17	1	23
768564	769151	588	412.82	3	2334
769887	769890	4	1040.25	1383	1396
772335	772444	110	275.25	296	448
773423	773424	2	128.00	256	256
774577	774697	121	97.78	86.5	177
774992	775086	95	23.46	22	34
775186	775857	672	5.77	5	20
777001	777385	385	1.50	1	12
778201	778277	77	17.26	19	25
779721	779860	140	0.61	1	1
780290	780715	426	2.72	2	9
781793	781904	112	2.23	2	4
782730	783150	421	2.06	1	21
783622	783677	56	2.82	3	5
785835	785855	21	8.33	8	12
786687	786760	74	4.62	5	8
788231	788270	40	4.45	4	7
789036	789249	214	0.31	0	6
789625	789732	108	1.54	1	14
789997	791117	1121	4.79	4	14
792206	792276	71	2.03	2	3
792894	793196	303	8.79	8	19
798550	798641	92	22.02	24	32
798978	799040	63	18.62	17	25
799827	799890	64	7.09	6	11
800014	800421	408	5.30	5	11
800875	801685	811	1.34	1	8
802433	802435	3	5.33	8	8
803477	803480	4	8.25	11	11
805412	805431	20	9.40	10	12
807290	807318	29	3.66	3	5
808294	808311	18	2.78	2	4
808885	809115	231	4.88	5	9
809365	809423	59	1.78	2	3
809586	810085	500	0.99	1	3
810863	810919	57	4.35	5	5
811376	811851	476	7.75	6	41
812592	812693	102	9.00	9	13
812928	813028	101	2.57	3	6
814190	814243	54	21.41	24	36
814937	814957	21	183.14	201	216
816032	816042	11	111.64	123	127
816772	816786	15	89.87	99	107
817468	817473	6	35.67	43	43
817864	818412	549	22.25	27	46
818887	819000	114	3.74	4	6
820021	820218	198	7.94	8	13
820441	821688	1248	4.08	4	14
822541	822603	63	17.03	17	23
823390	823397	8	20.62	24	27
824550	824757	208	34.63	34	55
825127	826513	1387	15.28	7	95
826760	826821	62	4.63	5	7
827824	828154	331	3.45	2	18
829715	829876	162	8.10	8	12
830057	830256	200	3.38	2	10
831196	831385	190	10.19	7	24
832019	832246	228	8.04	5	19
833417	833644	228	2.87	2	9
835031	835605	575	3.83	2	15
836806	837261	456	1.62	1	19
838425	838720	296	0.36	0	1
839216	839421	206	0.75	1	1
839737	839788	52	1.17	1	2
840494	840517	24	1.29	1	2
840854	840871	18	2.33	2	3
841751	841876	126	2.79	1	13
843038	843067	30	40.30	41	48
843356	843402	47	74.77	74.5	111
844339	844426	88	37.35	37	69
847333	847717	385	1.15	1	5
848255	848309	55	1.04	1	2
850563	850933	371	1.17	1	3
852953	853580	628	1.09	1	3
855381	855870	490	2.54	2	13
856267	856377	111	5.44	1	65
857680	857768	89	0.82	1	1
858153	858306	154	5.71	6	8
864217	864577	361	5.78	5	18
866057	866383	327	2.24	1	14
872551	874170	1620	9.86	6	34
875140	878997	3858	3.56	3	19
884157	884184	28	0.96	1	1
886403	886445	43	0.72	1	1
886914	886919	6	0.00	0	0
887316	887356	41	1.15	1	2
887909	887910	2	0.00	0	0
891612	891620	9	0.89	1	1
895082	895418	337	0.87	1	3
897267	897276	10	0.90	1	1
897652	897717	66	1.26	1	2
898273	898307	35	0.86	1	2
900486	901519	1034	0.95	1	7
904820	905062	243	7.36	6	15
907229	907383	155	10.88	6.5	33
907795	908187	393	5.16	4	15
909334	909601	268	39.32	33	92
910628	910901	274	47.81	2	208
912159	912542	384	4.69	3	24
914418	916316	1899	23.99	14	141
916635	918027	1393	67.96	51	319
918547	918846	300	13.56	3	47
920455	921269	815	9.31	5	50
921582	921998	417	9.21	8	34
922857	923049	193	4.48	4	9
924532	924689	158	3.22	3	5
925524	925722	199	0.86	1	4
926065	926195	131	0.81	1	1
927666	927826	161	1.04	1	2
929426	929593	168	7.27	7	11
929650	929897	248	2.23	2	8
930807	931056	250	4.64	3	13
931720	931818	99	13.02	4	47
933226	933432	207	66.72	52.5	204
933760	934050	291	15.45	7	71
934360	934459	100	45.24	36	105
935237	935552	316	6.24	2	25
936087	936550	464	12.81	6	73
937625	937626	2	40.50	81	81
938683	938991	309	4.02	4	8
940396	940522	127	2.69	3	5
941000	941194	195	11.75	10	24
941993	942106	114	3.70	3	6
942629	942748	120	2.26	2	4
943649	944183	535	3.71	3	8
944913	944916	4	4.50	6	6
945988	946220	233	1.28	1	5
946752	946943	192	1.13	1	2
948204	948209	6	1.67	2	2
948993	949010	18	0.00	0	0
951406	951490	85	2.18	2	4
953031	953058	28	1.57	2	2
953413	953507	95	0.93	1	2
957337	957364	28	2.96	3	4
960018	960064	47	1.60	2	3
960734	960750	17	1.18	1	2
961924	962854	931	1.53	1	4
963458	963616	159	0.68	1	1
963946	964073	128	0.56	0	4
964851	965174	324	4.56	3	12
969095	969113	19	5.32	6	7
970071	970208	138	3.72	4	5
979587	979649	63	17.25	17	22
980436	980521	86	4.91	4	18
985809	985910	102	2.82	3	4
986262	986263	2	1.50	3	3
986717	986892	176	3.39	3	9
989080	989084	5	30.40	38	38
989307	989578	272	7.50	2	28
989813	989875	63	1.13	1	2
992627	992631	5	12.60	16	16
993007	993267	261	5.25	5	9
993667	993864	198	21.53	9	134
996580	996630	51	71.55	68	119
998080	998152	73	88.45	79.5	124
998672	998921	250	21.06	6	78
999942	1000117	176	17.67	5	159
1001099	1001388	290	41.40	9	356
1002217	1002409	193	28.64	24	165
1002824	1002830	7	266.29	312	316
1003197	1003203	7	130.14	157.5	158
1004977	1005000	24	247.38	242	322
1005700	1005713	14	125.64	139	143
1005984	1006039	56	165.50	165	399
1007342	1007499	158	42.41	14	158
1007887	1008571	685	5.72	4	16
1009379	1009456	78	4.65	4	7
1010552	1010716	165	1.15	1	2
1011344	1011587	244	3.37	1	29
1012995	1013002	8	16.12	19	20
1013144	1013219	76	10.09	9	15
1013868	1013956	89	17.87	19	31
1015022	1015105	84	6.55	6	11
1015322	1015338	17	53.76	57.5	61
1016458	1016775	318	7.92	6	36
1019308	1019309	2	4.50	9	9
1020138	1020184	47	5.53	6	8
1020872	1020930	59	27.34	27	44
1022122	1022131	10	25.50	28	31
1022978	1023040	63	9.44	10	14
1023851	1023948	98	24.53	25	39
1024819	1024934	116	13.01	5	42
1026243	1026268	26	52.42	55	57
1027115	1027123	9	34.44	38.5	40
1027616	1027664	49	26.86	28	36
1029195	1029443	249	37.43	33.5	74
1030632	1030930	299	7.97	8	12
1033048	1033583	536	1.18	1	3
1035795	1035845	51	0.80	1	1
1039727	1040094	368	0.90	1	2
1041259	1041508	250	0.62	1	4
1041647	1041734	88	2.66	2	7
1042620	1043101	482	41.38	2	684
1043543	1043775	233	73.27	28	837
1044934	1045306	373	46.57	6	716
1046210	1046574	365	1.01	0	7
1047598	1047874	277	7.07	6.5	24
1050941	1050955	15	11.73	13	14
1052509	1052876	368	8.59	3	29
1053810	1053825	16	14.62	16	16
1057194	1057224	31	5.42	5	8
1057318	1057399	82	7.07	7	10
1057850	1057976	127	6.29	7	10
1059021	1059071	51	19.65	22	25
1059426	1059547	122	18.66	19	25
1060592	1060728	137	10.66	10	20
1060936	1061008	73	10.84	12	18
1061786	1061794	9	2.11	2	3
1062056	1062366	311	0.96	1	2
1063210	1063326	117	1.49	1	11
1064113	1064175	63	18.14	18	24
1065322	1065410	89	0.66	1	1
1068045	1068053	9	2.67	3	3
1068366	1068378	13	6.08	6.5	8
1069165	1069386	222	9.62	7	25
1070164	1071259	1096	4.52	4	12
1073167	1073470	304	2.59	2	6
1073627	1073654	28	1.00	1	2
1074711	1074830	120	5.93	6	9
1075788	1075829	42	4.43	4	7
1077162	1077208	47	5.38	7	10
1078136	1078359	224	22.60	16	62
1079176	1079222	47	35.23	37	45
1079783	1080653	871	9.31	6	26
1081806	1082559	754	5.70	4	20
1083463	1083529	67	0.85	1	1
1084883	1084932	50	0.94	1	1
1085791	1086406	616	1.39	1	6
1087796	1088760	965	1.30	1	5
1089913	1090009	97	0.91	1	2
1091900	1092201	302	0.65	1	4
1093390	1094944	1555	2.85	2	14
1118363	1118637	275	0.35	0	3
1119952	1120053	102	1.08	1	2
1121629	1121984	356	1.88	1	7
1122447	1122649	203	0.00	0	0
1125736	1125748	13	1.46	2	2
1126661	1127132	472	0.97	0	23
1127607	1128224	618	1.92	1	9
1128834	1128929	96	5.34	5	7
1132288	1132291	4	4.50	6	6
1132832	1132835	4	3.00	4	4
1133400	1133831	432	3.50	2	15
1134564	1134620	57	2.00	2	3
1136148	1136361	214	1.75	1	4
1137328	1137351	24	3.42	3	5
1138291	1138652	362	0.62	0	3
1140353	1140603	251	2.57	1	10
1141399	1141855	457	5.65	2	16
1142633	1143055	423	1.68	2	4
1144337	1144388	52	2.06	2	3
1144884	1144909	26	5.38	6	6
1147459	1147504	46	3.39	4	4
1148711	1148750	40	1.48	2	2
1149387	1149415	29	2.90	3	3
1151293	1151376	84	2.00	2	3
1152784	1152898	115	1.77	2	3
1154152	1154363	212	0.47	0	1
1154511	1154752	242	1.40	1	4
1154984	1155119	136	1.31	1	3
1155579	1155865	287	0.98	1	2
1156274	1156718	445	6.60	0	57
1157613	1157799	187	15.48	15	29
1159591	1159728	138	1.26	1	3
1162989	1163038	50	1.50	2	2
1163210	1163218	9	1.78	2	2
1164101	1164366	266	3.75	4	9
1164979	1165325	347	9.66	7	26
1166817	1166938	122	3.54	4	5
1167743	1167976	234	3.95	4	6
1168631	1168641	11	6.73	7	8
1169416	1169454	39	2.05	2	3
1170781	1171104	324	2.88	3	5
1171567	1171996	430	2.47	2	7
1172801	1172938	138	5.66	6	8
1173857	1173964	108	1.47	2	3
1175302	1175305	4	0.75	1	1
1176976	1176985	10	3.70	4	5
1177817	1178015	199	0.56	1	1
1179000	1179182	183	7.42	7	11
1179606	1179609	4	7.25	10	10
1180371	1180532	162	3.20	1	20
1182252	1182766	515	3.57	4	7
1184327	1184976	650	3.59	3	7
1187242	1188244	1003	3.75	2	41
1188563	1188963	401	8.10	2	47
1189432	1189713	282	2.38	2	5
1190611	1190663	53	3.75	3	12
1191153	1191258	106	4.26	4	11
1192006	1192240	235	2.97	1	14
1193087	1193669	583	4.21	1	19
1193895	1193900	6	6.67	8	8
1195802	1195808	7	0.29	0	1
1206873	1206972	100	0.81	1	3
1212595	1212676	82	12.84	18	25
1213469	1213503	35	4.63	5	6
1214470	1214476	7	5.57	6	8
1216487	1216997	511	3.34	1	21
1219170	1219743	574	2.44	1	22
1221178	1221274	97	1.92	2	3
1222331	1222420	90	2.40	3	4
1230902	1230912	11	1.36	1.5	2
1238884	1239011	128	189.36	163	311
1239441	1240385	945	23.10	4	407
1242961	1242969	9	20.11	23.5	26
1244380	1244432	53	14.79	15	20
1260112	1260113	2	16.50	33	33
1263369	1263432	64	18.97	17	31
1264846	1264877	32	28.25	33	35
1267244	1267384	141	39.30	38	87
1267601	1268633	1033	23.68	6	122
1270286	1270423	138	0.00	0	0
1271234	1271627	394	0.16	0	1
1271868	1271888	21	0.67	1	1
1273212	1273255	44	0.75	1	1
1275788	1275829	42	0.98	1	1
1276193	1276279	87	1.28	1	2
1280489	1280987	499	12.29	14	32
1282500	1282588	89	30.35	36	49
1283135	1283229	95	13.31	11	26
1284840	1285479	640	2.00	1	7
1286572	1287019	448	4.26	4	9
1287287	1287623	337	2.00	2	8
1289376	1289469	94	5.04	5	9
1290115	1290398	284	1.38	1	3
1290840	1291064	225	0.94	1	2
1293840	1294029	190	1.18	1	3
1295296	1295301	6	3.33	4	5
1298797	1299348	552	1.57	1	5
1301059	1301144	86	5.07	6	9
1303001	1303088	88	4.66	2	14
1304247	1304269	23	7.26	7	10
1307411	1307417	7	7.14	8	9
1308879	1309221	343	5.90	6	10
1311289	1311476	188	1.68	2	3
1312467	1312625	159	5.57	3	15
1313403	1313406	4	1.50	2	2
1313896	1314473	578	3.98	3	10
1315860	1316143	284	0.98	1	3
1317614	1317713	100	1.48	1	3
1318203	1318299	97	2.62	2	4
1319689	1319853	165	0.66	1	2
1320778	1320791	14	0.93	1	1
1321650	1321682	33	1.36	1	2
1321833	1321984	152	0.63	1	1
1322651	1322758	108	0.52	0	2
1323059	1323152	94	1.10	1	3
1324737	1324788	52	1.23	1	2
1325740	1325772	33	0.00	0	0
1326724	1326725	2	0.50	1	1
1328571	1328687	117	1.55	2	3
1329981	1330007	27	0.96	1	1
1330437	1330558	122	0.88	1	2
1331291	1331296	6	1.67	2	2
1332620	1332734	115	0.92	1	2
1335464	1335484	21	4.57	5	5
1336721	1336799	79	1.30	1	2
1337475	1337739	265	1.48	1	5
1338658	1338807	150	1.37	1	2
1339936	1340202	267	1.64	1	4
1342084	1342194	111	3.59	4	5
1343644	1343685	42	6.57	6	8
1344511	1344754	244	2.53	2	8
1345280	1345331	52	1.56	2	2
1347063	1347084	22	1.73	1	3
1348225	1348310	86	1.35	1	2
1349556	1350347	792	1.90	1	12
1351853	1352001	149	1.57	1	4
1352464	1352779	316	7.28	6	19
1355156	1355189	34	4.15	4	7
1355940	1355965	26	9.31	10	13
1356698	1356714	17	6.41	6	9
1358904	1358987	84	9.94	13	18
1360209	1360255	47	3.21	3	4
1361612	1361617	6	1.67	2	2
1363100	1363104	5	2.20	3	3
1363567	1363585	19	1.89	2	2
1364606	1365080	475	0.94	1	2
1365915	1365935	21	2.10	2	3
1367109	1367280	172	3.09	3	6
1370816	1370864	49	1.47	1.5	2
1371294	1371845	552	2.04	2	4
1373880	1374166	287	1.51	1	6
1375490	1375678	189	5.92	6	13
1376030	1376307	278	4.40	2	14
1377289	1377398	110	5.95	5	15
1378215	1378244	30	6.17	6	8
1378341	1378588	248	7.96	7	15
1380011	1380145	135	25.01	25	39
1380287	1380561	275	11.09	10	27
1381585	1382280	696	14.73	6	113
1385332	1385926	595	12.35	12	19
1388253	1388417	165	13.20	13	21
1388754	1388806	53	8.51	8	13
1389590	1389699	110	3.75	4	7
1390333	1390727	395	1.58	1	5
1391883	1392302	420	0.82	1	2
1393191	1393583	393	6.65	6	16
1394139	1394289	151	3.17	3	5
1397220	1397234	15	3.73	4	4
1403380	1403441	62	7.45	7	10
1404644	1404746	103	12.78	12	23
1404921	1404932	12	17.00	20	21
1405182	1405235	54	13.63	12	22
1408826	1408879	54	2.06	2	3
1409831	1409840	10	2.00	2	3
1412199	1412298	100	2.28	2	4
1413829	1413873	45	5.24	5	6
1414384	1414881	498	1.39	1	6
1418765	1418864	100	11.21	9	26
1419348	1419487	140	9.74	5	22
1422194	1422209	16	0.94	1	1
1422636	1422881	246	18.85	1	123
1423386	1423465	80	20.54	21	25
1424813	1425482	670	2.02	1	8
1427604	1427617	14	13.93	15	15
1428635	1428641	7	1.71	2	2
1429515	1429609	95	0.65	1	1
1430699	1430739	41	2.00	2	4
1432035	1432341	307	2.34	2	5
1433566	1433594	29	8.52	9	10
1434204	1434240	37	5.08	5	7
1436506	1436715	210	0.90	1	4
1437565	1437583	19	8.21	9	9
1438880	1439365	486	25.22	27	44
1441391	1441498	108	50.31	54	81
1442294	1442306	13	121.00	132	138
1443912	1443935	24	81.46	90	100
1445112	1445345	234	25.05	3	106
1446072	1446104	33	5.09	5	6
1446743	1446746	4	3.00	4	4
1447170	1447858	689	2.79	2	13
1449233	1449301	69	3.22	3	7
1450087	1450148	62	1.63	2	2
1451945	1452055	111	0.47	0	1
1453109	1453257	149	0.12	0	1
1454173	1454318	146	1.43	1	2
1455140	1455166	27	2.19	2	3
1460231	1460320	90	2.93	3	5
1461074	1461186	113	1.52	2	2
1462360	1462452	93	0.99	1	2
1463512	1463539	28	2.46	3	3
1466044	1466055	12	2.42	3	3
1467799	1467971	173	2.36	2	6
1468404	1469413	1010	2.51	2	12
1470833	1471075	243	11.57	11	21
1471418	1471467	50	49.26	49	68
1472500	1472560	61	36.26	35.5	74
1473203	1473415	213	12.50	10	34
1474541	1474972	432	3.62	3	9
1476275	1476319	45	4.69	3	8
1477088	1477175	88	4.18	5	7
1478544	1478561	18	8.94	9	13
1480134	1480140	7	8.57	10	10
1482806	1482907	102	34.60	35	45
1483457	1483509	53	22.02	23	29
1490657	1491262	606	9.45	8	23
1492208	1492412	205	22.50	6	92
1494225	1494228	4	12.50	16	18
1494727	1494773	47	12.53	14	16
1495644	1496177	534	7.86	8	15
1497177	1497289	113	4.68	3	20
1498415	1498553	139	1.45	1.5	3
1499697	1499733	37	0.97	1	1
1501042	1501164	123	4.59	5	7
1502746	1503153	408	2.96	2	8
1503721	1505032	1312	8.04	3	63
1505798	1505904	107	24.78	17.5	50
1507441	1507654	214	3.50	3	6
1507811	1508022	212	1.72	1	3
1508929	1509177	249	0.40	0	1
1510096	1510211	116	0.47	0	1
1510536	1510625	90	1.10	1	2
1512189	1512780	592	1.37	1	10
1514338	1515413	1076	1.58	1	4
1517397	1518575	1179	2.04	2	4
1520295	1520701	407	3.51	4	8
1524950	1525384	435	1.37	1	5
1526660	1526768	109	2.24	2	4
1530800	1531036	237	1.14	1	2
1532015	1532032	18	7.06	8	9
1532804	1532942	139	2.96	2	13
1533741	1533829	89	2.45	2	4
1535525	1535688	164	0.75	1	1
1538406	1538557	152	7.22	5	18
1539047	1539158	112	2.69	2	5
1540830	1541371	542	11.16	11	22
1542890	1542950	61	5.92	6	10
1543938	1544042	105	1.35	1	3
1544745	1544749	5	4.00	5	5
1545338	1545456	119	3.61	4	6
1545595	1545801	207	6.87	7	10
1546783	1546793	11	1.82	2	2
1548087	1548091	5	4.80	6	6
1548467	1548806	340	23.22	3	86
1549045	1549338	294	1.63	2	4
1549501	1549643	143	7.02	6.5	12
1549880	1549948	69	10.88	12	13
1551113	1551330	218	2.09	1	18
1551658	1551809	152	2.77	2	11
1553424	1553474	51	0.80	1	2
1554585	1554650	66	3.39	4	5
1555872	1556352	481	0.52	0	3
1558938	1558972	35	1.11	1	2
1561782	1561894	113	0.60	0	2
1564412	1564555	144	2.99	3	6
1565543	1565549	7	2.71	3	4
1566057	1566221	165	0.98	1	3
1567173	1567409	237	2.41	2	10
1568121	1568308	188	2.16	2	5
1569170	1569199	30	15.30	15	24
1569866	1570158	293	6.48	5	18
1571242	1571310	69	4.07	4	6
1572265	1572566	302	3.53	3	10
1573737	1573755	19	8.79	9	11
1574254	1574288	35	3.57	4	4
1576083	1576614	532	12.56	6	95
1576966	1577395	430	12.05	9	39
1578692	1578818	127	10.90	10	22
1579926	1580398	473	7.34	5	26
1588876	1589512	637	6.27	6	14
1591682	1592706	1025	5.82	3	30
1592995	1593538	544	11.47	3	55
1595336	1595625	290	2.51	1	28
1596442	1596533	92	10.41	8	25
1598253	1598513	261	9.58	4	35
1599534	1600144	611	4.33	3	12
1603093	1603195	103	83.48	68	157
1603469	1603731	263	30.54	12	284
1604119	1604228	110	22.52	22	37
1605429	1605470	42	40.00	41	46
1606857	1607697	841	3.72	3	11
1609423	1609523	101	1.32	1	2
1610946	1611277	332	3.01	3	13
1611881	1612167	287	8.82	9	16
1612525	1612592	68	10.10	10	18
1613208	1613314	107	7.67	8	10
1623930	1623936	7	17.43	21	21
1625389	1625407	19	1.89	2	2
1627520	1627615	96	1.11	1	2
1628651	1628917	267	10.06	9	25
1631429	1632058	630	13.89	9	56
1633064	1633070	7	0.86	1	1
1634466	1635107	642	1.54	2	6
1635948	1635987	40	1.07	1	2
1637269	1637666	398	4.86	5	9
1637874	1637879	6	8.33	9	12
1639155	1639400	246	6.07	2	45
1639698	1639710	13	0.92	1	1
1640734	1642689	1956	1.25	1	4
1643430	1643468	39	4.67	5.5	7
1644671	1644769	99	4.44	3	14
1644870	1644921	52	1.71	2	2
1645099	1645103	5	0.80	1	1
1646187	1646693	507	1.75	1	7
1647156	1648221	1066	2.65	2	6
1648633	1648670	38	2.63	3	4
1650432	1652556	2125	1.40	1	8
1669206	1669269	64	1.08	1	2
1671809	1671840	32	1.22	1	2
1676442	1676589	148	1.79	1	11
1677151	1677219	69	4.67	3	13
1678717	1678834	118	16.97	17	24
1679345	1679349	5	7.20	9	10
1679638	1679730	93	9.98	9	16
1679830	1679841	12	5.08	5	8
1680994	1681581	588	1.10	1	3
1681879	1681890	12	4.58	5	5
1682806	1683066	261	2.40	3	4
1683847	1683871	25	2.64	3	3
1684112	1684118	7	3.43	4	4
1687431	1687654	224	0.95	1	2
1689002	1689232	231	1.29	1	3
1689857	1689934	78	0.65	0	3
1691075	1691093	19	6.42	6	8
1692129	1692490	362	5.71	5	13
1692986	1693068	83	40.17	38	68
1693842	1693873	32	14.34	11	42
1694261	1694671	411	47.70	47	76
1699352	1699668	317	30.93	29.5	80
1699771	1699824	54	16.94	18	20
1700869	1701031	163	7.91	8	15
1701754	1701854	101	5.64	5	9
1703700	1704219	520	2.25	1	17
1704787	1704806	20	2.65	3	3
1706049	1707265	1217	3.67	2	23
1708052	1708178	127	4.32	4	9
1708497	1708570	74	2.34	2	4
1708766	1708849	84	2.67	2	5
1709108	1709629	522	22.20	9	96
1711037	1711430	394	24.26	22	57
1712655	1714026	1372	5.04	4	35
1715422	1715482	61	1.89	2	4
1716527	1716585	59	2.17	1.5	5
1718482	1718735	254	9.62	7	30
1719522	1719533	12	7.08	8	8
1720446	1720751	306	4.70	4	12
1721487	1721506	20	16.70	18	21
1722659	1723507	849	2.79	1	28
1725987	1726036	50	14.72	15	20
1729632	1729633	2	19.00	38	38
1730699	1730944	246	5.70	5	21
1732013	1732190	178	5.44	5	11
1732944	1733320	377	7.75	5	31
1734254	1734370	117	8.15	6	19
1734989	1735103	115	6.84	7	12
1735635	1735911	277	1.47	2	3
1736500	1736501	2	2.00	4	4
1737675	1737723	49	0.98	1	2
1738249	1738344	96	6.50	5	16
1743448	1743602	155	3.07	3	7
1747068	1747356	289	2.90	3	8
1748305	1748317	13	8.38	9	10
1749257	1749353	97	6.06	5.5	9
1750767	1751430	664	2.88	2	12
1751923	1751952	30	18.53	19	20
1752670	1753281	612	19.97	2	837
1753843	1753963	121	132.22	79.5	623
1755554	1756046	493	5.71	3	42
1756950	1756986	37	4.57	5	9
1757356	1757534	179	2.32	2	6
1758603	1758662	60	1.57	2	3
1759434	1759592	159	1.39	1	2
1760676	1760802	127	3.12	2	7
1761316	1761546	231	2.54	2	8
1762897	1762905	9	3.22	3.5	5
1763398	1763485	88	2.33	3	6
1764476	1766087	1612	2.73	2	9
1766880	1767478	599	1.28	1	12
1769210	1769511	302	2.19	2	6
1770178	1770270	93	1.84	2	4
1770493	1770549	57	1.72	1	4
1771561	1771568	8	2.62	3	3
1774058	1774461	404	4.57	4	14
1775389	1775583	195	3.50	3	8
1777419	1777587	169	7.54	7	12
1779916	1780146	231	0.31	0	1
1781053	1781827	775	3.49	3	10
1782534	1782660	127	2.43	2	9
1784248	1784320	73	3.44	3	23
1784858	1785052	195	6.39	1	26
1786670	1786753	84	4.87	5	7
1787864	1787930	67	2.18	2	3
1788858	1788861	4	4.50	6	6
1790571	1790718	148	3.59	2	18
1790971	1790993	23	14.13	15	16
1791864	1792069	206	5.77	6	11
1792958	1793183	226	0.86	1	2
1793793	1793993	201	1.59	1	6
1794255	1794268	14	3.86	4	5
1794377	1794645	269	2.99	3	5
1795543	1795650	108	1.76	2	3
1796398	1796709	312	0.78	1	3
1797862	1798299	438	2.63	2	7
1799404	1799420	17	3.53	4	5
1800585	1800752	168	3.32	3	8
1801986	1802140	155	5.38	4	21
1802903	1803153	251	9.03	6	27
1804087	1804475	389	1.54	1	5
1805814	1805879	66	2.39	2	5
1806903	1807243	341	3.10	3	7
1808003	1808143	141	4.74	6	7
1808942	1808945	4	15.00	20	21
1809882	1809885	4	8.50	11	12
1810675	1812279	1605	4.56	2	21
1813606	1814079	474	3.47	1	15
1814932	1815089	158	1.32	1	7
1816746	1816890	145	2.08	2	5
1818442	1818660	219	1.17	1	4
1819522	1819675	154	12.76	7	33
1820768	1820795	28	8.39	10	11
1822278	1823765	1488	3.50	3	19
1824552	1824795	244	1.76	2	9
1825960	1826335	376	2.02	2	4
1826897	1827573	677	1.86	1	26
1828279	1828541	263	5.07	5	11
1829877	1830064	188	2.14	2	5
1830257	1830419	163	5.15	5	11
1831362	1831643	282	2.85	2	8
1833234	1833254	21	4.67	5	6
1835072	1835094	23	6.70	7	8
1836037	1836218	182	4.59	5	7
1837014	1837344	331	7.07	5	17
1837825	1837870	46	6.07	6	8
1838741	1839035	295	3.78	3	10
1839789	1839925	137	2.07	2	3
1841411	1841793	383	1.94	2	5
1842226	1842363	138	5.72	5	12
1843120	1843237	118	6.19	7	10
1843832	1843984	153	7.62	9	15
1844567	1844839	273	7.58	8	14
1846004	1846543	540	8.53	7	22
1847255	1847345	91	5.37	5	8
1848063	1848140	78	28.44	30	51
1848591	1848864	274	18.66	19	30
1849474	1849525	52	19.83	21	24
1850453	1850586	134	4.10	4	7
1851469	1851678	210	18.10	18	27
1852717	1852859	143	3.45	2	16
1853325	1853412	88	6.30	7	10
1855452	1855640	189	6.02	2	29
1856115	1856123	9	15.56	17	20
1856451	1856749	299	11.66	12	19
1857407	1857557	151	42.43	8	149
1858020	1858325	306	42.64	39	73
1858653	1859083	431	62.11	26	1045
1860167	1861306	1140	177.75	4	3583
1861610	1861688	79	2.78	3	5
1862748	1862934	187	4.85	5	8
1863359	1863565	207	3.95	4	9
1865849	1865988	140	2.22	1	7
1866955	1867074	120	39.98	5	208
1867207	1867448	242	211.41	2	995
1868739	1868900	162	4.46	4	9
1869045	1869309	265	2.27	2	12
1871209	1871322	114	21.03	16	49
1871536	1871558	23	22.48	25	30
1871871	1872041	171	5.24	2	21
1874625	1875258	634	6.65	6	18
1876975	1877099	125	6.03	5	16
1877844	1878060	217	4.42	5	8
1879123	1879125	3	12.33	18.5	19
1880134	1880140	7	9.43	11	12
1880924	1880936	13	20.00	22	22
1883235	1883615	381	12.86	12	30
1883693	1883991	299	1.49	1	6
1886071	1886256	186	9.39	10	17
1886599	1886727	129	15.84	13	44
1887229	1887236	8	7.75	9	9
1887666	1887991	326	5.55	3	19
1889174	1890475	1302	5.00	4	22
1891283	1891328	46	1.91	2	2
1893369	1893704	336	2.84	1	9
1893945	1894190	246	3.59	3	6
1894551	1894693	143	18.20	18.5	27
1895336	1895385	50	54.48	46	94
1895830	1895884	55	108.76	109	130
1896251	1896374	124	15.13	10	44
1896771	1896874	104	12.28	8	35
1898996	1899223	228	5.78	5	9
1900700	1900878	179	5.86	4	17
1901371	1902346	976	5.96	5	21
1904462	1904485	24	11.62	12	15
1905617	1905913	297	3.61	3	10
1907369	1907454	86	2.31	2	5
1907863	1908116	254	1.16	1	4
1908930	1909122	193	2.21	2	5
1909711	1909776	66	0.88	1	3
1911418	1911462	45	6.29	6	11
1911541	1911627	87	10.45	10.5	17
1912561	1912997	437	1.49	1	9
1913220	1913803	584	10.79	5	55
1914068	1914334	267	33.38	33	48
1914536	1914575	40	101.55	98	128
1914720	1915091	372	3.07	2	9
1915374	1915521	148	4.25	4	6
1916413	1916662	250	1.67	2	3
1917557	1917801	245	4.73	4.5	9
1918489	1918501	13	5.69	6	7
1919312	1919444	133	3.56	2	7
1920666	1920723	58	0.95	1	1
1922131	1922234	104	1.45	1	3
1925747	1925828	82	3.66	4	5
1926714	1926840	127	1.49	1	3
1927990	1928586	597	3.01	2	12
1929940	1930143	204	9.00	8	15
1930981	1931120	140	14.54	10	29
1931964	1932276	313	2.93	3	7
1937173	1937278	106	2.19	2	3
1938401	1938485	85	1.93	2	8
1939119	1939143	25	2.80	3	4
1940185	1940209	25	1.32	1	2
1941179	1941386	208	1.10	1	3
1942053	1942193	141	3.89	4	6
1942908	1943019	112	4.49	2	14
1943653	1943711	59	6.44	7	8
1945955	1946322	368	3.98	3	12
1946824	1946872	49	1.04	1	2
1948907	1948952	46	1.17	1	2
1949715	1949835	121	1.49	1	3
1950730	1950828	99	1.70	2	4
1951327	1951629	303	4.46	1	24
1952188	1952228	41	2.71	2	6
1952397	1952420	24	26.83	28	30
1952916	1953386	471	14.51	4	63
1953492	1953555	64	0.58	1	1
1954704	1955048	345	4.21	1	29
1955781	1955826	46	39.80	40	49
1956673	1956716	44	27.20	28	30
1957428	1957518	91	5.45	2	21
1959301	1959888	588	2.00	1	6
1960564	1960578	15	3.73	4	4
1961341	1961373	33	3.33	4	4
1962616	1962904	289	5.27	5	12
1964624	1965686	1063	4.52	2	25
1966134	1966483	350	4.24	1	27
1975608	1975683	76	0.92	1	1
1977979	1978013	35	0.54	1	1
1985263	1985512	250	1.98	1	5
1986326	1986421	96	2.85	3	6
1986857	1987279	423	9.47	6	27
1988989	1989394	406	2.99	2	8
1990631	1990714	84	5.36	5	9
1991545	1991634	90	2.27	2	4
1991812	1992536	725	5.58	3	23
1993323	1993333	11	4.55	5	7
1994026	1994246	221	5.03	4	8
1994379	1994583	205	1.30	1	3
1994968	1995017	50	1.72	2	3
1996253	1996265	13	5.92	6	7
1996983	1997014	32	15.94	16	19
1998059	1998159	101	7.99	8	11
1999414	1999424	11	0.91	1	1
1999611	1999616	6	2.50	3	3
2000139	2000170	32	6.22	7	8
2001725	2001758	34	2.24	2	3
2002559	2002650	92	8.11	8	10
2004267	2004357	91	3.58	4	6
2004448	2004481	34	20.32	21	24
2004555	2004693	139	22.99	20	51
2007109	2007240	132	17.17	18	25
2009125	2009179	55	29.16	30	49
2009624	2009810	187	33.97	34	56
2009976	2010101	126	88.77	93	223
2011317	2011548	232	3.17	2	20
2012587	2012663	77	17.25	17	34
2013468	2013639	172	33.41	32	55
2015542	2015629	88	37.26	35	50
2016802	2017073	272	23.51	4	159
2018178	2018283	106	38.10	8	139
2019151	2019168	18	22.28	24	26
2020042	2020272	231	8.46	5	20
2021641	2021870	230	6.96	6	14
2024622	2024625	4	19.75	26	27
2025391	2025574	184	6.90	5	33
2027723	2028255	533	1.62	1	5
2028493	2029075	583	2.25	1	20
2029837	2029898	62	7.15	6	11
2030880	2030939	60	3.22	3	5
2032175	2032496	322	12.32	11	37
2034485	2034579	95	41.02	46	65
2035366	2035704	339	14.57	14	26
2036749	2036806	58	14.50	15	18
2037839	2037863	25	0.44	0	1
2038667	2038738	72	30.36	25	52
2040260	2040404	145	2.44	2	18
2040801	2040904	104	10.46	10	18
2042698	2042820	123	7.24	6	19
2043271	2043444	174	8.03	9	18
2043862	2044054	193	41.33	29	169
2044229	2044325	97	25.69	5	108
2045358	2045669	312	4.70	4	10
2046363	2046413	51	5.49	5	13
2048217	2048486	270	5.12	4	17
2049414	2049499	86	5.17	5	15
2050286	2050367	82	4.54	5	6
2051706	2051778	73	5.16	4	12
2052682	2052787	106	1.25	1	3
2054298	2054453	156	6.06	6	10
2056116	2056460	345	3.95	1	25
2057211	2057253	43	5.63	6	8
2057638	2057838	201	7.84	7	15
2058511	2058558	48	5.23	3	11
2059213	2059252	40	3.20	3	4
2060371	2060853	483	1.71	1	7
2061772	2062110	339	9.19	8	24
2063331	2063660	330	1.81	1	37
2064000	2064070	71	29.13	30	45
2064839	2065036	198	6.50	6	11
2066201	2066202	2	1.00	2	2
2068890	2068902	13	1.15	1	2
2070037	2070105	69	0.78	1	1
2071054	2071094	41	1.93	2	2
2073315	2073377	63	0.86	1	1
2075036	2075069	34	0.00	0	0
2076504	2076585	82	0.37	0	1
2077960	2078396	437	0.97	1	2
2079969	2080254	286	4.07	2	24
2081323	2083052	1730	11.24	2	635
2083434	2083489	56	501.98	507	588
2084075	2084224	150	30.05	13	282
2085317	2085445	129	6.30	6	12
2085866	2086101	236	11.36	9	38
2088136	2088919	784	1.02	1	2
2090549	2091538	990	5.99	6	19
2092733	2092755	23	16.30	17	20
2093101	2093234	134	28.15	29	42
2093865	2093884	20	32.20	35	38
2094092	2094161	70	52.97	45	105
2094432	2094471	40	113.38	110	142
2094742	2094772	31	133.48	139	156
2095040	2095088	49	153.22	156	183
2095356	2095401	46	137.11	143	165
2095669	2095717	49	142.10	149	164
2096003	2097388	1386	17.71	2	397
2098085	2098177	93	1.62	2	2
2099336	2100107	772	10.04	9	32
2100537	2100567	31	15.48	15	21
2101588	2101665	78	9.83	8	15
2102458	2102540	83	6.35	7	11
2103309	2103382	74	9.74	12	17
2106429	2106568	140	1.02	1	2
2107496	2107643	148	4.78	1	19
2108046	2108653	608	9.90	9	26
2110553	2111068	516	2.25	1	11
2112038	2112209	172	2.90	3	6
2112654	2112683	30	2.00	2	3
2115170	2115175	6	1.67	2	2
2116286	2116738	453	2.39	2	5
2117951	2118123	173	4.21	3.5	14
2119081	2119122	42	3.14	3	4
2120425	2120760	336	8.71	1	33
2120944	2121135	192	5.62	2	23
2122723	2122914	192	1.68	1	9
2129183	2129205	23	22.43	24.5	26
2130883	2131119	237	2.31	1	9
2132215	2132676	462	4.95	4	14
2134111	2134164	54	7.13	7	10
2135809	2136051	243	5.00	6	9
2137633	2137760	128	1.80	1	4
2139048	2139446	399	2.16	1	8
2141076	2141210	135	9.24	9	21
2141628	2141729	102	16.27	10	56
2143696	2144132	437	9.74	4	38
2144502	2144605	104	19.58	15	64
2144945	2144947	3	323.67	485.5	497
2145557	2145558	2	151.00	302	302
2147572	2147576	5	181.00	225.5	229
2148465	2148709	245	35.82	15	127
2150261	2150851	591	8.67	8	23
2152883	2152995	113	2.01	2	3
2154043	2154441	399	17.70	17	34
2156241	2156256	16	12.88	14	15
2157930	2158562	633	9.81	9	22
2160096	2160315	220	2.70	1	7
2160946	2161084	139	5.10	5	10
2162257	2162286	30	25.17	28	31
2162674	2163088	415	5.77	5	14
2163791	2163879	89	6.19	6	12
2167466	2167554	89	0.80	1	3
2169172	2169372	201	2.13	2	10
2169772	2169830	59	10.63	11	15
2171037	2171170	134	8.54	4	23
2172020	2172234	215	1.74	2	3
2173762	2173987	226	1.05	1	8
2174444	2174710	267	0.93	1	2
2175095	2175311	217	1.56	1	3
2176716	2177208	493	2.27	2	5
2178940	2179045	106	1.54	1	3
2180312	2180749	438	18.50	1	210
2187572	2187772	201	20.33	21	28
2189060	2189332	273	32.18	32	53
2190056	2190187	132	4.51	5	7
2191094	2191192	99	2.32	2	4
2191267	2191378	112	48.87	37	94
2191453	2191683	231	3.90	1	45
2192920	2193100	181	4.37	4.5	7
2193632	2193687	56	7.00	7	12
2195110	2195166	57	6.19	6	8
2195962	2196108	147	3.77	3	19
2196856	2196871	16	62.06	67	73
2197859	2197863	5	25.80	32	34
2198793	2199313	521	17.93	20	48
2200106	2200145	40	18.43	19	23
2201310	2201331	22	8.86	9	12
2202166	2202247	82	12.23	12	14
2202352	2202505	154	0.91	1	3
2203382	2203543	162	7.15	6	15
2204297	2204327	31	5.29	5	7
2205012	2205444	433	9.33	9	20
2205703	2205854	152	6.49	7	10
2207032	2207312	281	3.09	3	7
2208801	2209109	309	2.35	2	5
2209902	2210046	145	6.29	4	14
2210401	2210551	151	15.63	15	25
2211620	2211878	259	8.82	7	16
2212299	2213531	1233	6.76	1	60
2214555	2214565	11	17.09	18	21
2215993	2216145	153	8.82	8	17
2218370	2218559	190	1.88	2	5
2218941	2219492	552	16.22	17	39
2220618	2221045	428	31.95	9	105
2221379	2221380	2	80.50	161	161
2221597	2221910	314	15.70	10	54
2223111	2223623	513	2.82	2	7
2225382	2225430	49	2.63	2	7
2226046	2226068	23	6.78	7	11
2226557	2226749	193	7.43	8	12
2227262	2227349	88	40.91	42	49
2228034	2228048	15	27.27	28.5	32
2228532	2228584	53	43.06	43	55
2229269	2229466	198	16.20	17	23
2230190	2230238	49	5.84	6	7
2231976	2232035	60	12.10	12	14
2232237	2232698	462	9.57	8	24
2232954	2233028	75	3.73	4	7
2233599	2233669	71	17.76	17.5	24
2233889	2233922	34	53.56	56	62
2234730	2234741	12	33.83	37	38
2244195	2244577	383	2.63	2	17
2244779	2244844	66	3.06	2	6
2245712	2246090	379	2.25	2	18
2246529	2246695	167	7.87	8	13
2247968	2248197	230	5.26	3	59
2248561	2249179	619	8.32	8	16
2249579	2249635	57	6.07	6	9
2251259	2251915	657	3.01	1	16
2253311	2253759	449	17.04	5	59
2254978	2255017	40	12.05	12	17
2255234	2255338	105	20.71	21	31
2256788	2257059	272	5.32	2	16
2258014	2258128	115	5.23	5	8
2258522	2258646	125	12.60	13	17
2258968	2259370	403	49.16	29	152
2259632	2260027	396	16.68	2	220
2260886	2262405	1520	19.69	6	107
2262670	2262839	170	27.61	8	115
2265105	2265464	360	4.42	3	17
2266497	2266794	298	8.89	2	27
2269447	2269516	70	4.04	3	6
2271363	2271724	362	2.63	2	11
2272637	2272783	147	2.16	2	3
2274359	2274657	299	1.53	1.5	3
2274973	2275128	156	0.88	1	4
2276275	2276562	288	7.91	2	27
2277349	2277896	548	4.81	4	17
2278536	2279343	808	1.92	1	29
2280688	2281357	670	0.41	0	2
2282387	2282890	504	1.47	1	4
2283647	2284044	398	12.19	2	52
2285629	2285802	174	10.27	10	15
2286202	2286310	109	3.83	4	6
2286937	2287264	328	5.28	3	52
2287694	2287861	168	18.57	9	60
2288087	2288129	43	2.98	3	4
2288241	2288371	131	2.80	3	5
2288729	2288730	2	11.00	22	22
2289127	2289570	444	4.33	2	15
2289943	2289991	49	1.43	1	3
2290355	2290539	185	3.26	3	7
2291254	2291300	47	2.21	1.5	5
2293311	2293886	576	12.79	2	68
2295095	2295247	153	2.73	3	5
2296973	2297539	567	2.73	3	6
2297921	2297935	15	7.00	8	10
2298701	2298841	141	51.26	50	84
2299253	2299287	35	184.49	192	208
2299717	2300285	569	34.70	12	193
2301705	2301785	81	12.15	6	27
2302494	2302726	233	4.10	1	36
2305302	2305360	59	2.75	2.5	4
2306306	2306393	88	2.61	2	7
2308289	2308303	15	4.00	5	6
2309312	2309345	34	4.24	4	5
2310486	2310502	17	2.88	3	4
2312027	2312093	67	1.96	2	4
2312394	2312469	76	2.05	1	5
2312917	2313426	510	3.84	3	11
2314666	2315491	826	5.19	4	23
2316341	2316673	333	3.72	4	6
2317679	2318148	470	7.11	7	17
2321533	2322019	487	16.50	5	106
2322479	2322782	304	60.11	33	155
2323710	2324075	366	11.97	1	37
2326464	2326569	106	19.13	15	37
2327005	2327110	106	13.19	13	21
2328788	2328804	17	19.88	21	22
2329486	2329711	226	10.76	8	27
2330072	2330080	9	25.44	29	29
2331578	2331860	283	5.22	1	27
2332212	2332302	91	2.36	2	3
2332750	2334199	1450	3.81	3	20
2335424	2335443	20	37.00	42	62
2336614	2336660	47	116.13	116	140
2338158	2338847	690	51.82	34	137
2339874	2340041	168	76.58	67	137
2340969	2341054	86	359.36	398	494
2341583	2341592	10	1530.20	1702	1870
2343213	2343802	590	99.16	5	2497
2344913	2345571	659	9.69	5	41
2346517	2346576	60	10.73	10	15
2347669	2349613	1945	29.68	7	136
2350112	2350322	211	12.43	10	24
2351127	2351408	282	4.23	3	14
2353318	2354874	1557	4.72	4	16
2356779	2356823	45	49.78	51.5	59
2357445	2357480	36	9.56	11	14
2357865	2357941	77	1.60	2	2
2359658	2360975	1318	0.92	1	2
2363127	2363170	44	12.09	12	16
2364368	2364403	36	31.17	32	36
2365739	2365788	50	18.30	21	22
2367298	2367346	49	0.71	1	1
2368217	2368364	148	0.39	0	2
2369271	2369438	168	1.77	1	7
2370159	2370281	123	5.86	6	9
2371554	2372192	639	5.97	4	21
2372382	2372536	155	11.77	12	18
2373953	2374050	98	1.31	1	9
2374950	2375056	107	10.15	11	16
2375948	2375960	13	1.85	2	2
2377257	2377389	133	0.98	0	3
2378404	2378911	508	2.44	2	8
2379968	2380029	62	11.81	13	17
2381167	2383010	1844	4.67	3	33
2384487	2384634	148	6.27	6	14
2385741	2385891	151	2.71	3	4
2386453	2387693	1241	6.23	6	16
2387976	2388126	151	0.79	1	2
2388232	2388309	78	0.99	1	1
2389051	2389052	2	2.00	4	4
2389967	2390150	184	1.87	1	5
2390532	2390794	263	7.44	6	20
2392997	2393232	236	4.31	4	15
2393560	2393734	175	8.51	9	13
2395187	2395193	7	1.71	2	2
2396340	2396390	51	16.98	18	20
2397444	2397476	33	14.52	14	19
2398263	2398789	527	8.71	5	27
2399474	2399515	42	9.81	10	12
2400149	2400322	174	3.10	3	8
2400806	2400826	21	12.71	13	15
2402183	2402516	334	4.89	2	19
2403156	2403259	104	8.79	8	24
2404001	2404016	16	35.88	35	51
2404224	2404303	80	33.89	35	49
2404365	2404594	230	17.51	18	39
2406215	2406316	102	77.13	64	129
2406635	2406856	222	34.65	2	104
2409509	2409560	52	4.63	5	7
2410089	2410095	7	4.29	5	5
2410678	2410738	61	5.00	5	8
2411507	2411576	70	9.41	9	13
2412990	2413152	163	6.28	7	10
2413972	2414593	622	3.98	2	26
2415392	2415500	109	0.88	1	2
2416869	2416987	119	1.91	2	3
2418005	2418345	341	0.63	1	2
2419129	2419259	131	9.71	2	77
2419755	2419939	185	47.32	35	110
2420120	2420919	800	7.82	7	23
2421175	2421457	283	11.37	11	18
2422952	2423155	204	17.14	14	42
2424272	2424510	239	10.61	11	20
2425663	2426321	659	12.59	10	32
2426964	2427139	176	2.32	2	4
2428709	2428893	185	2.63	2	4
2429488	2429575	88	23.40	24	34
2430056	2430233	178	66.46	9	216
2431524	2431739	216	72.49	62	171
2432601	2432725	125	5.41	5	8
2433632	2433762	131	1.76	2	3
2434660	2434816	157	1.40	1	2
2435771	2436106	336	1.88	2	4
2436737	2436890	154	2.28	1	7
2438538	2438653	116	1.78	2	4
2439365	2439568	204	7.21	1	68
2440769	2440875	107	24.59	10	53
2442970	2443229	260	1.42	1	3
2443818	2444082	265	5.46	5	14
2445235	2445755	521	5.93	5	20
2446311	2446922	612	9.68	8	28
2447832	2447978	147	4.06	4	10
2449137	2449201	65	2.05	2	3
2452051	2452119	69	2.14	2	3
2453434	2453495	62	0.60	1	1
2454684	2454688	5	0.80	1	1
2456528	2456575	48	0.94	1	1
2458195	2458237	43	2.02	2	3
2459528	2460027	500	0.97	1	2
2460541	2461035	495	1.76	2	4
2461669	2462234	566	3.20	3	7
2463105	2463464	360	8.53	10	21
2464050	2464175	126	17.60	17	29
2465001	2465322	322	14.55	16	26
2467279	2468186	908	12.36	9	46
2469339	2469922	584	5.65	2	24
2471069	2471088	20	2.95	3	4
2471464	2471492	29	1.93	2	2
2471727	2471728	2	1.00	2	2
2476168	2476183	16	1.75	2	2
2478787	2478805	19	2.84	3	4
2480717	2481355	639	5.71	5	17
2481944	2483033	1090	2.66	2	9
2485221	2485539	319	0.42	0	1
2486689	2486727	39	1.21	1	2
2487130	2487155	26	1.42	2	2
2488143	2488186	44	0.98	1	1
2489321	2490026	706	1.05	1	2
2490510	2490670	161	1.83	1	5
2493349	2493353	5	3.20	4	4
2494890	2494915	26	1.88	2	2
2496110	2496544	435	1.58	1	4
2498131	2498173	43	1.95	2	2
2498818	2498829	12	2.75	3	3
2499361	2499363	3	2.67	4	4
2500621	2500634	14	2.29	2	3
2501733	2501926	194	1.20	1	6
2502362	2503307	946	2.84	2	13
2504241	2504947	707	3.38	3	13
2505302	2507123	1822	1.49	1	7
2507337	2507604	268	1.00	1	7
2507806	2507944	139	3.51	2	17
2508782	2508847	66	2.65	3	4
2510242	2510365	124	2.43	2	4
2513068	2513344	277	2.78	2	10
2514057	2514178	122	3.17	3	12
2514827	2515204	378	2.21	2	7
2515691	2515858	168	0.55	1	1
2516369	2516370	2	0.50	1	1
2517118	2517375	258	1.60	1	15
2518981	2519160	180	2.06	2	4
2522034	2522362	329	3.26	3	9
2523557	2523663	107	2.02	2	3
2524492	2524549	58	1.12	1	2
2525003	2525202	200	3.57	3	10
2526190	2526369	180	6.86	3	33
2527369	2527409	41	3.00	3	5
2527743	2527813	71	3.54	3	6
2528051	2528764	714	1.19	1	6
2530472	2530728	257	9.34	9	16
2531218	2531234	17	7.47	8	11
2531778	2532017	240	2.63	1	24
2532666	2532864	199	0.90	1	7
2533390	2533535	146	0.77	1	1
2534808	2534811	4	2.25	3	3
2535838	2535949	112	3.79	4	6
2537339	2537371	33	3.61	4	4
2538743	2538756	14	13.36	13	16
2539543	2539716	174	17.05	17	25
2540005	2540063	59	6.98	7	8
2541156	2541634	479	2.08	2	6
2542403	2542637	235	1.11	1	2
2547839	2548581	743	1.68	1	4
2550298	2550573	276	0.67	1	1
2551024	2551700	677	2.27	2	8
2552487	2552546	60	17.48	17	24
2553138	2553155	18	0.94	1	1
2553312	2553541	230	0.59	1	1
2555177	2555711	535	1.04	1	2
2555910	2556141	232	3.52	3	9
2557174	2557515	342	5.11	3	15
2558761	2558784	24	1.46	2	2
2559571	2559624	54	0.26	0	1
2561418	2561455	38	3.47	3	5
2562401	2562503	103	0.58	1	1
2564070	2565744	1675	4.23	4	13
2567002	2568006	1005	7.19	6	29
2568379	2568643	265	4.12	4	13
2569097	2569193	97	13.82	15	23
2569317	2569322	6	3.33	4	4
2569557	2570884	1328	2.13	2	11
2571311	2571380	70	1.27	1	2
2572143	2572246	104	5.81	6	9
2573047	2573080	34	1.91	2	2
2574635	2574664	30	7.27	8	11
2575325	2575388	64	10.45	12	19
2577682	2577869	188	6.21	5	14
2579538	2580496	959	5.13	5	20
2581528	2581551	24	10.54	11	21
2582053	2582224	172	6.48	7	11
2583410	2583704	295	1.59	1	6
2585769	2586524	756	0.97	1	3
2587044	2589410	2367	15.76	1	113
2589858	2590454	597	1.05	1	3
2590830	2590862	33	2.18	2	3
2592441	2593194	754	1.24	1	3
2593366	2593996	631	1.45	1	5
2596118	2596372	255	2.55	2	5
2597432	2597528	97	1.03	1	2
2598600	2599671	1072	3.03	1	23
2600233	2600317	85	14.79	14.5	28
2600723	2600753	31	55.74	59	67
2601195	2601993	799	12.53	15	36
2602909	2603077	169	2.27	2	8
2603840	2604381	542	1.34	1	3
2605621	2605624	4	1.50	2	2
2606177	2606228	52	1.29	1	2
2606973	2607131	159	1.12	1	2
2609999	2610338	340	3.66	3	9
2610597	2610612	16	7.00	7	8
2617699	2618315	617	1.83	2	4
2618542	2618661	120	3.96	3	7
2619871	2620359	489	1.67	1	8
2621164	2622094	931	2.84	2	15
2623715	2623941	227	8.45	9	13
2626591	2626853	263	1.58	2	4
2627817	2628405	589	2.11	1	9
2629408	2629496	89	95.08	93	130
2630535	2630553	19	129.79	140	156
2631049	2631054	6	171.00	205	210
2632441	2632802	362	10.28	1	125
2634506	2635351	846	5.61	2	30
2635805	2635872	68	13.71	12	20
2639750	2639858	109	7.83	8	11
2642382	2642388	7	7.57	9	9
2648442	2648624	183	3.46	3.5	5
2649573	2649674	102	5.29	5	7
2651085	2651530	446	1.79	1	9
2652998	2653019	22	3.50	3	5
2654205	2654357	153	13.49	8	135
2656539	2656862	324	34.64	4	309
2657566	2657900	335	20.53	2	114
2658681	2658883	203	7.53	3	48
2659997	2660408	412	1.87	2	7
2661564	2661769	206	19.00	6	56
2662028	2662153	126	36.86	36	52
2662559	2663306	748	8.95	7	79
2664324	2664499	176	55.72	49	92
2664986	2665506	521	43.45	45	160
2666074	2666093	20	1.00	1	2
2666433	2666932	500	4.23	2	23
2668346	2668393	48	21.50	20	31
2669565	2669637	73	13.71	13	21
2670706	2670920	215	1.72	1	12
2671206	2671311	106	3.49	2	12
2671846	2672253	408	3.24	3	8
2673181	2673380	200	1.73	1	6
2674605	2674709	105	1.69	1	8
2674938	2675008	71	1.55	2	2
2678903	2679318	416	2.00	2	5
2680768	2681135	368	3.95	2	19
2681484	2681647	164	5.41	5	9
2684549	2684961	413	44.70	18	218
2685115	2685263	149	56.62	11	326
2686683	2686916	234	6.47	4	17
2687610	2687722	113	7.03	8	11
2688833	2689082	250	6.11	2	27
2689524	2689665	142	7.49	7	19
2690716	2690809	94	17.77	20	29
2691998	2692126	129	17.14	17	29
2694719	2694806	88	22.23	29	45
2695974	2696077	104	53.73	46	97
2696969	2697185	217	1.24	0	9
2699223	2700039	817	3.30	3	7
2700364	2700518	155	7.17	6	13
2701563	2701645	83	21.37	22	28
2701808	2702890	1083	2.62	3	5
2703931	2705252	1322	29.35	24	101
2705721	2705804	84	14.11	16	26
2707040	2707096	57	2.65	3	3
2708705	2708716	12	3.92	4	5
2709707	2709800	94	2.91	3	4
2709927	2710413	487	3.15	3	5
2711247	2711839	593	1.07	1	2
2712272	2713173	902	1.00	1	3
2714650	2715757	1108	1.87	2	5
2718146	2718151	6	8.17	9	11
2719520	2719525	6	3.67	4	5
2721205	2721264	60	2.63	3	3
2722995	2722996	2	0.50	1	1
2723591	2723605	15	2.80	3	3
2724560	2724566	7	3.43	4	4
2724993	2725029	37	17.51	17	24
2725522	2725569	48	3.35	4	5
2728555	2728747	193	2.02	2	3
2729363	2730230	868	4.75	3	18
2730780	2731181	402	11.78	11	24
2733570	2734160	591	9.94	7	70
2734449	2734552	104	33.36	31	57
2734838	2736049	1212	2.44	2	22
2737451	2737634	184	41.82	7	249
2737902	2738078	177	9.86	5	55
2739066	2739111	46	10.00	6	23
2740564	2740850	287	16.68	16	53
2741430	2742097	668	15.36	10	67
2743619	2743723	105	34.99	35	51
2743928	2744054	127	6.94	6.5	11
2745171	2745616	446	3.60	3	9
2746511	2746526	16	7.94	8	11
2746821	2746985	165	1.61	0	14
2747994	2748278	285	3.29	3	8
2749620	2749734	115	8.36	6	20
2750920	2751277	358	16.51	3	76
2752217	2752231	15	84.33	86	125
2753390	2753758	369	25.37	18	73
2755876	2756090	215	3.94	4	6
2756676	2756689	14	0.93	1	1
2757224	2757419	196	3.10	3	6
2757699	2758082	384	4.01	3	11
2758287	2758303	17	21.88	22	26
2760380	2761124	745	4.94	3	20
2762283	2762361	79	6.08	6	10
2762998	2763765	768	16.00	4	233
2764933	2765055	123	25.48	11	132
2768072	2768078	7	8.71	10	11
2768352	2768353	2	7.50	15	15
2769110	2769169	60	7.25	8	13
2770079	2770205	127	34.12	24	114
2770281	2770570	290	32.19	1	128
2770844	2770917	74	4.39	5	7
2771200	2771646	447	6.67	6	14
2774287	2774324	38	0.68	1	1
2777454	2777465	12	4.33	5	6
2780071	2780072	2	9.00	18	18
2783129	2783130	2	1.50	3	3
2785244	2785250	7	0.86	1	1
2787174	2787302	129	0.60	1	1
2790057	2790359	303	0.50	1	1
2790933	2790960	28	0.00	0	0
2792152	2792170	19	0.95	1	1
2792597	2792615	19	1.89	2	2
2793036	2793051	16	0.94	1	1
2793961	2794058	98	0.66	0	2
2794752	2795698	947	2.21	1	29
2798285	2798366	82	3.30	3	4
2798703	2798883	181	2.80	3	5
2802801	2803343	543	15.62	3	75
2804367	2804403	37	5.92	6	7
2805484	2805550	67	15.01	19.5	24
2806238	2806558	321	2.63	1	37
2808631	2808868	238	24.74	25	64
2809463	2809790	328	5.34	2	48
2813350	2813391	42	4.40	5	6
2813953	2814131	179	3.62	4	6
2815476	2815548	73	6.99	8	9
2816581	2816839	259	1.69	1	4
2817545	2817547	3	6.00	9	9
2819876	2820232	357	16.32	15.5	30
2821079	2821271	193	11.60	9	28
2821602	2821998	397	1.99	1	11
2822920	2823128	209	5.30	5	17
2825415	2825505	91	16.20	15.5	25
2826064	2827333	1270	8.88	4	58
