#start	end	length	mean	median	max
1	64	64	160.50	184	305
1235	1261	27	175.41	180.5	196
2132	2177	46	143.50	152	173
4509	4595	87	367.17	338	543
6075	6110	36	124.94	128	147
7704	7778	75	154.51	156.5	174
8857	8963	107	426.53	455	574
10164	10251	88	148.81	151	202
10876	10997	122	154.98	156	187
11472	11640	169	180.44	166	278
11962	12320	359	383.40	215.5	1274
13026	13066	41	196.12	217.5	245
13409	13576	168	156.77	157	186
14246	15019	774	151.31	147	242
15602	15629	28	173.14	181	205
16191	16205	15	105.27	114	129
18390	18614	225	190.87	195	246
20487	20489	3	129.33	194	194
21090	21133	44	172.14	177	199
21872	21879	8	111.75	127	135
23047	23056	10	179.50	200	204
24119	24180	62	140.11	141	161
25369	25415	47	150.34	153.5	164
28057	28183	127	196.71	201	252
30831	30838	8	120.00	136	149
32736	32848	113	191.86	155	332
33504	33684	181	184.62	180	245
33796	34356	561	153.41	156	265
35113	35340	228	183.60	188	239
36324	36478	155	191.77	188	246
36953	37129	177	133.19	135	192
38543	38629	87	202.45	199	257
39005	39440	436	169.65	171	254
40743	40854	112	148.34	145	199
41089	41130	42	1298.07	1347	1508
43475	43571	97	146.26	147	178
44925	45163	239	275.17	189	617
46505	46514	10	163.50	181	193
48879	48926	48	145.40	129	300
49359	49549	191	221.32	179	646
49982	50069	88	863.55	834	1737
54505	54511	7	126.71	148	152
55028	55203	176	148.63	147	187
56350	56422	73	138.48	142	203
57188	57222	35	169.43	175	192
57904	57940	37	196.05	200.5	223
59066	59071	6	142.17	173	188
60844	60866	23	137.96	144	158
63240	64265	1026	183.02	183	269
64868	64986	119	161.18	160.5	207
65539	65657	119	772.75	809.5	1039
67170	67176	7	107.29	125.5	128
67984	67990	7	111.43	129	137
68978	69078	101	631.86	656	804
69373	69377	5	77.00	97	98
69936	69939	4	99.50	133	137
71137	71306	170	226.72	202	447
71958	71999	42	153.19	154	178
73194	73305	112	130.04	132	166
73657	73774	118	139.53	137	178
75086	75090	5	106.40	134.5	139
75850	75927	78	167.01	170	198
77061	77137	77	150.79	147	200
77582	77647	66	205.82	215	249
78869	78986	118	223.91	228	276
79194	79264	71	165.58	163.5	223
81011	81022	12	139.17	151	157
81916	82178	263	182.87	180.5	260
82863	82870	8	182.00	211	221
84953	84963	11	114.18	125	133
86473	86546	74	146.89	146	192
87267	87724	458	348.01	186	8002
87794	87880	87	1301.16	1220	3442
88613	88734	122	146.24	148	175
90324	90582	259	157.64	159	186
90928	91028	101	183.74	182.5	236
91674	91675	2	62.00	124	124
93337	93763	427	398.28	179	1534
94283	94374	92	174.23	174	199
98164	98301	138	131.01	133	153
100084	100201	118	197.82	201	276
101080	101258	179	855.04	864.5	1213
102591	102673	83	185.58	177.5	262
103235	103267	33	199.52	202.5	241
104406	104652	247	170.39	168.5	248
106950	106964	15	137.07	146.5	157
108381	108555	175	153.77	151	215
108814	108876	63	136.89	139	161
109381	109389	9	124.44	139.5	149
109945	110011	67	122.84	125	141
111605	111685	81	111.11	112	135
113138	113195	58	148.26	151	188
113286	113326	41	155.80	175	198
114144	114298	155	137.00	130.5	210
115271	115390	120	154.00	158	194
116720	116942	223	344.91	205	820
118425	118734	310	214.69	184	413
119290	119507	218	318.40	177	878
119991	120012	22	122.23	122	165
121237	121281	45	2337.02	2336.5	3235
121350	121830	481	215.53	166	6823
123406	123807	402	178.14	179	239
123895	123939	45	246.69	202	378
124011	124069	59	180.49	189	220
124667	124737	71	128.86	133	148
125365	125381	17	145.76	157	166
126156	126389	234	238.78	245	316
127056	127150	95	138.51	140	171
129407	129669	263	167.53	163	254
132493	132720	228	152.47	155	201
133768	133914	147	313.63	362	434
136649	136705	57	179.37	179	224
138011	138114	104	393.85	299	737
139276	139415	140	386.65	417	586
140016	140267	252	583.14	603	1677
142104	142232	129	178.60	159	268
143560	143571	12	152.50	156	190
144964	145002	39	157.62	161	175
145981	146267	287	269.00	191	578
147038	147159	122	137.18	137	167
147853	148158	306	155.18	154	228
148489	148645	157	154.74	155	196
150742	150751	10	128.20	148	156
151916	152526	611	157.94	154	220
156009	156025	17	134.88	142	160
156305	156339	35	3259.06	3247	4455
157182	157209	28	121.00	121	147
158839	159041	203	126.05	126.5	161
159558	159995	438	228.05	155	987
161169	161197	29	709.69	713	1003
161630	161725	96	231.92	243	296
162659	162763	105	131.44	132	162
163304	163404	101	270.80	204.5	604
163753	163760	8	143.50	161	180
164508	164547	40	715.67	731	818
164965	164985	21	133.52	145.5	160
166434	166531	98	651.39	512	1304
166606	166694	89	657.91	174.5	6602
166923	167064	142	199.49	188	287
167746	168175	430	167.47	160	304
170345	170497	153	140.02	133	189
170750	170796	47	176.15	180.5	211
173069	173110	42	150.93	154	181
174196	174310	115	124.43	123.5	145
176469	176741	273	192.68	191	252
177093	177549	457	167.61	169	265
179790	180155	366	172.11	174	235
180879	181077	199	163.30	162	204
182553	182619	67	183.39	185	215
184144	184159	16	112.94	122	128
184409	184417	9	152.78	173	191
185459	185681	223	169.47	164	218
187416	187530	115	145.86	145	187
189256	189272	17	274.76	304	330
190395	190471	77	233.79	219.5	353
191618	191709	92	191.29	198	219
192184	192246	63	236.35	257.5	352
192469	192654	186	202.02	199	362
195514	195629	116	157.91	159	202
196056	196093	38	161.16	165	189
198931	198992	62	157.87	164	198
201350	201351	2	87.00	174	174
201886	201888	3	111.67	167.5	172
204087	204482	396	157.86	157	232
206044	206197	154	279.55	219	523
207212	207361	150	166.84	167	230
208748	208812	65	143.75	144.5	173
208981	209055	75	140.67	141	163
212448	212495	48	206.60	212	245
212895	212908	14	111.21	120	124
214382	214470	89	213.44	209.5	297
215557	215642	86	197.41	190	259
216186	216508	323	239.46	176	610
217811	217947	137	349.47	198.5	712
218962	219112	151	261.50	204	600
219869	219926	58	2452.10	2406	3438
219998	220023	26	2075.38	1987	2768
220189	220315	127	137.94	137	167
220634	220638	5	110.40	137.5	140
221395	221497	103	150.12	147.5	203
223803	223820	18	134.06	140	160
223959	224059	101	503.57	467.5	1026
224261	224356	96	240.01	203	448
225253	225283	31	205.16	215	236
225542	225657	116	159.24	154	227
226219	226262	44	142.80	145	169
227307	227406	100	185.90	182	242
227929	227938	10	125.00	143	157
229283	229628	346	180.99	180	243
230052	230157	106	147.06	144	195
231148	231161	14	147.71	161	167
231675	232017	343	165.89	160	276
232555	232564	10	139.70	158	163
233141	233142	2	71.00	142	142
234322	234330	9	154.44	176	185
234667	234850	184	290.39	280	469
235340	235486	147	271.55	181	616
236852	237165	314	164.61	158	259
238273	238378	106	149.47	148	205
238520	238621	102	148.26	150	169
241154	241167	14	111.36	115	143
242227	242420	194	137.68	139	176
243498	243506	9	131.11	149	152
244638	244641	4	118.00	157	158
245830	245850	21	113.00	117	135
246634	246638	5	126.40	157	168
247104	247109	6	125.33	152	164
247878	247908	31	148.42	153.5	171
248134	248170	37	376.32	398	481
248627	248858	232	287.09	271	628
251427	251502	76	151.99	155	193
252781	252872	92	227.25	236	378
254843	254893	51	149.82	152	176
255332	255473	142	127.06	126	163
255804	255960	157	158.88	158	208
258433	258578	146	516.31	318	1328
259176	259225	50	280.94	258	383
260618	260699	82	460.09	359	946
262370	262384	15	85.73	91.5	100
263193	263756	564	294.40	161	888
264962	264975	14	149.21	163	170
265855	265974	120	176.58	184	214
269289	269328	40	191.22	188	219
269987	270000	14	172.07	188	196
271471	271492	22	203.36	213	229
273530	273656	127	150.74	144.5	215
274152	274153	2	73.50	147	147
275756	275767	12	138.00	152	181
277031	277042	12	164.17	179	192
278114	278138	25	234.04	247.5	281
279420	279618	199	550.41	570	986
280621	280700	80	446.57	459	589
281007	281053	47	191.15	207	244
281393	281479	87	160.48	165	181
281840	281896	57	149.46	151	171
282590	282603	14	162.14	174	183
283960	284147	188	173.73	178	250
286992	287002	11	219.18	241	255
288137	288159	23	1898.78	153	8003
288230	288311	82	309.49	300	1974
288528	288533	6	99.33	120	122
290093	290393	301	905.24	1003.5	1592
291225	291416	192	139.59	139	165
292602	292749	148	144.65	137	225
294763	294871	109	183.37	161	329
296711	296979	269	175.43	161	290
298371	298397	27	130.04	136	146
299433	299627	195	258.46	250	414
299988	300007	20	136.40	142	156
301445	301542	98	155.88	150	203
302695	302832	138	136.47	140	169
303478	303814	337	137.17	140	192
304345	304709	365	184.27	180	285
305934	305968	35	156.31	164.5	177
307106	307138	33	149.64	154	166
309041	309472	432	785.83	232	3278
311251	311279	29	148.21	152.5	165
311706	311761	56	606.20	636	760
312272	312402	131	144.81	140.5	185
313030	313078	49	144.88	146	183
314372	314431	60	604.65	608	849
314621	314896	276	152.35	153	194
315353	315641	289	151.67	149	190
316095	316161	67	181.16	178.5	232
316978	317009	32	163.72	173	194
318006	318146	141	166.26	166	207
318483	318678	196	476.30	513	693
320802	320823	22	134.41	140	163
322006	322092	87	224.66	208.5	420
322294	322387	94	313.00	313	584
322871	322929	59	190.80	189.5	314
323413	323780	368	1974.12	2173	4287
325896	326112	217	269.11	265	586
327355	327393	39	767.64	789	894
327898	327925	28	272.71	285	305
328709	328853	145	423.06	421	577
329097	329243	147	354.00	326.5	502
329718	329763	46	210.22	220	260
330277	330288	12	184.67	202	215
330829	330877	49	133.18	130	187
332393	332457	65	119.92	124.5	155
333406	333516	111	130.05	125.5	181
333832	333994	163	164.89	161	219
336203	336362	160	160.74	160	210
336588	336653	66	414.45	376	914
337053	337407	355	135.47	135	173
338449	338535	87	154.59	150.5	195
339304	339351	48	191.58	200	238
340129	340287	159	3861.17	4344.5	5225
340450	340697	248	177.04	141	514
341766	341882	117	159.23	161.5	199
342441	342792	352	313.08	297	625
343669	343698	30	266.87	274	310
345429	345469	41	138.46	142.5	154
346430	346831	402	166.75	166	237
348868	348921	54	303.50	327	425
349144	349874	731	167.22	147	447
351276	351308	33	135.00	141.5	155
351948	352025	78	154.85	155	183
354297	354531	235	1124.66	671	3027
354757	354883	127	419.69	435	583
355481	355508	28	122.93	124	155
355791	355864	74	151.54	151	208
356414	356675	262	154.11	157	194
357303	357548	246	165.65	168	220
359730	359766	37	157.27	163	180
360688	360710	23	167.30	176.5	190
362061	362146	86	136.01	138	159
363599	363762	164	144.49	147	182
365065	365115	51	147.27	150	174
366013	366052	40	154.15	154	184
368022	368289	268	155.05	157	215
368572	368928	357	167.68	168	244
371865	371867	3	644.00	966	1016
372204	372531	328	344.57	301	1384
373324	373379	56	405.80	414	502
373761	373784	24	116.67	122	128
374826	375031	206	122.52	121	165
375344	375455	112	262.94	255	345
375720	375761	42	152.10	154	176
376446	376526	81	154.20	153	187
377235	377320	86	132.97	132	174
378692	378980	289	163.13	155	276
380388	380394	7	164.86	193	199
381989	382080	92	177.27	178	215
383452	383544	93	229.22	228.5	290
385123	385349	227	197.44	190	295
386526	386676	151	148.05	155	177
388218	388493	276	526.95	365	1385
389616	389952	337	160.10	159	220
391492	391531	40	147.05	153	162
392921	392989	69	139.62	141	165
393446	393792	347	154.56	155	209
394543	394578	36	121.25	125	142
395179	395245	67	214.34	220	247
395729	396871	1143	186.66	173	364
397394	397397	4	165.75	219	226
397575	397594	20	179.70	189	197
398507	398869	363	169.40	158	309
399866	399952	87	145.76	141	222
400352	400428	77	164.78	165	201
400669	400767	99	326.13	344	403
401419	401463	45	186.13	191	212
401746	401749	4	136.25	182	182
402020	402190	171	175.01	170	247
402989	403021	33	247.12	260	299
403349	403351	3	188.00	282	287
403898	404015	118	1562.42	261	5423
406143	406388	246	399.65	289	1162
406770	406850	81	994.86	908	1371
408357	408493	137	344.35	328	484
408842	408940	99	220.05	226.5	302
409901	409950	50	140.98	145	162
411514	411547	34	131.00	135	152
411944	412146	203	150.83	149	210
413287	413395	109	645.73	646	825
413612	413872	261	764.70	271	5650
414953	415063	111	219.50	150	427
415439	415534	96	237.47	222	345
416084	416102	19	163.42	173	179
416949	416981	33	151.27	157.5	179
418608	418680	73	131.60	135	155
419218	419381	164	305.65	353	519
423243	423631	389	153.31	152	222
424838	424910	73	163.92	136	357
424982	425056	75	153.85	155	213
426062	426074	13	119.00	129	137
426828	426844	17	127.12	135	142
427148	427462	315	171.16	170	216
428493	428610	118	192.16	194	217
429298	429345	48	183.23	166	267
430471	430522	52	179.63	186	206
431189	431457	269	475.55	544	872
432949	433075	127	136.13	131	187
434315	434356	42	125.62	130	163
435038	435382	345	140.23	142	193
436436	436518	83	107.33	109	124
436819	436850	32	1069.44	1120	1311
438626	438674	49	597.12	666.5	921
440004	440049	46	566.26	649	778
440293	440669	377	346.89	173.5	1982
441297	441356	60	836.25	907	1235
441834	442021	188	302.61	161	778
443970	444000	31	192.55	199.5	217
445153	445208	56	1066.84	1105	1275
445344	445561	218	253.05	214	536
446177	446214	38	157.26	162	177
447049	447056	8	137.25	158	163
448164	448305	142	158.24	154	215
448777	448875	99	160.33	161.5	207
449311	449369	59	135.83	142.5	170
449955	449956	2	86.00	172	172
450446	450538	93	138.22	139.5	170
450932	451022	91	151.95	158.5	185
451746	451837	92	208.26	222	273
455043	455065	23	298.78	299.5	438
456662	457210	549	238.05	152	942
457742	457881	140	192.55	196	236
458710	458794	85	140.19	143	175
459017	459095	79	152.22	157	180
460200	460295	96	214.73	209	386
460431	460448	18	454.50	488	519
460542	460551	10	417.80	456	509
460960	460993	34	127.59	128	159
461291	461323	33	158.76	154.5	204
461933	461934	2	53.00	106	106
463747	463900	154	284.26	220	535
465632	465712	81	172.59	175.5	210
466826	467003	178	178.90	184	223
468771	468775	5	131.20	163	174
469217	469431	215	260.00	167	560
470872	470974	103	172.50	158.5	248
472310	472318	9	173.11	194	203
474170	474315	146	171.35	172	208
475642	475664	23	119.30	123.5	140
477042	477394	353	200.76	195.5	363
479438	479699	262	178.00	179	232
479835	479876	42	230.24	260	300
480822	480966	145	152.82	157.5	194
482449	482630	182	138.13	134	258
483515	483633	119	142.18	139.5	187
484321	484327	7	134.57	156	162
484502	484584	83	126.63	126	153
487096	487374	279	137.67	138	172
488368	488469	102	163.76	163	215
488821	488832	12	112.08	123	126
489481	489507	27	162.44	167	197
490072	490073	2	75.00	150	150
490380	490381	2	69.50	139	139
491696	491829	134	200.86	150	470
492865	492987	123	222.38	222.5	290
494282	494290	9	328.22	368	391
495419	495459	41	189.54	193.5	223
496578	496601	24	139.58	143	166
497577	497623	47	178.23	185	210
498806	498900	95	168.46	160	231
499651	499682	32	232.09	247	269
500103	500142	40	202.22	208	235
501882	502005	124	289.21	285	385
504331	504392	62	163.03	166	182
505554	505619	66	136.11	135	163
506136	506187	52	155.65	161	193
506827	506834	8	124.62	141	148
507420	507940	521	186.57	187	247
508310	508313	4	99.00	127	144
508701	508794	94	138.91	138	175
509200	509225	26	162.35	171	185
510330	510411	82	143.62	140	200
511291	511397	107	151.60	136	276
512232	512588	357	175.11	175	226
513576	513611	36	197.97	198	234
514329	514334	6	148.83	177	181
515286	515312	27	275.33	286	351
516174	516413	240	177.10	176	253
516998	517015	18	174.94	181	213
518939	519087	149	381.73	271.5	980
519331	519791	461	2502.45	822.5	7960
520032	520101	70	166.24	172	203
521353	521501	149	284.34	298.5	397
523506	523603	98	137.52	138	162
524351	524366	16	166.44	177	188
524826	524831	6	142.50	166	181
525060	525359	300	161.26	156	259
526811	526861	51	120.69	121	145
527833	527875	43	181.67	187.5	216
530021	530056	36	171.00	176	188
530564	530622	59	186.47	172	254
531781	531883	103	224.51	192.5	417
532643	532653	11	131.73	144.5	158
533035	533569	535	453.16	181	2825
533939	534066	128	149.98	137	330
536532	536593	62	346.10	366	455
537683	537789	107	169.07	169.5	210
539217	539413	197	184.49	170.5	379
539603	539682	80	155.70	130	246
540295	540348	54	111.24	114	130
541240	541274	35	170.34	160	228
541977	542053	77	278.69	298	389
543047	543140	94	146.97	153	180
543594	543653	60	117.90	117	143
545652	545773	122	142.33	142	176
546485	546587	103	314.72	329.5	487
547248	547261	14	131.50	143	151
548015	548018	4	92.25	123	126
549366	549370	5	119.40	147	161
550685	550717	33	204.79	201	279
551651	551877	227	320.04	152	1232
553219	553323	105	120.07	120	162
555132	555217	86	607.60	623	726
555286	555296	11	1025.09	1308.5	1731
555531	555611	81	152.75	150	198
556975	557199	225	172.19	156	468
558058	558143	86	137.79	142	166
558312	558407	96	517.79	516	825
559614	559631	18	267.28	290	306
562535	562633	99	158.55	163	188
562979	563019	41	160.46	165.5	206
564022	564122	101	1009.12	848.5	1692
565215	565353	139	148.01	148	193
566077	566167	91	142.80	143	175
567386	567538	153	492.78	510.5	835
568277	568588	312	406.11	411	939
570076	570239	164	821.84	730	1746
570314	570346	33	1185.67	1145.5	1713
570420	570623	204	844.29	578	7816
573499	573571	73	745.40	560.5	4141
573687	573853	167	311.88	172.5	2414
576581	576664	84	153.76	156	179
577838	577910	73	348.07	349	494
578571	578619	49	172.59	172.5	200
578965	578971	7	222.57	258	271
579296	579311	16	103.62	111	122
580392	580421	30	181.10	190	207
581172	581204	33	156.82	162.5	183
583396	583495	100	126.38	129	156
585262	585700	439	172.99	156	470
587471	587715	245	1095.18	760.5	3559
587785	587801	17	1599.24	1110.5	4466
588402	588527	126	210.59	161	376
590058	590129	72	158.33	157	222
590388	590845	458	163.99	163	237
591452	591458	7	148.86	174	178
592749	592889	141	155.12	143.5	272
593631	593710	80	181.86	181	229
595365	595380	16	1110.00	1198	1257
595705	595755	51	119.76	120	144
596296	596381	86	248.06	259	310
597870	597976	107	162.09	162	199
599774	599814	41	119.90	123	139
602203	602208	6	132.67	157	166
603367	603503	137	146.76	145.5	209
603990	603995	6	142.33	171	176
605673	605835	163	125.61	125	162
606178	606237	60	258.92	267	351
607297	607310	14	121.57	131	135
607686	607819	134	199.37	195	300
609098	609152	55	155.91	158	175
609786	609865	80	285.85	300	375
610568	610714	147	150.07	143.5	210
611891	611914	24	148.62	155	166
613910	613971	62	154.39	156	192
615349	615360	12	414.67	471	485
616417	616418	2	53.50	107	107
618183	618361	179	133.64	127.5	184
620219	620371	153	511.51	182.5	2244
620441	620461	21	884.86	888.5	1164
621224	621276	53	382.13	405	479
622338	622431	94	132.53	130	171
623572	623647	76	814.47	833	1171
623706	623875	170	158.66	147	574
624260	624321	62	144.68	145	174
624847	624891	45	145.31	149	172
625029	625077	49	350.96	316.5	597
625789	625865	77	128.87	130.5	156
626289	626298	10	132.90	148	156
626914	626924	11	158.45	173.5	180
627168	627274	107	1423.17	1406	1919
629960	630049	90	100.37	101	128
630461	630676	216	175.13	182	267
631967	632224	258	157.61	135	323
633989	634088	100	151.12	151	191
635994	636124	131	145.60	142	202
636668	636761	94	163.68	162	229
636963	637074	112	157.60	158	207
639337	639396	60	1196.48	1348	1553
640756	640764	9	450.89	510.5	519
640990	641195	206	158.66	155	248
641736	641842	107	151.89	152	207
642692	642766	75	191.40	189.5	251
643964	644173	210	1546.74	1607	2384
644657	644740	84	169.90	170	211
649439	649442	4	131.25	173	184
650007	650231	225	185.85	158	351
652657	653046	390	143.12	133	277
653386	653557	172	485.61	355	1573
653768	653853	86	144.72	142	186
655273	655281	9	404.44	453.5	478
656251	656269	19	125.26	132	151
657872	657942	71	168.21	170	207
658855	658976	122	196.90	197	272
660873	660874	2	73.50	147	147
662222	662231	10	135.20	151	157
662976	663140	165	136.82	137	178
663759	663984	226	1121.63	1349	2181
664294	664305	12	273.75	297	316
664444	664539	96	601.05	668	1020
666135	666155	21	135.29	142	149
666651	666886	236	120.05	117	150
667847	667848	2	81.50	163	163
668929	669346	418	244.91	172	452
670816	670913	98	161.70	158	208
672460	672766	307	1467.20	2018	2818
673400	673440	41	598.07	599.5	714
673510	673784	275	638.28	664	3674
674106	674333	228	177.71	174	317
675147	675163	17	137.59	147	158
675860	675945	86	250.48	249	303
676903	676941	39	172.85	177	190
677965	678024	60	107.05	107	143
678772	678880	109	421.74	407	552
680546	680977	432	372.84	218	857
685153	685289	137	249.64	259.5	393
686183	686246	64	156.55	159	182
687078	687132	55	120.69	117	167
688054	688333	280	1147.83	1176	2544
688838	689049	212	295.29	263	515
689143	689221	79	219.32	227.5	288
690746	691084	339	341.37	235	1399
691517	691618	102	296.88	290	548
691724	691823	100	116.57	117	142
692742	692798	57	146.98	145	272
694043	694071	29	228.03	246	259
695278	695312	35	161.89	167	185
696568	696576	9	158.67	178	184
698639	698707	69	136.97	139	156
700457	700510	54	137.44	141	168
700838	700842	5	114.00	142	154
701536	701603	68	479.10	492	588
704895	705072	178	143.42	154	211
706348	706449	102	167.47	171	208
707671	707743	73	168.44	165.5	245
709448	709608	161	343.86	182.5	7999
709690	709991	302	346.69	169	1891
711177	711225	49	4747.63	4795.5	6351
711310	711445	136	577.40	318	2210
712544	713126	583	152.48	150	226
713649	713677	29	143.79	149.5	166
714829	715050	222	167.74	166	244
715387	715591	205	184.87	185	240
715880	715942	63	183.11	185.5	214
717023	717321	299	145.54	143	217
717961	718003	43	169.47	180.5	211
718445	718665	221	203.84	169	593
722964	723235	272	162.65	147	313
723779	723805	27	209.26	221.5	247
724409	724625	217	191.24	187	268
725163	725473	311	138.80	139	220
727352	727481	130	122.93	127	155
727689	727690	2	79.50	159	159
729152	729176	25	156.52	160.5	186
731049	731098	50	128.28	133	169
731426	731433	8	189.62	215	225
732374	732709	336	114.99	102	216
733268	733535	268	187.16	196	271
735550	735650	101	155.69	154.5	191
736134	736139	6	140.00	167	174
738153	738158	6	111.17	132	141
739608	739614	7	187.29	212.5	235
740776	740781	6	188.50	224	233
741286	741395	110	149.79	150	213
743318	743323	6	131.17	160	163
743612	743737	126	129.87	128	168
746588	746589	2	92.50	185	185
747508	747509	2	95.00	190	190
749159	749182	24	245.29	261	277
749429	749430	2	82.00	164	164
750007	750405	399	176.36	179	235
750868	751276	409	163.71	163.5	204
751955	751958	4	92.25	126	127
752379	752573	195	161.36	159.5	212
753951	753962	12	122.33	138	154
754551	754778	228	145.51	136	235
755505	756009	505	168.93	166	218
756559	756988	430	206.95	189	363
757316	757355	40	113.85	118	139
757593	757838	246	181.98	183	223
758325	758389	65	139.71	144	162
759035	759412	378	156.81	149	258
759845	760521	677	843.09	371	8000
761176	761225	50	112.28	114	121
762126	762158	33	119.12	122.5	154
764852	764983	132	151.06	149	184
765575	765591	17	139.71	148.5	153
766195	766215	21	215.90	204	314
767101	767241	141	143.35	145	167
767719	767720	2	94.50	189	189
768624	768668	45	436.96	448	500
769536	769573	38	121.74	129	143
770036	770130	95	414.25	371.5	984
773956	774003	48	246.58	246	363
776518	776759	242	159.02	161	199
778554	778588	35	269.00	274.5	338
779243	779530	288	168.31	165	235
781917	782075	159	162.69	168	197
782940	783006	67	156.61	149	200
783883	783953	71	107.06	108.5	128
784746	784843	98	150.74	152	185
785165	785281	117	122.58	123	151
785708	785972	265	463.51	446	854
787209	787254	46	118.15	122	160
788488	788592	105	171.95	177	211
789259	789459	201	160.11	162	202
790231	790435	205	601.79	647.5	1280
791045	791174	130	163.58	169	234
791718	792009	292	209.29	139	840
792268	792318	51	445.45	453	553
792802	792809	8	120.75	137	144
794388	794454	67	154.28	158.5	185
795046	795122	77	127.36	129	155
795810	795916	107	147.50	156	176
796502	796506	5	87.60	109.5	112
798347	798348	2	67.00	134	134
799093	799094	2	80.00	160	160
799824	799839	16	134.12	144	151
800677	800850	174	152.89	150	208
802978	803072	95	128.28	128.5	157
804813	804852	40	120.30	122	134
805084	805185	102	122.86	123	168
806767	806892	126	268.40	294	365
807811	807838	28	136.57	141	158
809099	809133	35	207.03	214.5	245
809356	809364	9	137.78	159	164
810094	810180	87	157.31	160	205
812224	812330	107	199.49	198	254
812721	812954	234	201.35	151	369
813884	813959	76	245.95	230	339
814392	814475	84	142.80	146	181
817087	817167	81	140.95	145.5	162
819893	819955	63	162.67	160.5	201
820652	820692	41	109.98	113.5	133
821626	821756	131	165.21	169.5	201
822801	822872	72	123.11	119	163
823239	823505	267	1171.02	1140	2360
823836	823941	106	201.54	204	250
825328	825402	75	156.55	156	200
826003	827111	1109	151.48	149	234
828180	828581	402	409.87	141	1393
829233	829660	428	215.32	166	455
830786	831165	380	495.87	309	1255
832809	832859	51	150.20	156	170
834952	834990	39	147.59	152	177
835471	835670	200	176.03	172	246
837009	837064	56	144.00	147	176
838403	838503	101	131.82	133	155
838933	839098	166	156.28	157	189
839807	839872	66	990.20	1046	1573
840077	840262	186	509.14	497	807
841079	841119	41	215.32	228	255
842230	842335	106	243.45	179	590
845345	845821	477	337.01	291	967
846431	846478	48	381.77	380	480
846677	847232	556	352.14	153	1187
848256	848869	614	164.99	164	233
850103	850232	130	134.73	131	179
852627	853628	1002	175.75	163	403
854880	854932	53	175.43	178.5	219
855293	855314	22	146.32	151	172
855819	855892	74	159.82	165	199
860111	860117	7	138.43	161.5	170
862974	862986	13	130.23	141	159
863944	864179	236	292.88	282	467
865467	865595	129	380.70	397	460
865971	866026	56	112.61	116	134
867206	867394	189	524.41	460.5	1105
867911	867985	75	295.60	273.5	456
868475	868539	65	242.42	250.5	325
869119	869168	50	181.74	184	215
869502	869504	3	93.33	140	142
871251	871261	11	128.18	140.5	151
871850	871885	36	174.00	176	223
872328	872361	34	171.09	176	196
872938	873107	170	172.93	178	236
874194	874389	196	127.66	123	208
877447	877452	6	140.67	168	178
877885	877975	91	213.79	205.5	312
880673	880866	194	153.90	153	190
883483	883834	352	1224.47	1037	2461
886890	886914	25	155.36	162.5	182
887470	887551	82	680.59	673	925
888425	888439	15	114.13	122	141
889094	889305	212	166.50	168	207
889621	889696	76	139.03	137	175
890924	890952	29	296.86	319	407
893035	893111	77	219.86	191	360
893580	893749	170	386.87	403	579
894122	894279	158	1011.23	974	1431
896451	896747	297	1168.96	1384	2623
901356	901735	380	148.91	147	198
902033	902108	76	145.16	146	169
903117	903200	84	161.70	159	263
904281	904844	564	173.59	166	292
905415	905484	70	130.83	140	165
906655	906831	177	166.80	166	216
907636	907652	17	131.00	143.5	150
908315	908330	16	732.88	790	876
908400	908497	98	389.91	152	3990
909293	909439	147	173.40	170	241
909641	909779	139	142.53	145	176
910674	910734	61	176.90	177	223
911692	911755	64	115.19	113	142
914339	914612	274	140.52	134	211
915156	915587	432	214.28	164	889
916128	916261	134	193.02	193	234
916745	916953	209	185.36	177	272
917164	917279	116	185.11	187	236
917985	918134	150	173.70	180	261
918489	918559	71	160.30	163.5	196
918986	918997	12	207.25	227	238
919247	919324	78	140.55	145	165
921281	921285	5	112.60	140.5	144
921778	921779	2	112.50	225	225
922835	922847	13	394.38	431.5	483
922974	923150	177	947.88	589.5	3273
923233	923242	10	1729.10	1924	1999
923315	923526	212	526.39	176	7720
923791	924078	288	154.88	144	265
926026	926076	51	171.29	176.5	187
926521	926719	199	149.01	150.5	215
926972	927091	120	352.88	353	495
928291	928292	2	70.00	140	140
929166	929219	54	156.54	160	197
931212	931277	66	216.35	218	266
932577	932733	157	377.15	375.5	542
933991	934020	30	296.17	318	345
934744	934863	120	652.60	650	816
937027	937038	12	99.50	109	116
937891	937911	21	659.57	661.5	929
938377	938385	9	118.67	131	146
939190	939192	3	93.33	140	143
940390	940409	20	129.25	133	154
940923	940994	72	148.78	151	186
942054	942067	14	97.43	105	110
942836	942842	7	124.71	144.5	150
943386	943434	49	144.06	147	159
944125	944219	95	159.53	170	208
944538	944617	80	170.49	157	228
945242	945288	47	127.64	129	160
945637	946063	427	158.85	157	219
947771	947956	186	190.47	174	314
949847	950236	390	452.67	169	1579
952738	952792	55	147.82	149	165
953765	954140	376	183.65	188	240
955626	955646	21	172.43	182	196
956712	956718	7	127.57	144	165
957544	957545	2	57.50	115	115
959735	959836	102	182.94	163	300
960683	960828	146	160.31	160	194
961618	961743	126	126.03	127	156
962206	962265	60	168.72	174	192
963788	963925	138	181.56	173	302
965066	965071	6	164.00	197	202
965717	965725	9	110.89	126.5	131
966353	966529	177	160.62	164	197
967559	967594	36	809.06	835	1008
968846	968936	91	131.44	124	177
969948	969967	20	151.05	158	189
971637	971855	219	190.68	176	350
972372	972387	16	129.75	139	146
973348	973358	11	123.27	135	147
973944	974098	155	173.46	164	239
975059	975142	84	177.87	178	253
975356	975367	12	112.83	120	147
976193	976310	118	139.14	142	174
977880	977902	23	131.35	139	166
979259	979368	110	148.44	144	191
980928	980966	39	130.82	133.5	153
981135	981253	119	145.85	140	216
982142	982167	26	128.62	131	153
984895	985008	114	135.30	139	167
986008	986414	407	2650.60	1219.5	5835
987624	988073	450	200.93	173	429
988575	988652	78	157.68	152	205
989274	989336	63	254.29	225.5	385
989728	989799	72	976.51	916	2570
991492	991552	61	146.10	150	169
992165	992186	22	133.86	141	157
995034	995079	46	201.39	209	246
996229	996279	51	205.00	219	232
996721	996947	227	151.82	149.5	213
997272	997378	107	137.10	137	179
997820	997911	92	295.61	332	423
998452	998463	12	146.50	158	175
999727	999801	75	285.67	285.5	356
1003143	1003176	34	245.71	262	276
1003744	1003808	65	166.94	165	258
1004202	1004253	52	161.79	173	226
1005238	1005255	18	597.67	635	691
1005430	1005620	191	1183.74	1099.5	2867
1007517	1007580	64	129.98	131	156
1007878	1008138	261	151.56	149	213
1011367	1011885	519	165.39	161	243
1013734	1013887	154	708.10	617	1757
1014314	1014433	120	165.47	169	241
1016942	1017043	102	170.25	171	198
1018121	1018903	783	179.08	179	255
1020293	1020331	39	162.72	168.5	190
1021184	1021350	167	349.35	332	804
1021948	1021968	21	133.00	138.5	167
1022698	1022714	17	148.35	161	170
1023954	1023968	15	124.07	128	155
1024740	1025388	649	162.29	161	249
1025623	1025628	6	124.83	153	162
1028413	1028417	5	127.80	159	167
1030935	1030952	18	142.11	146	178
1031433	1031696	264	154.67	156	200
1032456	1032576	121	128.41	126.5	188
1033210	1033299	90	119.97	122	144
1037835	1037840	6	101.50	121	128
1038084	1038105	22	276.68	318	335
1039096	1039167	72	120.57	123	140
1039636	1039970	335	264.27	249.5	458
1041723	1041799	77	125.97	123	154
1042112	1042383	272	133.20	134	192
1043338	1043943	606	160.35	134	606
1044856	1044887	32	120.09	126	137
1046007	1046014	8	132.38	153	162
1046354	1046505	152	145.38	138	213
1047970	1047991	22	189.68	207	223
1048946	1048951	6	126.33	148	159
1050558	1050753	196	209.88	211	304
1051255	1051310	56	192.89	192	243
1053252	1053263	12	169.42	187	198
1053849	1053876	28	135.54	140	160
1054351	1054721	371	194.83	182	388
1055277	1055348	72	117.31	119	142
1055619	1055644	26	134.62	139	149
1056620	1056739	120	218.57	222	276
1057460	1057542	83	172.13	167	216
1059112	1059260	149	141.81	143.5	162
1059687	1060317	631	603.13	268.5	2096
1060837	1060890	54	374.22	324	837
1061380	1061487	108	428.29	493	721
1062307	1062356	50	407.06	413	524
1063224	1063317	94	260.97	239	449
1063561	1064072	512	868.12	677	2890
1064592	1064645	54	363.35	322	801
1065135	1065227	93	185.31	164	322
1066047	1066055	9	140.44	158	172
1066677	1066705	29	184.66	193	211
1067486	1067526	41	672.80	671	910
1068556	1068575	20	124.05	132	140
1068786	1068900	115	304.61	281.5	553
1069831	1070024	194	128.43	125	196
1072050	1072277	228	169.66	167	222
1073211	1073252	42	157.69	154	194
1073478	1073493	16	161.44	173	186
1073740	1074006	267	155.27	148	243
1078482	1078488	7	100.71	117.5	121
1079280	1079477	198	236.86	259	372
1080771	1080998	228	127.61	127	171
1081725	1081729	5	94.00	116.5	122
1082849	1083146	298	179.34	176	261
1083711	1083770	60	124.77	130	156
1084320	1084450	131	104.49	106	132
1085165	1085256	92	132.87	137	157
1085560	1085644	85	145.32	149	164
1086431	1086580	150	158.47	160	214
1086995	1087326	332	147.97	145	213
1087636	1087779	144	273.15	284	368
1088686	1088697	12	126.58	139	145
1091149	1091780	632	177.48	174	252
1093122	1093130	9	165.44	188	193
1093830	1094750	921	149.63	151	215
1097514	1097798	285	127.84	117	211
1099173	1099184	12	193.33	214	221
1099626	1099719	94	141.07	142	175
1102042	1102103	62	815.00	845	999
1103166	1103189	24	257.29	272	301
1104162	1104192	31	484.29	518	566
1104568	1104709	142	118.94	119	150
1107359	1107476	118	144.44	145	171
1108272	1108371	100	124.45	129	165
1109533	1110003	471	696.63	414.5	1811
1111778	1111917	140	150.11	149	188
1112533	1112852	320	149.29	151	204
1113276	1113353	78	120.29	122	141
1114722	1114821	100	466.65	482	642
1114945	1115019	75	147.29	148.5	187
1116256	1116260	5	97.00	121	128
1116960	1117102	143	198.90	198.5	358
1118549	1118660	112	171.04	170	208
1119816	1119829	14	162.86	176	183
1120256	1120322	67	203.75	210.5	232
1121052	1121151	100	136.00	135	172
1122415	1122448	34	175.47	194	214
1123532	1123677	146	197.32	221	284
1124146	1124288	143	142.78	139	204
1125087	1125372	286	162.92	163	227
1125646	1125666	21	115.57	121	138
1126738	1126900	163	131.66	129.5	179
1127525	1127863	339	118.18	118	204
1131471	1131479	9	122.56	137.5	151
1132718	1132967	250	362.58	379	647
1134174	1134380	207	146.36	145	189
1135041	1135063	23	160.17	160	208
1136612	1136616	5	141.40	176	186
1137292	1137536	245	203.03	164	489
1137606	1137859	254	208.72	157	476
1138013	1138463	451	173.20	172	269
1140621	1140800	180	1316.40	1092	3340
1140993	1141050	58	156.91	166	193
1141264	1141287	24	193.42	202	220
1143298	1143396	99	294.43	296.5	383
1144330	1144389	60	110.05	114	128
1145221	1145372	152	178.00	178	253
1146840	1147348	509	155.95	152	229
1148435	1148539	105	145.40	144	192
1149386	1149444	59	121.10	119.5	161
1151257	1151397	141	959.43	1043.5	1395
1151617	1151669	53	178.62	179	217
1153371	1153414	44	144.18	147	191
1155557	1155653	97	198.07	193.5	252
1155960	1157412	1453	176.45	178	271
1157929	1158026	98	104.92	111	140
1160622	1160761	140	124.09	129	150
1161506	1161579	74	633.99	644	767
1164233	1164349	117	452.38	465	568
1166105	1166125	21	125.81	133.5	148
1166810	1166948	139	207.07	205	362
1168524	1168604	81	129.90	134.5	162
1169199	1169423	225	172.77	168	268
1170453	1170701	249	456.40	187.5	7990
1170773	1170842	70	4303.19	4270	5101
1171167	1171214	48	153.79	158	187
1171479	1171570	92	164.00	166	190
1172276	1172694	419	152.51	148	225
1173910	1173912	3	223.67	335.5	340
1174888	1174968	81	783.65	817.5	1066
1175040	1175077	38	677.47	407	2903
1175732	1175882	151	184.84	166	322
1177464	1177669	206	283.59	282	578
1178675	1179294	620	984.54	145	5077
1182441	1182478	38	134.26	139	147
1183193	1183496	304	518.38	574	1010
1189264	1189304	41	173.00	178	190
1192446	1192791	346	181.97	165	324
1193290	1193396	107	135.62	136.5	158
1194297	1194347	51	128.41	130	152
1194840	1194845	6	98.33	118	119
1195299	1195316	18	161.50	171	176
1196490	1197416	927	457.42	236	1438
1198839	1198843	5	146.00	182	186
1199237	1199436	200	145.56	140	227
1200760	1200772	13	112.77	119	143
1204317	1204597	281	161.62	150	302
1206107	1206147	41	189.34	195	213
1207594	1207865	272	140.86	143	193
1209132	1209223	92	131.60	132	173
1209341	1209423	83	227.07	226	283
1209544	1209558	15	170.07	181.5	195
1209691	1209714	24	143.71	151	161
1209964	1210030	67	712.84	729	840
1211078	1211112	35	178.66	189.5	204
1211527	1211702	176	215.14	177	491
1213311	1213479	169	242.05	140.5	565
1214212	1214238	27	139.74	143	186
1215139	1215372	234	111.48	110	169
1215646	1215651	6	86.00	103	107
1216348	1216356	9	126.67	143.5	151
1217530	1217649	120	146.26	147	178
1218040	1218045	6	111.17	132	142
1218628	1218719	92	104.98	103	170
1220178	1220348	171	175.92	172	227
1220898	1220989	92	118.76	114	144
1221581	1221675	95	137.36	139	160
1222396	1222697	302	212.57	188	400
1223493	1223720	228	146.70	147	184
1224219	1224297	79	723.54	717	950
1224532	1224840	309	121.25	121	182
1225726	1225804	79	143.09	144.5	174
1227242	1227302	61	412.39	392	576
1228005	1228047	43	128.02	132	147
1229059	1229077	19	148.79	157	171
1230506	1230511	6	120.00	145	152
1232978	1233049	72	135.85	136	159
1233772	1233774	3	115.00	172.5	176
1234209	1234337	129	193.31	197.5	226
1234846	1234969	124	170.37	171	233
1235228	1235232	5	138.80	176	183
1235479	1235480	2	97.50	195	195
1235823	1235829	7	165.00	192	198
1236088	1236469	382	167.68	170	256
1236884	1237016	133	128.15	126.5	176
1237518	1237545	28	132.93	138	156
1240107	1240158	52	157.06	156	196
1240465	1240556	92	179.17	174	220
1241409	1241648	240	410.85	384	766
1242030	1242066	37	158.86	162.5	182
1242331	1242454	124	131.90	133	175
1242830	1242924	95	273.61	263	410
1243807	1243829	23	163.39	172	185
1246090	1246180	91	153.15	153	246
1246925	1247103	179	252.46	244	357
1248367	1248476	110	761.91	527	8000
1248549	1248592	44	2005.23	2063	2511
1249325	1249354	30	153.67	156	184
1251844	1251929	86	162.13	162	204
1252902	1252949	48	119.77	123	136
1253487	1253789	303	240.64	164	659
1254471	1254738	268	145.46	143	223
1255240	1255756	517	149.68	145	224
1257944	1258143	200	318.44	363	554
1258966	1258977	12	125.33	135	143
1260955	1260971	17	156.29	166.5	179
1261809	1261867	59	110.19	104	173
1263197	1263262	66	113.03	114	143
1264799	1265087	289	149.99	147	219
1267055	1267421	367	154.32	153.5	219
1268115	1268364	250	193.46	194	272
1269661	1270000	340	164.08	163	201
1270343	1270802	460	144.86	145	232
1272315	1272321	7	112.29	130.5	143
1273121	1273620	500	224.89	167	1168
1273753	1273780	28	180.86	190	217
1274258	1274437	180	3432.06	3734	5435
1275485	1275555	71	160.18	156.5	199
1276831	1276939	109	152.03	150	196
1277219	1277459	241	172.25	150.5	333
1279013	1279078	66	124.39	125	150
1279631	1279684	54	130.80	132	150
1281530	1281531	2	70.00	140	140
1281943	1281992	50	133.38	140	158
1283169	1283243	75	223.03	228.5	267
1284069	1284222	154	150.38	150	194
1285012	1285027	16	183.69	196	206
1286645	1286710	66	130.55	132	159
1287833	1287938	106	709.42	710	853
1290256	1290359	104	118.16	119	152
1291727	1291776	50	356.84	352	457
1293229	1293541	313	147.32	148	192
1294937	1295128	192	153.59	151	207
1295423	1295437	15	147.27	157.5	170
1296173	1296233	61	146.70	147	185
1296759	1296811	53	134.40	135	153
1298345	1298629	285	142.34	124.5	278
1299155	1299186	32	352.72	387	428
1300348	1300380	33	157.21	162.5	178
1301161	1301173	13	145.08	157	165
1301522	1301568	47	119.15	120.5	147
1301767	1301795	29	1602.41	1499.5	2450
1303136	1303143	8	178.62	203	208
1303834	1304479	646	155.01	153	221
1305955	1305959	5	100.00	124.5	127
1307198	1307303	106	187.12	191	219
1308513	1309029	517	161.22	158	244
1310860	1311027	168	156.01	156	228
1311532	1311840	309	138.02	139	180
1313179	1313289	111	129.12	125	198
1313458	1313560	103	166.57	169	206
1313927	1313938	12	160.00	175	186
1316021	1316165	145	167.59	159	302
1318596	1318733	138	157.85	137	331
1320300	1320369	70	177.57	181	235
1321756	1321897	142	151.14	153	188
1322591	1322909	319	149.07	141.5	274
1324317	1325106	790	158.76	157	229
1326835	1326891	57	141.42	145	184
1327852	1328092	241	145.02	144.5	175
1328660	1328677	18	145.28	155	174
1330139	1330249	111	155.38	154	207
1330724	1330751	28	143.57	148	167
1331148	1331159	12	124.67	138	148
1331730	1331833	104	155.00	154	198
1333442	1333521	80	131.38	132	169
1334080	1334180	101	671.90	692.5	860
1334994	1335008	15	146.13	157	165
1337003	1337075	73	121.30	120.5	155
1338045	1338221	177	157.18	161	204
1338576	1338655	80	158.41	163	183
1340456	1340633	178	638.53	523	1815
1342431	1342533	103	126.83	123	173
1344403	1344582	180	134.14	134	167
1345981	1346076	96	296.72	284	496
1347112	1347172	61	143.87	147	168
1347908	1347916	9	124.44	140.5	150
1348766	1348833	68	123.09	124	142
1350294	1350413	120	174.44	168	233
1351431	1351612	182	962.39	995	2164
1351838	1351948	111	139.22	142	167
1352795	1352828	34	148.50	153	180
1355586	1355786	201	174.34	176	212
1357149	1357231	83	130.49	132	153
1360691	1360807	117	198.16	212.5	278
1361099	1361166	68	138.57	134	174
1361557	1361878	322	162.42	145	281
1362503	1362507	5	136.60	171	180
1363162	1363289	128	139.64	134	213
1363464	1363470	7	109.29	127.5	136
1364089	1364090	2	73.50	147	147
1366969	1367260	292	169.22	167	237
1368341	1368410	70	163.64	165	209
1372713	1372862	150	137.98	141	180
1373643	1373778	136	143.07	144	185
1373971	1374060	90	138.49	143	163
1374637	1374755	119	147.98	146	226
1375839	1375910	72	137.24	132	174
1377000	1377216	217	142.50	144	172
1378333	1378377	45	110.87	108.5	149
1378984	1378989	6	123.17	149	158
1379593	1379613	21	195.29	210.5	224
1379923	1380018	96	152.66	148	207
1381012	1381031	20	125.10	131	149
1381329	1381366	38	146.21	149	170
1382353	1382385	33	155.85	159.5	180
1383094	1383191	98	129.84	131	161
1385160	1385411	252	187.97	165	348
1386078	1386586	509	156.42	156	211
1388081	1388108	28	129.11	134	149
1396768	1397086	319	183.13	186	245
1397876	1398293	418	505.34	460	1325
1399497	1399741	245	147.76	145.5	244
1401050	1401084	35	140.00	142.5	163
1401586	1401671	86	159.62	170	206
1402155	1402352	198	169.08	168	232
1402638	1402686	49	192.59	205.5	233
1403101	1403361	261	151.53	156.5	204
1404058	1404291	234	153.55	153	189
1405201	1405261	61	166.16	172	212
1406627	1406656	30	137.10	140	163
1406990	1407201	212	152.67	150	192
1407835	1407962	128	157.77	161	182
1408200	1408204	5	83.80	106	107
1409366	1409559	194	112.95	115	143
1413130	1413286	157	170.91	175	215
1413980	1414002	23	201.43	223.5	259
1414145	1414282	138	145.22	144	189
1415912	1415984	73	132.82	125	199
1416504	1416705	202	207.19	211	292
1417300	1417539	240	334.75	178	919
1419877	1419925	49	164.14	170.5	193
1421165	1421237	73	1709.10	1236.5	7999
1421317	1421474	158	1763.31	1717	3865
1422834	1422878	45	133.67	133	173
1424601	1424684	84	128.85	125	165
1426608	1427041	434	165.90	163	234
1429709	1429797	89	160.85	161	203
1430308	1430437	130	128.32	129	155
1431281	1431284	4	104.00	137	145
1431504	1431626	123	156.16	153	203
1432758	1432852	95	155.91	155.5	191
1434370	1434537	168	139.49	136	186
1435618	1435721	104	156.30	166	198
1436064	1436153	90	182.69	187	226
1437690	1437915	226	169.88	168	227
1441981	1442503	523	171.49	172	237
1443416	1443545	130	172.88	162	249
1445723	1445742	20	199.90	211	225
1445998	1446190	193	341.75	288.5	733
1447517	1447846	330	173.85	177	271
1450067	1450086	20	146.70	159	188
1451239	1451254	16	173.75	188	202
1452374	1452726	353	170.36	171.5	257
1453102	1453316	215	178.89	155	397
1454574	1454592	19	143.05	154	168
1455367	1455394	28	114.43	120	126
1456082	1456259	178	155.46	156	191
1456785	1456802	18	125.17	133	142
1457907	1458056	150	170.66	164	263
1459686	1459913	228	169.16	174	224
1460553	1460846	294	170.65	170	216
1461867	1461948	82	146.85	149	182
1463569	1463650	82	142.51	147	196
1464356	1464367	12	211.58	233	249
1464815	1464940	126	163.21	154	227
1465694	1465708	15	121.07	130.5	141
1466432	1466529	98	152.87	156	199
1468093	1468343	251	152.71	153	234
1470993	1470999	7	223.43	260	272
1472184	1472584	401	131.79	130	184
1473443	1473508	66	179.71	186	234
1474907	1475238	332	399.49	325	879
1475545	1475693	149	932.24	879	1814
1475991	1476058	68	295.47	294	378
1477676	1477712	37	129.54	131	150
1478196	1478239	44	409.20	437	553
1479068	1479460	393	407.12	189	1207
1480877	1480969	93	135.96	133	172
1481303	1481406	104	163.67	169	195
1482592	1482616	25	487.32	503.5	648
1482796	1482856	61	418.07	428	602
1483265	1483315	51	126.10	131.5	144
1484249	1484548	300	445.95	446	1020
1484984	1485024	41	140.05	144.5	152
1486708	1486982	275	190.67	135.5	532
1488039	1488254	216	142.75	143	181
1488852	1488974	123	192.52	214	274
1490721	1490758	38	108.03	113	129
1491203	1491285	83	156.92	157	200
1491562	1491795	234	229.38	249	313
1492288	1492428	141	232.74	156.5	815
1494028	1494172	145	144.48	145	190
1495091	1495173	83	126.29	130.5	157
1496149	1496398	250	131.57	136	222
1496831	1496903	73	1529.49	1587	2261
1496973	1497216	244	416.92	355	5028
1498288	1498330	43	139.12	131	179
1498622	1498701	80	120.54	121	144
1499815	1499922	108	178.94	177	218
1500340	1500488	149	177.86	168	306
1501305	1501342	38	196.55	208	232
1502303	1502324	22	130.36	139	153
1503390	1503456	67	122.00	125	151
1504255	1504299	45	138.58	139.5	155
1506192	1506398	207	200.81	211	279
1507131	1507283	153	366.37	359.5	479
1508322	1508393	72	294.17	284	378
1509399	1509454	56	141.32	145	163
1511526	1511591	66	229.21	231	266
1512210	1512320	111	169.14	157	287
1512576	1512708	133	250.53	180.5	547
1513963	1514070	108	141.28	142	162
1515139	1515368	230	163.48	165	201
1516998	1517236	239	803.28	230.5	2878
1518830	1518993	164	176.68	173	221
1519447	1519663	217	152.56	150	189
1520666	1520673	8	146.25	164	179
1521361	1521481	121	144.17	143.5	171
1525411	1525832	422	137.68	134	229
1526952	1527716	765	194.31	193.5	418
1528029	1528141	113	141.84	136.5	194
1530335	1530414	80	140.62	143	169
1530850	1530969	120	461.98	446	613
1531081	1531193	113	152.44	155.5	187
1532396	1532604	209	307.52	345	464
1534168	1534448	281	138.24	134	206
1536365	1536406	42	116.93	120	132
1536910	1536985	76	1601.07	1627	1909
1537592	1538544	953	183.15	175	376
1539895	1539952	58	174.21	185	217
1540787	1540817	31	216.10	233.5	254
1542807	1542833	27	160.48	166.5	191
1543668	1543922	255	149.67	146.5	201
1544505	1544513	9	126.89	142	148
1545351	1545381	31	124.29	129.5	143
1546093	1546122	30	140.60	146	155
1548103	1548206	104	188.98	174	292
1548408	1548630	223	152.04	162	200
1548928	1549178	251	266.90	210.5	548
1550076	1550077	2	93.00	186	186
1551716	1551741	26	877.62	887	1164
1552300	1552302	3	103.33	155	157
1553080	1553329	250	140.12	142	187
1554716	1554838	123	114.74	113	151
1555934	1556096	163	132.87	131	174
1556511	1557245	735	341.96	158	2388
1557315	1557395	81	1305.52	1199	5202
1558329	1558483	155	154.47	157	189
1559207	1559328	122	612.20	502	1123
1561176	1561466	291	184.28	174.5	283
1561902	1561943	42	307.10	320	357
1563387	1563531	145	163.83	171.5	249
1564738	1564749	12	152.83	166	186
1565347	1565390	44	483.48	518	595
1566288	1566323	36	130.44	131	170
1568314	1568626	313	157.95	157	212
1570925	1570975	51	119.06	125.5	157
1572278	1572485	208	1242.73	1175	2120
1572780	1572848	69	510.26	515	701
1573644	1573728	85	1480.51	1419.5	2402
1577029	1577149	121	170.66	160.5	242
1579022	1579093	72	130.90	131	162
1583048	1583406	359	358.74	150	1613
1585198	1585286	89	133.84	131	175
1586076	1586242	167	154.29	157.5	194
1588757	1588816	60	150.17	151	182
1589144	1589203	60	138.02	138	157
1590221	1590282	62	155.76	157	185
1590706	1590798	93	150.00	153	173
1593091	1593214	124	164.75	167	183
1595420	1595485	66	145.29	145	180
1596612	1596667	56	158.88	163	186
1596875	1596967	93	152.83	150.5	206
1597364	1597515	152	201.91	208	252
1597816	1597855	40	156.18	162	172
1598564	1598655	92	217.04	216	269
1599166	1599352	187	168.62	167	224
1600379	1600651	273	154.49	155	194
1600775	1600801	27	173.19	176.5	201
1601051	1601055	5	134.80	166.5	175
1602884	1603034	151	181.50	182	221
1603413	1604318	906	172.09	169	252
1605636	1606128	493	161.38	156	276
1606687	1606745	59	172.88	174.5	227
1608000	1608051	52	193.90	193	244
1608814	1609372	559	178.83	177	254
1610354	1610363	10	523.30	581	589
1611255	1611259	5	149.20	185.5	192
1611851	1611905	55	477.02	474	608
1612746	1612869	124	952.85	992	1635
1613446	1613463	18	196.78	209	221
1614394	1615203	810	161.99	141	803
1616269	1616283	15	169.67	180.5	196
1616956	1617133	178	175.29	175	225
1617290	1618180	891	168.48	166	254
1618685	1618799	115	164.24	160	215
1619694	1621095	1402	770.99	190	4978
1621510	1621902	393	167.89	164.5	242
1622218	1622797	580	284.28	165	7998
1622867	1622969	103	1488.43	1452	2444
1623408	1623448	41	155.83	150	200
1625642	1625701	60	122.87	125	140
1626017	1626356	340	143.84	143	206
1626594	1626653	60	183.75	184	221
1627113	1627205	93	187.66	179	264
1629447	1630062	616	190.01	175	484
1630870	1631338	469	175.98	165	340
1632923	1632993	71	136.56	136.5	171
1633792	1633894	103	160.68	160	193
1636565	1636579	15	122.93	126	153
1638623	1638667	45	129.67	133.5	146
1640057	1640260	204	169.88	174	208
1642031	1642171	141	224.74	233.5	302
1643009	1643489	481	146.98	146	204
1643955	1644010	56	157.82	154	195
1644434	1645141	708	159.93	160	230
1646819	1646822	4	129.75	173	179
1650158	1650200	43	113.42	112.5	144
1650984	1651358	375	186.15	182	321
1652667	1652731	65	235.63	233	311
1653170	1653254	85	182.40	179	248
1655832	1655980	149	191.23	180	293
1657268	1657273	6	220.33	263	273
1658129	1658134	6	100.17	119	126
1659020	1659118	99	154.38	154	188
1659932	1660024	93	725.09	747.5	912
1660718	1660734	17	153.47	161	180
1661758	1661769	12	105.75	115	123
1662751	1662870	120	1363.20	1427	1907
1663606	1663656	51	146.16	150	170
1664296	1664305	10	127.60	141	151
1666180	1666187	8	244.75	271	342
1667028	1667057	30	142.93	147	158
1667229	1667295	67	142.87	142	176
1668031	1668135	105	121.91	124	151
1669261	1669272	12	194.50	212	232
1670623	1670629	7	134.86	156	166
1671206	1671450	245	184.62	180	249
1672009	1672122	114	157.96	162	198
1673677	1673934	258	136.59	137	171
1675342	1675455	114	159.96	162	189
1678867	1678976	110	146.73	148	186
1680387	1680388	2	62.00	124	124
1681903	1682041	139	258.48	241	485
1682615	1682664	50	584.04	621	819
1682800	1682807	8	670.00	768	782
1683547	1683751	205	200.30	172	365
1685431	1685435	5	122.80	155.5	156
1687442	1687583	142	157.32	160	190
1689150	1689720	571	158.55	157	244
1692190	1692264	75	182.68	183	212
1692955	1692984	30	132.70	137	148
1694919	1695067	149	140.21	144	189
1695548	1695553	6	130.50	157	159
1696850	1697251	402	169.06	169	242
1697969	1698070	102	147.39	148	193
1698710	1698932	223	145.61	137	222
1699266	1699268	3	154.00	231	233
1700166	1700262	97	203.39	203.5	279
1700770	1701368	599	231.29	166	1318
1702089	1702112	24	145.67	153	163
1702650	1702822	173	696.32	709	900
1704467	1704605	139	1105.86	1123	1454
1705011	1705425	415	292.71	243	713
1706482	1706684	203	211.43	207	305
1706949	1707134	186	171.88	174	209
1707774	1707880	107	214.54	216.5	245
1708412	1708664	253	150.43	154.5	189
1709163	1709179	17	146.41	154.5	175
1710248	1710352	105	170.11	165	242
1711871	1712013	143	151.17	144	225
1712815	1712942	128	151.52	148	233
1713310	1713331	22	425.45	194	1173
1714073	1714347	275	240.17	182.5	635
1715068	1715265	198	138.22	135	190
1716184	1716188	5	106.40	133	139
1716636	1716787	152	143.57	143	182
1717502	1717706	205	155.01	158	194
1720944	1721057	114	207.70	230	287
1723430	1723539	110	235.09	242	287
1724734	1724848	115	170.06	167	231
1725230	1725259	30	224.10	232	258
1725827	1725918	92	148.14	152	193
1728079	1728452	374	180.85	178	238
1728672	1728787	116	140.59	143	164
1729244	1729383	140	162.92	163	197
1730029	1730130	102	134.87	136	159
1730962	1731158	197	203.57	207.5	264
1731720	1731810	91	153.85	155.5	181
1733245	1733400	156	134.90	132	198
1733758	1733789	32	215.97	227	298
1733982	1733988	7	106.14	126	130
1735102	1735154	53	120.87	129.5	146
1735857	1735964	108	307.82	309	399
1737354	1737881	528	166.82	163	238
1739550	1739594	45	162.33	168	190
1741683	1741686	4	100.75	135	147
1741831	1741835	5	133.80	167.5	177
1742445	1742507	63	363.30	359.5	602
1743852	1743854	3	103.00	154.5	157
1744164	1744280	117	173.38	185	211
1744764	1744815	52	134.04	138	158
1745467	1745499	33	147.73	150.5	183
1746595	1746610	16	126.00	136	142
1747151	1747251	101	206.03	171.5	428
1747588	1747841	254	171.63	170	215
1748856	1749075	220	159.74	159	216
1750126	1750202	77	157.08	156.5	201
1751037	1751062	26	149.12	153	172
1751306	1751335	30	160.17	155	216
1751954	1752001	48	123.94	125	143
1752860	1753021	162	154.14	155	210
1754045	1754046	2	68.00	136	136
1754911	1754912	2	67.50	135	135
1755771	1755914	144	136.15	135	195
1756875	1756897	23	139.70	146.5	158
1757135	1757154	20	209.50	219	242
1758313	1758417	105	170.17	171	211
1759327	1759417	91	142.70	146	175
1759817	1759929	113	186.84	187.5	235
1762504	1762638	135	163.59	159	230
1763635	1763711	77	162.83	163.5	201
1764450	1764610	161	132.04	129.5	191
1764890	1765086	197	178.06	178	219
1765426	1765463	38	131.61	137	145
1766850	1766904	55	145.84	145	170
1767847	1767952	106	148.91	148	210
1768487	1768544	58	155.83	159	192
1768680	1768939	260	147.98	147	214
1772015	1772023	9	185.11	206	223
1772831	1772945	115	989.63	1055	1328
1773063	1773233	171	141.29	133	321
1775424	1775632	209	147.92	147	188
1776062	1776198	137	131.56	132	200
1778224	1778347	124	142.64	142	189
1779887	1780047	161	571.93	578	1005
1780845	1780852	8	83.25	96	100
1781216	1781316	101	129.64	132	160
1783230	1783249	20	127.90	138	152
1783901	1783938	38	231.76	233	288
1787653	1787723	71	180.76	194.5	230
1789023	1789027	5	107.20	136	137
1790303	1790368	66	145.11	145	168
1791794	1791951	158	279.61	285	352
1792390	1793211	822	1221.78	1081	3741
1793914	1794142	229	135.52	128.5	203
1795226	1795481	256	137.46	139	177
1797030	1797077	48	123.81	117	167
1797384	1797615	232	142.38	143	184
1799065	1799118	54	145.69	150	168
1799608	1799637	30	138.07	145	155
1800217	1800371	155	143.42	143	197
1800885	1800892	8	114.88	131	135
1802003	1802049	47	141.00	139.5	172
1802638	1802685	48	127.08	128	156
1804217	1804394	178	328.61	335	522
1804755	1804804	50	121.62	123	142
1806242	1806289	48	173.04	173	201
1807073	1807074	2	78.00	156	156
1808401	1808412	12	147.58	160	171
1809670	1809716	47	172.55	185.5	205
1810140	1810182	43	143.44	147	161
1811086	1811098	13	137.08	147	164
1812533	1812813	281	515.41	522	827
1813831	1814091	261	233.66	153	847
1815274	1815422	149	226.58	212	328
1815831	1815847	17	150.88	164	171
1816391	1816599	209	146.99	140	213
1817560	1817777	218	963.51	1107	1449
1818960	1818989	30	124.93	129	147
1819749	1819753	5	153.00	189	202
1820144	1820145	2	113.50	227	227
1820530	1820574	45	189.58	190	236
1820776	1821017	242	261.16	277	388
1821768	1821889	122	126.99	127	182
1824225	1824235	11	106.64	116.5	129
1824509	1824647	139	130.12	128	189
1824933	1825181	249	125.36	119	203
1826450	1826527	78	124.83	130	151
1827617	1827799	183	154.66	156.5	207
1829528	1829576	49	249.57	254	311
1831026	1831027	2	62.50	125	125
1831844	1831861	18	120.61	127	135
1832228	1832302	75	127.49	126.5	154
1832804	1832997	194	149.10	150	205
1834027	1834077	51	145.88	149.5	172
1835488	1835595	108	122.16	122	152
1836406	1836407	2	77.50	155	155
1837045	1837161	117	264.85	287.5	401
1838650	1838755	106	1749.06	1785	2207
1839002	1839007	6	126.83	153	154
1839323	1839384	62	418.56	424	533
1839556	1839684	129	187.69	163.5	321
1840648	1840741	94	149.70	153	173
1840997	1841044	48	152.08	155	183
1841996	1842009	14	121.43	131	136
1843867	1843940	74	167.23	150	246
1845684	1845759	76	151.55	156	177
1847383	1847467	85	139.40	141.5	159
1847741	1847828	88	153.39	154	187
1849119	1849302	184	213.22	174	445
1852168	1852528	361	499.93	338.5	1396
1853716	1853722	7	94.00	106.5	117
1854727	1855203	477	371.28	154	1471
1859908	1860031	124	178.98	172	270
1861010	1861018	9	134.67	148	167
1861808	1861830	23	158.87	163	178
1863064	1863289	226	263.11	152	748
1864268	1864439	172	466.17	509	913
1864761	1864767	7	158.00	186	189
1865944	1865978	35	105.60	108	125
1866441	1866455	15	212.33	213.5	267
1866747	1866872	126	155.03	155	180
1867374	1867863	490	119.95	117	169
1868488	1868939	452	163.75	153	330
1870453	1870691	239	147.57	148.5	236
1871406	1871522	117	140.83	130.5	203
1873143	1873350	208	167.01	162	226
1873780	1873842	63	410.32	425.5	543
1874395	1874473	79	177.61	128	351
1875251	1875267	17	169.71	181	189
1875739	1875796	58	128.41	131	159
1876957	1877024	68	421.40	477	626
1878738	1878955	218	181.23	172	287
1880708	1880980	273	139.17	143	196
1884092	1884095	4	76.50	102	104
1884372	1884433	62	451.76	481	670
1886348	1886476	129	128.19	128	162
1887203	1887215	13	131.38	141.5	152
1891375	1891422	48	132.48	128	187
1891786	1891890	105	167.01	166.5	210
1892206	1892345	140	143.39	139	223
1892928	1893006	79	156.92	156	225
1893733	1893903	171	548.18	522	1098
1894261	1894290	30	167.53	174	187
1895157	1895165	9	94.33	107.5	116
1895628	1895706	79	126.34	135	173
1897161	1897286	126	148.30	141	287
1897911	1897913	3	117.67	176.5	178
1898169	1898204	36	181.69	198	222
1898973	1899226	254	229.00	225	381
1899548	1899687	140	294.14	248	591
1899748	1899855	108	166.61	175	318
1901017	1901151	135	413.29	263.5	1048
1901599	1901771	173	400.11	292.5	836
1902528	1902529	2	56.50	113	113
1902986	1903030	45	130.53	133	148
1903655	1903657	3	101.67	152.5	153
1903988	1904029	42	465.64	485	532
1904372	1904430	59	523.24	523.5	692
1905955	1906093	139	630.81	556	1147
1906832	1906919	88	127.64	119	252
1907424	1907477	54	180.30	183	199
1908843	1908944	102	141.06	142	172
1910211	1910224	14	125.36	139	142
1911032	1911033	2	56.50	113	113
1911556	1911651	96	170.39	157	276
1911877	1911977	101	129.89	133	152
1913805	1913855	51	143.98	145	179
1914753	1914771	19	173.58	181.5	214
1915834	1916619	786	381.21	284	1170
1917814	1917869	56	212.29	209	256
1919097	1919363	267	357.75	363	519
1920825	1920851	27	150.22	158.5	167
1923877	1923882	6	168.17	201	207
1925251	1925323	73	175.40	176	237
1925828	1925834	7	154.71	182	189
1926699	1926892	194	309.94	311	698
1927607	1927732	126	152.72	152	193
1931180	1931339	160	176.88	154	417
1932603	1932764	162	204.17	205	326
1933686	1933700	15	156.40	168.5	178
1934580	1934587	8	352.38	389	446
1935173	1935471	299	153.17	141	323
1936797	1936936	140	168.82	136	290
1937816	1937821	6	118.00	140	147
1938251	1938279	29	148.62	153.5	165
1942812	1943307	496	164.09	160	232
1943839	1943950	112	164.42	167	189
1946074	1946153	80	180.85	180	223
1946622	1946700	79	233.67	235.5	303
1948099	1948202	104	127.98	128	175
1948581	1948659	79	137.43	137	159
1952585	1952818	234	150.95	147	226
1953023	1953073	51	142.45	152.5	169
1954724	1954813	90	154.13	158	190
1955222	1955406	185	619.20	633	991
1956124	1956125	2	164.50	329	329
1957409	1957416	8	128.62	148	150
1959469	1959523	55	174.44	175.5	220
1960814	1960850	37	128.38	129.5	151
1961889	1961986	98	165.35	172	197
1963580	1963747	168	214.60	227	272
1964252	1964411	160	249.57	241	349
1967597	1967769	173	182.50	181	237
1968580	1968653	74	161.65	165	188
1969896	1969930	35	116.89	119	139
1970819	1970821	3	99.00	148.5	149
1972226	1972289	64	471.31	503	673
1972776	1972831	56	175.30	177	197
1973411	1973457	47	160.57	162	194
1975837	1975931	95	191.46	188	275
1976976	1976982	7	151.00	176.5	183
1978111	1978128	18	231.17	245	266
1979452	1979495	44	186.68	188	216
1982496	1982512	17	133.82	141.5	165
1983251	1983416	166	169.09	167	225
1984491	1984646	156	363.13	358	511
1985079	1985141	63	123.16	127	154
1985736	1985740	5	118.20	147.5	151
1988611	1988930	320	561.94	559	917
1989603	1989974	372	757.35	618	1871
1990356	1990393	38	356.00	372	416
1990850	1991019	170	206.28	192	332
1991410	1991468	59	355.58	348.5	517
1992279	1992368	90	110.94	111	144
1993461	1993520	60	114.02	114	141
1995324	1995595	272	156.79	154	213
1998191	1998202	12	1274.25	1372	1511
1998653	1998655	3	70.00	105	108
1999154	1999239	86	303.02	284	444
1999894	2000204	311	139.57	139	192
2000730	2000731	2	80.50	161	161
2001581	2001646	66	154.12	158	214
2001938	2001981	44	164.77	170	208
2002822	2002836	15	1154.87	1254	1332
2003077	2003132	56	224.45	214	309
2004291	2004304	14	137.86	153	168
2005046	2005054	9	117.00	130.5	140
2005823	2006046	224	164.44	165	200
2006578	2006588	11	128.36	143	149
2007633	2007640	8	98.00	109	120
2008988	2009231	244	146.96	152	193
2010018	2010025	8	101.25	117	120
2010266	2010386	121	109.35	106.5	161
2011125	2011213	89	131.62	129	188
2012273	2012362	90	173.30	167	213
2014618	2014680	63	187.57	189	218
2015575	2015644	70	136.66	140	171
2016095	2016142	48	122.52	126	158
2018036	2018388	353	241.83	170	692
2019415	2019497	83	129.05	128.5	155
2021427	2021492	66	128.00	127	161
2021970	2022088	119	145.60	145	180
2023538	2023693	156	134.65	132	191
2023937	2024002	66	198.08	181	299
2024309	2024387	79	148.58	149	172
2024637	2024827	191	154.25	146.5	246
2025188	2025280	93	1067.72	1066	1623
2025363	2025398	36	1200.22	774	5680
2025738	2025792	55	134.15	137	154
2026177	2026182	6	120.83	143	155
2027875	2027928	54	873.00	902	1058
2028070	2028195	126	666.32	742	1050
2029111	2029233	123	132.29	130	176
2029669	2029761	93	157.58	154	213
2030131	2030321	191	391.77	355	761
2032140	2032189	50	143.04	145	174
2032694	2032853	160	327.81	314	577
2033400	2033448	49	184.92	190.5	241
2033569	2033870	302	149.25	147	196
2035694	2035729	36	149.53	151	171
2037377	2037412	36	128.56	131	145
2037668	2037771	104	154.71	156	197
2038636	2038684	49	140.73	150	177
2040041	2040473	433	161.63	162	222
2040849	2041037	189	145.53	142	199
2042237	2042289	53	244.64	265.5	311
2043055	2043150	96	145.76	153	198
2044318	2044387	70	144.23	146	171
2045222	2045409	188	208.36	208	295
2045761	2045792	32	200.12	198	252
2047395	2047566	172	277.66	149	791
2049562	2049644	83	525.54	535.5	689
2049978	2050013	36	176.53	181	209
2050734	2050904	171	192.33	187.5	312
2052497	2052498	2	168.00	336	336
2052829	2052980	152	189.55	186	267
2054403	2054485	83	1117.58	1143.5	1496
2055410	2055444	35	133.66	140	165
2057651	2057818	168	697.19	538	1558
2058131	2058723	593	164.49	163	213
2059855	2059906	52	400.56	408	459
2060816	2060864	49	179.92	188	212
2061525	2061919	395	156.60	154	228
2062319	2062387	69	158.17	152	218
2063432	2063553	122	128.40	130	159
2064172	2064179	8	125.00	142	147
2064894	2064925	32	158.81	160	183
2065559	2065616	58	283.97	290	344
2065965	2066151	187	321.64	301	631
2066368	2066555	188	143.91	141	207
2067141	2067447	307	157.87	147.5	321
2067733	2067957	225	359.18	411	675
2070178	2070347	170	114.13	105	177
2071164	2071334	171	140.57	135	195
2072043	2072092	50	123.46	123	145
2072804	2073027	224	167.52	169	214
2073616	2073627	12	135.17	148	155
2074447	2074597	151	150.69	152	198
2075779	2075870	92	128.87	122	180
2076351	2076364	14	113.50	122	128
2079131	2079492	362	125.84	119	181
2080138	2080209	72	418.21	400	690
2081389	2081505	117	176.14	172	242
2083841	2083851	11	349.00	380	407
2084683	2084802	120	818.48	842	1009
2084920	2085076	157	183.14	175	265
2085368	2085451	84	289.21	147	4837
2085521	2085583	63	1442.13	1288	2085
2085827	2085892	66	149.92	150	195
2086760	2086844	85	139.98	142.5	167
2089935	2090087	153	1033.50	1106	1381
2091701	2091759	59	130.58	140	159
2092219	2092385	167	683.13	761	1041
2093256	2093362	107	133.67	131.5	180
2094446	2094450	5	280.80	353.5	374
2095852	2095856	5	307.40	385	390
2096598	2096614	17	225.53	240	252
2097674	2097798	125	123.56	123.5	156
2099383	2099547	165	212.21	161	412
2100298	2100422	125	750.91	806.5	1266
2101002	2101117	116	133.53	131	199
2102306	2102329	24	106.75	110	123
2103020	2103269	250	130.96	138	184
2105516	2105521	6	115.17	139	141
2107161	2107366	206	226.06	220	460
2108057	2108532	476	163.19	160	225
2109337	2109422	86	153.69	160	191
2110131	2110180	50	130.14	133	152
2111801	2111809	9	127.33	144.5	148
2112134	2112252	119	130.43	130.5	156
2112670	2112976	307	311.10	339.5	542
2113988	2114133	146	525.29	525	687
2117719	2118061	343	137.51	128.5	255
2118449	2118509	61	140.87	151	170
2121369	2121520	152	142.64	142	181
2123723	2123744	22	179.45	185	208
2126034	2126400	367	1078.09	1075.5	2894
2129301	2129313	13	134.62	148.5	155
2130184	2130327	144	156.76	163	208
2133195	2133298	104	183.45	162	310
2134541	2134607	67	575.84	491.5	860
2134983	2135124	142	215.55	190	322
2135755	2135766	12	141.58	152	164
2136559	2136696	138	650.86	698	804
2137270	2137503	234	1033.54	1103	2665
2138167	2138193	27	123.15	128.5	139
2138461	2138584	124	152.34	163	187
2139818	2139890	73	222.93	225	251
2140665	2140802	138	178.58	151	294
2141802	2141927	126	151.95	150	212
2142180	2142278	99	170.36	168	212
2143308	2143336	29	174.59	175	225
2145101	2145108	8	121.75	138	145
2146339	2146365	27	197.81	206.5	220
2147452	2147524	73	150.36	151.5	177
2149523	2149801	279	358.97	245.5	725
2150423	2150529	107	204.09	196.5	272
2152495	2152638	144	239.31	210	396
2155064	2155132	69	174.84	172.5	214
2155547	2155926	380	145.02	148	183
2156563	2156573	11	127.55	139.5	147
2157753	2158037	285	147.83	149	198
2160426	2160556	131	161.98	163.5	221
2161505	2161586	82	175.39	160	273
2163573	2163924	352	377.84	260	780
2164594	2164650	57	182.19	169.5	252
2165668	2165682	15	145.67	158	166
2166757	2166790	34	265.35	277	369
2166989	2167148	160	226.72	198	411
2167914	2168001	88	140.75	138	175
2168314	2168670	357	127.34	127	169
2169583	2169841	259	293.95	235	685
2171177	2171429	253	220.18	183.5	429
2173266	2173279	14	196.79	208	242
2174819	2174869	51	184.92	188.5	213
2176160	2176208	49	151.39	159.5	172
2176608	2176854	247	159.55	161	224
2177236	2177466	231	177.57	180	216
2179459	2179470	12	144.33	160	168
2180389	2180456	68	162.74	163	196
2183823	2183836	14	160.50	173	192
2184074	2184118	45	193.82	200.5	221
2184521	2184739	219	161.53	165	211
2185178	2185190	13	157.08	171	178
2186058	2186063	6	123.17	147	154
2186853	2186864	12	189.67	207	216
2188452	2188717	266	168.79	168	219
2189084	2189140	57	219.21	224.5	284
2190914	2190916	3	94.67	142	143
2191898	2192024	127	142.81	143	178
2192931	2192959	29	117.07	120	132
2193500	2193729	230	711.75	379	1622
2194723	2194826	104	577.32	595	788
2195988	2196082	95	1420.98	1059	2735
2196153	2196273	121	520.88	164	5690
2197126	2197289	164	139.32	139	164
2198148	2198154	7	128.57	149.5	155
2199592	2199693	102	212.42	140	467
2199979	2200096	118	1122.83	1223	1818
2201654	2201697	44	120.16	114	181
2202112	2202116	5	900.60	1125	1153
2202507	2202559	53	828.23	782.5	1020
2203733	2203800	68	998.35	945	1712
2204845	2204907	63	130.73	133	149
2205877	2206001	125	160.13	160	192
2206802	2207166	365	163.16	166	238
2207344	2207505	162	235.43	190	571
2208079	2208153	75	271.35	272	339
2208556	2208565	10	113.40	129	132
2209148	2209182	35	179.94	185.5	204
2211253	2211548	296	177.52	170	325
2212965	2212969	5	118.20	147	153
2213474	2213658	185	170.78	174	224
2214706	2214772	67	145.60	149.5	179
2215454	2215465	12	125.17	138	144
2216285	2216507	223	136.13	130	257
2220561	2221933	1373	173.87	173	241
2222957	2223601	645	178.19	178	286
2224211	2224310	100	186.65	196	244
2224740	2226030	1291	183.67	182	299
2226801	2226907	107	190.74	182.5	303
2228168	2228528	361	162.59	162	253
2229015	2229022	8	143.88	164	176
2229908	2230008	101	183.22	186	226
2230724	2230822	99	162.80	158	217
2231843	2231896	54	151.19	154	177
2232755	2232978	224	180.83	181	242
2234020	2234140	121	176.01	178	214
2236352	2236383	32	131.88	133	177
2237641	2237947	307	153.51	156.5	215
2238425	2238500	76	167.07	154	247
2238702	2238732	31	170.68	179.5	193
2239174	2239304	131	169.23	169	209
2240724	2240799	76	536.63	547	778
2241082	2241119	38	1233.29	1252	1423
2241627	2241718	92	412.33	370	576
2242649	2242712	64	166.09	164	211
2243865	2243879	15	122.40	132	137
2244534	2244724	191	184.97	181.5	252
2244938	2245036	99	192.12	186	245
2245523	2245606	84	194.29	196	267
2247367	2247485	119	177.76	174	223
2247855	2248015	161	126.02	128	151
2248466	2248680	215	142.75	145	187
2251063	2251159	97	124.49	125.5	154
2251481	2251547	67	153.60	158	179
2251995	2252195	201	192.81	178	298
2252724	2252960	237	168.67	174	253
2253776	2253874	99	148.48	151.5	190
2254502	2254746	245	175.80	174	231
2255845	2255950	106	138.78	140	170
2257094	2257142	49	150.59	152	176
2258031	2258053	23	144.91	151	161
2258393	2258444	52	174.44	176	207
2259357	2259489	133	150.57	155	174
2259925	2259979	55	175.80	177	216
2261189	2261243	55	301.44	311	386
2261427	2261555	129	161.06	159.5	225
2262333	2262517	185	125.03	125	161
2263316	2263402	87	130.06	133.5	152
2263805	2263915	111	508.82	406	1351
2263987	2264072	86	1406.17	1435	1808
2266100	2266130	31	174.13	178	201
2267532	2267618	87	158.99	146	245
2267880	2267934	55	129.84	134	145
2268355	2268422	68	144.54	146	165
2269152	2269293	142	172.42	171	207
2270899	2270972	74	167.57	168	205
2274898	2274903	6	118.33	141	147
2275543	2275682	140	139.99	139	173
2276784	2276799	16	159.12	169	179
2280526	2280585	60	154.93	153	191
2281075	2281199	125	1925.67	1712	7967
2281286	2281326	41	4076.00	4191.5	5945
2282545	2282671	127	175.22	166.5	368
2283167	2283182	16	161.94	173	184
2284287	2284390	104	117.63	114	162
2284622	2284654	33	121.91	130	150
2285060	2285061	2	96.00	192	192
2285515	2285532	18	135.06	144	153
2286415	2286419	5	132.00	164	175
2286768	2286805	38	172.74	180	204
2287733	2287780	48	128.77	133	147
2288171	2288242	72	128.17	133	146
2288618	2288774	157	512.59	488	920
2288886	2288961	76	2083.04	2055	2733
2289520	2289521	2	67.50	135	135
2290839	2290962	124	152.51	156	192
2291404	2291443	40	108.78	112	126
2291984	2291989	6	134.50	161	166
2292350	2292351	2	76.00	152	152
2292889	2292927	39	137.38	141	156
2293327	2293356	30	164.57	173	184
2293894	2293938	45	144.69	149.5	169
2294278	2294279	2	76.00	152	152
2294643	2294656	14	168.57	181	199
2294903	2294939	37	206.35	208	280
2295132	2295136	5	106.00	132.5	134
2295563	2295573	11	131.27	144	153
2296306	2296332	27	167.37	171	193
2296684	2296704	21	129.24	136.5	149
2296978	2297011	34	108.21	112	122
2297873	2297904	32	139.91	139	172
2298830	2298876	47	172.79	175	197
2299516	2299795	280	1925.26	1261	3965
2300111	2300182	72	153.61	152	207
2300657	2300664	8	83.75	95	100
2301370	2301379	10	143.30	156	178
2303042	2303052	11	139.09	154	167
2303485	2303628	144	153.76	155	208
2305042	2305275	234	147.63	143	204
2305789	2305960	172	223.62	192	478
2306489	2306545	57	137.25	138.5	157
2308244	2308252	9	145.89	164	170
2309495	2309654	160	1365.21	651	8010
2309724	2309787	64	1363.19	1180	2621
2310331	2310342	12	143.83	154	187
2310529	2310737	209	791.89	740	1730
2312298	2312309	12	179.42	189	217
2314956	2315451	496	789.93	677	1950
2315725	2316061	337	152.90	145	236
2316485	2317074	590	132.82	134	183
2318236	2318308	73	990.48	1032.5	1100
2318917	2318926	10	123.20	136	142
2321978	2322144	167	168.38	170.5	225
2323297	2323398	102	226.07	236	305
2324755	2325519	765	300.57	252.5	768
2325922	2326060	139	162.78	170	213
2326613	2326664	52	182.67	166	283
2326830	2327012	183	889.73	1144.5	1402
2328294	2328299	6	108.33	132	134
2328846	2328878	33	140.33	145	156
2329203	2329448	246	421.03	416	570
2331194	2331233	40	158.47	164	173
2332539	2332653	115	348.37	364	481
2332927	2333328	402	156.33	150	278
2334622	2334653	32	140.91	142	166
2335716	2335845	130	456.72	449	769
2337942	2337972	31	144.94	151	167
2339005	2339044	40	168.28	170	211
2339594	2339595	2	65.00	130	130
2340124	2340152	29	126.83	129.5	148
2340918	2340962	45	131.89	132.5	178
2342994	2343581	588	213.62	180	746
2344332	2344590	259	131.56	132	169
2344897	2345092	196	154.66	151	195
2347238	2347613	376	151.06	149	204
2349024	2349234	211	155.92	148	242
2350165	2350197	33	260.12	260	320
2353013	2353110	98	150.58	149	186
2353852	2353860	9	148.44	167	194
2355846	2355973	128	201.77	200	318
2357057	2357145	89	125.93	124.5	157
2358118	2358161	44	129.75	133	174
2360263	2360279	17	141.06	149.5	161
2361249	2361400	152	134.16	132	177
2363663	2363669	7	157.57	184	185
2364117	2364151	35	144.51	148	162
2364986	2364987	2	85.00	170	170
2367374	2367527	154	156.94	157	199
2368719	2368965	247	160.58	143	314
2369587	2369595	9	1340.89	1471	1625
2369902	2369909	8	127.12	146	153
2370402	2370541	140	153.57	157	191
2370812	2370890	79	124.33	128.5	145
2371245	2371416	172	188.39	184	263
2372251	2372352	102	421.18	417	674
2373268	2373314	47	130.13	134.5	152
2373999	2374133	135	313.11	229.5	703
2374719	2374724	6	156.00	188	191
2375733	2375864	132	167.45	161	255
2376981	2377106	126	137.34	139	162
2377701	2377777	77	144.16	147.5	181
2379245	2379459	215	623.40	360	7999
2379531	2379601	71	1004.48	918	4851
2380379	2380456	78	341.33	354	412
2381528	2381613	86	179.94	129	329
2383246	2383295	50	262.66	272	347
2383605	2383869	265	772.50	795	1095
2385322	2385394	73	354.16	329.5	536
2385806	2386203	398	133.86	136	185
2388574	2388748	175	161.55	161	226
2389373	2389408	36	171.33	175	192
2389625	2389795	171	148.56	150	212
2390081	2390120	40	278.23	298	315
2390640	2390653	14	150.64	162	171
2390942	2391108	167	128.49	128	159
2393092	2393508	417	161.67	157	263
2394259	2394294	36	126.39	123	157
2394766	2394835	70	181.34	185	212
2398412	2398624	213	266.72	250.5	527
2399270	2399368	99	161.71	157	210
2399849	2399961	113	173.52	182	228
2401297	2401338	42	116.88	120	139
2402872	2402920	49	130.61	139	154
2403953	2404215	263	251.06	249	427
2404387	2404596	210	429.11	280	1026
2405548	2405848	301	161.83	149.5	277
2406764	2406812	49	161.61	172.5	204
2407845	2407880	36	1358.08	1454	1629
2409240	2409251	12	112.58	121	132
2410131	2410476	346	127.20	124	174
2410975	2411022	48	241.44	254	286
2411137	2411498	362	654.16	180	2461
2412447	2412587	141	132.84	130.5	170
2412924	2413355	432	875.00	865	2045
2415212	2415232	21	175.62	187.5	199
2416310	2416386	77	195.12	174	375
2417578	2417592	15	111.27	115	135
2418292	2418309	18	304.83	314	367
2419516	2419574	59	189.17	194.5	217
2420196	2420403	208	426.14	268	1047
2421103	2421201	99	133.85	131.5	172
2421724	2421778	55	517.25	556.5	646
2422100	2422192	93	246.95	259	369
2422817	2423000	184	160.08	160	225
2424444	2424521	78	186.92	184	232
2425350	2425390	41	168.51	178	193
2426771	2426822	52	196.33	194	260
2427855	2427869	15	176.27	188.5	202
2428737	2428782	46	152.54	153	200
2429752	2429770	19	141.21	145.5	165
2430140	2430161	22	115.95	121	131
2430765	2430838	74	152.01	151	206
2432507	2432600	94	682.23	704	771
2432877	2432950	74	1786.92	1759	2247
2433452	2433492	41	3874.05	3894	4839
2433566	2433889	324	366.65	246	2513
2435018	2435040	23	196.43	203	233
2438209	2438231	23	151.52	156	180
2438439	2438451	13	131.46	142	151
2439244	2439286	43	196.07	204	233
2440334	2440338	5	151.00	189	192
2441371	2441446	76	219.16	208	303
2442803	2442836	34	158.71	161	184
2443878	2443883	6	122.50	146	154
2444292	2444318	27	141.81	148	152
2445165	2445386	222	179.45	159	292
2446566	2446567	2	68.00	136	136
2447770	2447895	126	494.51	431	1109
2447994	2448075	82	1357.49	1163	2558
2450067	2450108	42	642.40	668	717
2451258	2451383	126	167.42	159	258
2454972	2454973	2	106.50	213	213
2455994	2455997	4	83.00	111	114
2457099	2457102	4	120.00	159	162
2459116	2459161	46	160.52	168	192
2460329	2460600	272	137.11	135	199
2461399	2461432	34	408.88	433	481
2465120	2465227	108	136.16	132	203
2465846	2466044	199	133.92	135	164
2467503	2467687	185	147.43	146	184
2470833	2470888	56	175.20	178	200
2471138	2471378	241	194.57	182	336
2471928	2471933	6	128.83	154	163
2472459	2472466	8	569.00	652	712
2472914	2472922	9	136.00	153.5	162
2474099	2474158	60	169.03	174	222
2475314	2475448	135	146.12	139.5	218
2475938	2476024	87	149.43	147	182
2477153	2477463	311	157.40	157	206
2477746	2477806	61	149.92	154	178
2478583	2478738	156	658.92	160	6878
2478991	2479050	60	468.88	478	547
2480936	2481008	73	148.37	153	194
2481393	2481470	78	170.99	154	230
2482803	2482990	188	970.18	1120	1851
2484023	2484136	114	181.25	175	244
2484419	2484438	20	161.30	167	190
2485249	2485278	30	159.70	168	198
2485525	2485594	70	137.87	129	198
2486648	2486855	208	128.17	130	154
2488368	2488439	72	117.07	119	144
2489205	2489313	109	151.94	154	203
2490577	2490632	56	189.77	191	230
2491515	2491629	115	152.57	157.5	208
2492152	2492214	63	432.84	431	596
2492947	2492979	33	140.18	144.5	170
2493895	2493977	83	147.99	150	176
2494842	2494867	26	192.27	200	210
2496773	2496823	51	234.67	251.5	322
2497625	2497698	74	123.08	118	187
2498659	2498779	121	135.81	136	164
2498891	2498971	81	341.56	310.5	532
2500242	2500277	36	153.50	162	174
2500926	2500966	41	257.88	264	313
2502110	2502145	36	143.86	150	162
2505953	2506120	168	153.88	154	199
2507644	2507662	19	649.37	699.5	753
2508179	2508184	6	94.33	113	120
2508803	2508848	46	129.85	126	175
2509443	2509503	61	135.03	132.5	168
2512366	2512439	74	144.96	151	174
2513871	2513975	105	1466.21	1629	2382
2514055	2514275	221	385.31	221.5	5402
2515269	2515543	275	135.87	134	193
2517692	2517855	164	305.26	188	828
2518648	2518697	50	169.66	170	210
2519607	2519608	2	84.00	168	168
2520539	2520626	88	139.27	136	201
2521638	2521919	282	147.33	150	204
2522931	2523085	155	282.70	241.5	563
2523917	2524093	177	149.71	142.5	201
2524313	2524463	151	153.86	148.5	281
2526069	2526168	100	185.57	191	216
2526802	2526975	174	174.87	168	248
2529289	2529368	80	144.54	139	177
2530874	2530878	5	146.20	183	183
2531956	2532099	144	381.47	402	707
2533372	2533535	164	672.41	659	1059
2534166	2534174	9	135.56	152.5	164
2535123	2535239	117	147.11	147	191
2536116	2536183	68	176.56	170	227
2538356	2538395	40	1432.62	1375	2257
2538480	2538621	142	627.46	261	2445
2539708	2539906	199	194.87	192.5	238
2541179	2541303	125	192.04	185	261
2542735	2542825	91	134.00	132.5	161
2544104	2544117	14	125.64	135	140
2545369	2545467	99	195.30	161	328
2546164	2546334	171	206.41	195	288
2546584	2546849	266	313.57	188	940
2547555	2547576	22	115.41	119	128
2548441	2548621	181	404.68	339.5	933
2550524	2550703	180	227.11	171	550
2551472	2551696	225	254.68	228.5	447
2552462	2552610	149	518.07	513.5	852
2553250	2553266	17	359.24	377	437
2554821	2555002	182	249.92	259	349
2556389	2556446	58	188.53	194	219
2556606	2556691	86	125.64	128	178
2558114	2558255	142	448.35	421	924
2559482	2559499	18	187.56	198	224
2559872	2560374	503	188.50	187	256
2560939	2560945	7	143.86	168.5	172
2563066	2563110	45	179.62	185	210
2565162	2565296	135	408.48	357.5	956
2565987	2566134	148	186.61	187	255
2568303	2568612	310	156.21	150	381
2568829	2568902	74	141.43	142	177
2569509	2569593	85	181.91	183	223
2569867	2569963	97	159.09	154	227
2570882	2571011	130	287.90	172	752
2572947	2573354	408	133.58	135	204
2575740	2575745	6	129.50	155	160
2576685	2576686	2	70.50	141	141
2577884	2577915	32	162.38	164	197
2578369	2578470	102	147.16	146	204
2579713	2579714	2	75.00	150	150
2581053	2581095	43	152.07	157	170
2581714	2581938	225	382.56	287	858
2584311	2584494	184	213.95	195	355
2585458	2585667	210	173.72	138	382
2586070	2586129	60	152.98	156	171
2586784	2586798	15	140.47	146.5	184
2587495	2587536	42	151.10	153	182
2587795	2588027	233	167.95	164.5	285
2589222	2589233	12	153.67	162	183
2589885	2589958	74	1229.46	1281	1680
2590169	2590255	87	169.84	154.5	287
2590757	2590764	8	150.12	172	182
2592121	2592284	164	673.60	651	1069
2593167	2593240	74	505.88	509	658
2594156	2594191	36	158.67	166	186
2596457	2596583	127	1344.01	1225.5	3133
2596654	2596718	65	1723.95	1662	5555
2596956	2597030	75	150.61	156	182
2597727	2597750	24	137.29	144	161
2599146	2599190	45	237.93	245.5	284
2601894	2601978	85	179.98	180	211
2602687	2602697	11	165.45	181.5	210
2604024	2604083	60	190.02	196	215
2605264	2605277	14	303.36	335	350
2606700	2606781	82	269.95	274	338
2607514	2607528	15	206.13	219	243
2609715	2609740	26	150.15	153	179
2610425	2610752	328	144.42	143	199
2611035	2611073	39	127.13	131.5	153
2611128	2611382	255	1375.87	1427.5	2599
2612136	2612240	105	134.80	121	238
2612904	2612989	86	119.42	121	146
2613887	2613997	111	159.90	160.5	203
2614376	2614394	19	133.26	139.5	173
2615658	2615810	153	544.69	458.5	1108
2619624	2619631	8	130.12	149	154
2620229	2620273	45	169.11	172	188
2620958	2621101	144	489.94	528	895
2621645	2621836	192	133.77	129	189
2622296	2622352	57	1385.70	1452	1661
2622764	2622811	48	531.42	536	640
2622882	2623090	209	1826.58	1516	7222
2623162	2623377	216	544.52	176	2154
2623723	2623741	19	137.00	142	164
2624447	2624478	32	125.84	133	140
2624866	2624981	116	504.71	470	957
2626158	2626236	79	189.18	193.5	243
2626954	2627004	51	437.37	444.5	544
2627323	2627422	100	401.41	383	535
2628029	2628103	75	159.16	168	198
2628356	2628486	131	152.99	152	192
2629558	2629749	192	160.65	165	215
2632060	2632133	74	175.57	174	213
2632860	2632862	3	91.00	136.5	139
2633645	2633655	11	584.82	604.5	771
2635084	2635095	12	106.92	118	122
2636352	2636517	166	248.80	191	421
2637682	2637729	48	141.15	131	183
2638186	2638475	290	1862.44	1843	4644
2639034	2639145	112	125.10	124	159
2639980	2640072	93	200.73	194	298
2641300	2641348	49	144.51	153	185
2644791	2644834	44	166.25	167	201
2645390	2645521	132	623.52	653	941
2646617	2646632	16	147.50	158	162
2647614	2647627	14	129.43	140	150
2648818	2648823	6	438.83	530	546
2650030	2650101	72	151.44	144	241
2651977	2652059	83	163.47	165	191
2652375	2652515	141	169.53	168	215
2653344	2653346	3	120.00	180	184
2654100	2654162	63	190.59	198	235
2655102	2655231	130	891.87	173	8003
2655347	2655419	73	655.93	542	2881
2658295	2658498	204	854.20	575	8004
2658572	2658604	33	1740.64	1113.5	8000
2658679	2658842	164	807.69	716	1771
2660330	2660595	266	462.75	486	1012
2662108	2662168	61	149.52	152.5	174
2663090	2663092	3	114.33	171.5	175
2663564	2663565	2	98.00	196	196
2664448	2664459	12	124.33	136	141
2666707	2666837	131	1321.30	1178	7999
2666922	2667017	96	732.12	709	1103
2667384	2667389	6	127.33	151	162
2668209	2668298	90	244.62	239	322
2668929	2668940	12	114.00	124	133
2669703	2669712	10	152.90	168	181
2670226	2670354	129	163.55	162	222
2670790	2670865	76	145.92	146	183
2671391	2671411	21	147.29	155	162
2672930	2673062	133	136.69	133.5	189
2673846	2674092	247	155.08	144	297
2675271	2675316	46	133.09	135	150
2675923	2676024	102	245.11	149	522
2676559	2676605	47	270.09	234.5	1523
2676676	2676759	84	441.06	424	1259
2677369	2677377	9	152.67	169.5	188
2678806	2678859	54	1348.57	1234	1994
2679919	2679933	15	143.47	152	166
2681484	2681485	2	74.50	149	149
2681837	2681982	146	157.95	156	201
2682811	2682898	88	134.35	140	161
2683811	2684043	233	149.89	150	196
2684989	2685050	62	176.16	167	237
2686674	2686727	54	182.19	174	253
2687313	2687377	65	133.52	136	164
2688032	2688304	273	243.49	177	570
2690117	2690205	89	332.55	345	412
2691001	2691103	103	279.59	278.5	397
2691422	2691625	204	248.92	195	630
2692948	2692992	45	137.49	142.5	169
2693755	2693827	73	953.51	964	1123
2694926	2695048	123	153.04	151	186
2695868	2695903	36	101.28	106	188
