EMBL_Accession	Rfam_Reads_Total	Pfam_Reads_Total	Cumulative_Total
AE017225	41388569	360980995	692084632
AE017194	95317571	71161135	463571786
AE016877	100236643	149882110	479613192
AE001363	491080	401342	2114985
FN543502	64785621	115669651	354666124
CP000721	215069857	32797193	761571308
AM180355	9950730	51766746	108319551
CP000800	198016188	1533274882	2585005276
U00096	195265507	1043693967	1942521032
CP000249	53448757	162046110	508377084
AE000511	43243478	143998101	491356062
CP000947	6111248	37559659	62532040
CP003200	31451753	704198542	1090162826
AE017354	41746263	55135166	210550031
CP002002	55025292	26151322	151290306
CP002382	57717960	17293596	277856210
AL123456	28801520	204689210	453634503
U00089	12123288	5264944	47368792
AE004969	23964725	75374774	166859586
AP009380	16844700	372502861	798606926
AE015924	81199783	50204912	248761005
BX548174	22656241	74823616	181377652
AM942759	73875329	101569216	392857757
CP000438	42116496	66641453	236197764
AE004091	187544080	1537348994	2919619529
AE015451	5854307	7988923	26712606
AE014613	41852471	75535707	263137843
CP000253	202578305	879261307	1648698708
AM743169	18882369	2819515	53429789
CP000951	13310794	75357597	154994480
CP000100	48153461	413571971	916135904
AE008923	54938935	79992476	291594731
CP001503
61652010	111555883	315050621
CP001504
32498790	38004374	154294873
CP000143
25169129	89628591	203815432
CP000144
47743139	9552069	150577112
AE003852
133016159	322658655	756616879
AE003853
4516938	28371305	52177516
FM954972
25351348	24369168	93105097
FM954973
27630	489476	1152572
