#start	end	length	mean	median	max
1	234	234	2.40	2.5	5
804	815	12	150.83	168	217
2208	2217	10	3.30	3	7
2263	2270	8	87.25	100	102
3894	3898	5	106.40	131	147
4477	4491	15	1392.87	1476	1601
4627	4870	244	1823.41	1889	4132
6274	6284	11	8.45	8	22
6322	6353	32	23.00	20	65
7098	7223	126	13.93	9	33
7350	7396	47	19.89	20	37
8813	8872	60	115.53	126	134
9971	9990	20	104.80	111	114
11080	11102	23	284.39	288.5	363
13518	13538	21	26.90	25.5	52
13584	13875	292	1.77	2	4
14365	14376	12	0.75	1	1
14491	14519	29	4.00	3	10
14556	14768	213	52.72	60	105
15204	15235	32	5.88	4	10
15281	15293	13	73.23	80	85
16548	16798	251	11.49	6	68
16850	16868	19	139.16	138.5	188
18933	18949	17	187.24	198.5	209
19940	20234	295	26.66	23	61
20835	20942	108	38.28	28	162
21198	21205	8	15.75	18	18
21249	21286	38	0.97	1	1
21533	21655	123	8.20	8	40
21854	21964	111	46.28	50.5	130
22009	22027	19	32.37	35.5	39
23006	23255	250	8.79	4	74
24786	24791	6	22.50	27	28
26631	26642	12	57.08	63	65
27875	27888	14	56.36	59	68
29533	29711	179	392.92	458.5	572
29763	30068	306	98.12	7	302
31590	31681	92	0.09	0	1
32564	32575	12	29.33	32	32
32624	32643	20	43.55	45	57
33244	33276	33	67.91	72	85
34297	34310	14	7.86	8	9
35796	35932	137	25.12	29	36
35964	36151	188	111.69	111	145
36428	36486	59	25.02	25	29
36692	36927	236	175.36	187	388
37768	37847	80	34.15	34	111
38493	38506	14	23.93	25	32
40546	40559	14	41.64	45	45
41934	41997	64	108.77	110	124
43329	43333	5	31.00	39	39
44279	44298	20	129.55	140	145
44806	44899	94	81.70	2	428
46073	46074	2	1.50	3	3
47188	47192	5	835.20	1046	1065
47667	47678	12	313.42	344	348
48249	48267	19	23.74	25	26
48312	48323	12	3.08	3	4
49455	49460	6	14.83	18	18
49944	49960	17	23.41	24.5	27
50084	50103	20	5.00	4	22
50668	50688	21	129.00	136	143
51604	51667	64	17.20	12	36
53309	53496	188	59.40	45	114
53635	53815	181	2181.35	2342	3942
55356	55420	65	106.43	108	303
55494	55565	72	244.89	110	680
55599	55783	185	4281.68	3239	7997
58668	58797	130	1039.15	1087	1904
58914	58940	27	954.93	1064	1320
59015	59046	32	164.97	173	184
59121	59130	10	49.60	55	57
59164	59355	192	8.82	3	140
59734	59788	55	31.87	33	37
59885	59987	103	27.08	24	66
61923	61928	6	15.67	19	20
64212	64219	8	7.50	8	10
66097	66255	159	31.34	41.5	58
66306	66323	18	32.72	31	40
68115	68249	135	36.09	16	149
69231	69295	65	0.43	0	2
70496	70601	106	19.42	19	35
70884	70974	91	48.24	53	59
71434	71511	78	16.97	10	43
74661	74780	120	16.65	16	26
75168	75200	33	23.94	22	32
75245	75265	21	9.52	10	10
76151	76209	59	117.53	121	198
76633	76680	48	21.40	6	100
76774	76781	8	9.75	7	36
77325	77402	78	147.62	144	276
77724	77815	92	41.40	51	62
77854	77858	5	2.40	3	3
79961	80076	116	3.55	3	19
81616	81662	47	91.96	93	102
82443	82453	11	78.91	87.5	93
84706	84767	62	415.52	447	458
85014	85019	6	575.33	692	699
85419	85509	91	28.14	29	37
86260	86282	23	34.70	36.5	39
86329	86573	245	1.38	1	3
87573	87680	108	4.21	5	8
89043	89115	73	3.30	3	12
89983	90012	30	46.30	50	56
90640	90952	313	25.03	0	637
93386	93409	24	13.33	15	17
93453	93463	11	8.18	9	9
94316	94318	3	22.33	33.5	35
94868	94892	25	40.68	41	56
94989	95061	73	39.63	36	68
95470	95506	37	8.19	8	19
95548	95591	44	0.55	1	1
97569	97945	377	4.88	5	10
98777	98785	9	136.44	154.5	156
99104	99186	83	14.90	1.5	91
99400	99634	235	5.54	4	11
99773	99866	94	6.40	7	8
100632	100689	58	2.69	2	9
101852	101868	17	49.65	51.5	59
101916	101957	42	2.74	3	6
102387	102553	167	262.61	293	566
102617	102641	25	37.48	39	46
102677	102907	231	4.65	5	9
103043	103097	55	23.75	17	98
105969	106067	99	2.13	2	3
106297	106594	298	3.51	3	7
106628	106648	21	19.81	20.5	23
107309	107408	100	33.33	20	122
108078	108096	19	792.11	844.5	850
108145	108251	107	6.95	8	11
108918	108919	2	36.00	72	72
109466	109474	9	108.33	121.5	123
109964	110050	87	28.91	30	36
111491	111497	7	12.71	15	15
111543	111556	14	14.50	16	16
114713	114760	48	33.15	34	39
115712	115890	179	11.37	12	15
116035	116052	18	167.94	171	220
118582	118612	31	24.35	25	27
118656	118689	34	118.59	117	176
119194	119228	35	623.40	644	693
121322	121337	16	63.44	66	83
122938	122942	5	12.80	16	20
123660	123771	112	28.57	27	44
126259	126293	35	35.97	37	41
128429	128443	15	13.27	14.5	19
128630	128714	85	41.68	45	74
129540	129656	117	317.63	150	945
130671	130747	77	61.73	72	90
132609	132618	10	28.60	30	38
132736	132790	55	44.00	45	51
133259	133430	172	4.70	5	9
133758	133798	41	21.66	23	24
133901	133964	64	34.67	33	78
134331	134341	11	45.09	50	50
134384	134835	452	31.05	2	145
135091	135209	119	3.24	3	12
135837	135852	16	5.00	5	7
136748	136953	206	27.50	29	45
138127	138150	24	246.42	262	266
139832	140003	172	216.09	110	760
140862	140880	19	156.26	164	181
140927	141065	139	54.99	73.5	77
142464	142773	310	12.46	6	150
143413	143454	42	107.57	110	116
144970	145122	153	6.13	6	16
145324	145369	46	353.91	347	406
147203	147217	15	32.40	36	36
147268	147277	10	1.80	2	2
148883	149277	395	2.61	2	16
150497	150904	408	86.01	83	166
151022	151051	30	4922.87	5301	5756
152592	152662	71	298.20	300	538
152736	152807	72	219.10	181	568
152841	153025	185	3960.63	2775.5	7999
155910	156040	131	1175.22	1264.5	2106
156157	156205	49	574.08	503	1204
156341	156406	66	2.92	3	4
157301	157440	140	19.88	12	54
158923	158967	45	134.93	136.5	170
159016	159051	36	61.42	58	91
159301	159362	62	20.58	10	109
159406	159418	13	51.92	57	57
162527	162540	14	179.00	206	230
163645	163665	21	105.43	92	152
164260	164407	148	2.57	2	11
166467	166489	23	284.22	295	302
166895	167186	292	53.45	5	530
167261	167298	38	88.87	91	96
167372	167435	64	100.34	97	123
167510	167582	73	86.86	92	109
167656	167719	64	102.52	115	126
167838	168231	394	5.21	3	14
168397	168531	135	92.11	119.5	158
170245	170266	22	55.14	58	68
171893	171998	106	18.86	19	29
173025	173029	5	4.80	6	6
173966	174005	40	2.10	2	3
174045	174142	98	49.04	52	157
175088	175118	31	19.55	24	25
175168	175342	175	2.05	2	3
176939	177449	511	266.40	178.5	1074
177756	177860	105	0.80	0	8
178422	178686	265	18.02	19	29
178724	179337	614	42.16	39	79
180403	180418	16	27.00	27	37
181727	181731	5	94.80	118	120
183944	183956	13	2.23	2	3
186469	186480	12	3.67	4	4
189378	189456	79	125.73	59.5	350
190819	190914	96	116.32	99	253
191752	192033	282	34.99	11	132
194074	194100	27	16.11	19.5	26
194197	194213	17	12.24	13	18
196383	196512	130	49.02	49	89
196822	197129	308	983.41	12	7998
197796	197872	77	2.70	1	30
198683	198721	39	10.10	10	12
198829	198832	4	6.00	8	8
200597	200760	164	4.74	6	8
201667	201802	136	4.30	4	12
203955	204112	158	4.46	3	11
204520	204525	6	29.00	35	37
206359	206432	74	7.03	4	19
208587	208647	61	28.39	29	34
212411	212439	29	1.55	2	2
213286	213330	45	44.67	46	49
214419	214448	30	16.87	16	23
215895	215930	36	1.72	2	5
215976	216003	28	6.11	5	12
216490	216557	68	14.63	11	28
217422	217530	109	119.90	9	698
218302	218306	5	43.40	55	57
218340	218666	327	22.31	15	69
219309	219330	22	42.18	44	47
219377	219396	20	10.95	12	12
220372	220384	13	134.31	148.5	155
221968	222086	119	25.86	23	45
223284	223453	170	6.14	6	40
225146	225259	114	29.53	26	75
225932	226228	297	822.11	531	3355
226463	226478	16	5764.94	5991	7002
226644	226666	23	860.22	888.5	1216
226711	226866	156	6.99	7	25
227353	227364	12	33.08	34	43
228172	228270	99	20.88	20	29
228763	228875	113	7.35	6	21
229953	229974	22	9.32	10	16
230752	230796	45	32.53	30	42
231868	231872	5	3.20	4	4
232703	232708	6	57.33	68	75
233666	233671	6	1.67	2	2
242634	242637	4	10.50	14	14
243202	243211	10	17.50	19	21
244982	245142	161	384.77	445	655
246085	246528	444	72.01	25	232
247924	247928	5	299.00	375	375
249318	249322	5	156.40	195	198
250442	250454	13	947.08	1030	1144
254464	254504	41	50.90	53	56
254745	254752	8	154.75	177	184
256166	256176	11	502.55	554	559
259767	259838	72	608.46	609	682
260403	260554	152	119.78	70	332
260633	260792	160	110.64	127	172
261918	262097	180	10.10	5	24
262317	262325	9	14.11	17	17
264217	264253	37	4.97	6	6
267237	267299	63	19.57	19	41
268361	268370	10	7.60	6	14
268977	269067	91	36.40	31.5	77
270433	270696	264	12.61	6	28
271933	271989	57	11.35	11	30
272560	272561	2	8.50	17	17
274144	274508	365	17.70	9	58
276652	276881	230	12.23	11	22
276925	277001	77	26.91	24.5	38
278058	278068	11	109.36	119.5	134
278231	278431	201	100.20	2	1684
278702	278704	3	288.00	432	432
279437	279476	40	18.32	20	27
279520	279538	19	13.16	12	19
280826	280886	61	16.11	16	23
282477	282764	288	40.74	37	87
283164	283326	163	19.81	18	40
284950	285374	425	3.79	3	8
285501	285651	151	0.00	0	0
286987	287032	46	2.63	3	3
289232	289282	51	1.43	1	3
289322	289351	30	6.40	7	8
291020	291256	237	1.91	1	8
291932	291954	23	2.87	3	3
293995	294157	163	7.07	5	15
294192	294218	27	20.15	20	28
294822	294836	15	67.33	72	75
296211	296366	156	0.42	0	2
298673	298687	15	1.07	2	2
298731	298751	21	11.90	10	23
299748	299835	88	0.58	0	7
299868	299888	21	7.90	7.5	12
300183	300208	26	92.15	98	103
301275	301316	42	21.19	23	29
302338	302412	75	228.97	277	334
303754	303770	17	665.06	703	775
304739	305014	276	62.54	25	285
305054	305120	67	5.49	6	6
307119	307272	154	5.03	6	9
309893	309993	101	0.38	0	11
311182	311212	31	13.65	16	18
311258	311276	19	7.84	7.5	13
314718	314842	125	6.29	2	23
316334	316343	10	103.60	117	120
317658	317771	114	170.53	6	925
318096	318112	17	411.47	438	442
318150	318295	146	63.40	75	117
319553	319569	17	83.59	89	89
319604	319653	50	3.98	2	21
320644	320727	84	41.20	42	48
322833	322850	18	174.39	185	207
323559	323577	19	62.11	64.5	72
323625	323720	96	7.29	9	10
323814	323973	160	127.26	137	200
325680	325744	65	318.42	289	588
325819	325829	11	374.82	416.5	417
325903	325974	72	191.06	94	537
326008	326154	147	2496.47	2594	4748
326189	326192	4	4457.25	5941	5951
329077	329206	130	1050.76	1022	2118
329323	329349	27	1117.89	1239.5	1533
329469	329657	189	2.16	2	4
329695	329710	16	2.44	3	3
331590	331604	15	2.80	3	3
333635	333644	10	61.50	68	70
334812	334818	7	21.43	21.5	38
334892	334929	38	283.11	296	303
335012	335049	38	661.53	632	933
335122	335137	16	1425.38	1576	1677
335211	335325	115	1755.02	1095.5	3667
336508	336520	13	1087.31	1068	1603
336566	336718	153	303.74	340	449
337112	337129	18	951.83	1015	1034
337676	337808	133	2278.86	1769	4521
338235	338241	7	3618.86	4227	4250
338941	338950	10	3442.40	3814	4069
338997	339212	216	7008.09	7213	7996
339699	339767	69	6801.33	7119.5	7959
340131	340136	6	6065.67	7293	7307
340203	340271	69	348.81	330.5	499
344397	344503	107	751.91	886	1060
348707	348720	14	467.43	510	531
348764	348819	56	208.20	201	258
349312	349458	147	401.90	325.5	950
350266	350510	245	43.04	12	100
352322	352410	89	72.93	76	85
354513	354629	117	3.08	3	12
354675	354683	9	386.11	435	465
356214	356358	145	50.84	15	425
357298	357397	100	7.91	7	18
358832	358928	97	4.13	5	6
358968	359020	53	15.57	16.5	29
361032	361156	125	48.67	27	136
361700	361860	161	21.41	19	52
361934	361970	37	457.84	469.5	480
362044	362202	159	402.75	422.5	569
362276	362317	42	206.60	218	270
362392	362428	37	172.41	176	198
362502	362690	189	115.65	111.5	172
362765	362809	45	75.93	85	90
362884	362928	45	72.02	78.5	89
363003	363574	572	12.79	7	67
364682	364786	105	4.91	6	7
367063	367071	9	95.56	107.5	109
369975	370148	174	1031.43	1065	1744
370410	370444	35	886.66	894	1602
371732	371779	48	531.75	550	670
372965	372969	5	587.20	743	749
373948	373992	45	25.96	26	47
374197	374239	43	17.77	15.5	33
374456	374469	14	47.43	52	52
375451	375589	139	295.55	270	1248
376367	376402	36	383.86	390	451
376448	376567	120	11.82	4	59
378033	378044	12	183.17	199	203
378318	378504	187	220.41	119	1362
378877	378994	118	5786.87	5457	7975
379463	379469	7	746.29	874.5	886
379510	379540	31	377.74	404.5	657
381635	381759	125	2669.78	2384.5	7966
382942	382966	25	1421.48	1408	2141
383012	383064	53	23.32	12	107
383173	383246	74	18.54	6	163
383433	383504	72	31.03	32	39
383979	384192	214	340.92	29	2245
384559	384568	10	4612.20	5182	5258
384869	384886	18	2834.44	2979	3135
385112	385147	36	2697.64	2904	3031
385595	385607	13	531.31	576	583
385653	385658	6	5.00	6	6
386466	386593	128	29.01	23	101
389097	389181	85	28.98	33.5	41
389599	389885	287	158.55	131	662
391536	391561	26	110.65	98	149
391676	391740	65	3.85	5	5
392917	392944	28	5.71	4	11
392990	393035	46	205.00	228	237
393495	393506	12	1088.17	1216	1229
393972	394328	357	53.75	21	236
395310	395325	16	7.50	8	8
395446	395478	33	2.85	2	4
395666	395773	108	21.04	23	35
396788	396875	88	0.41	0	1
398718	398719	2	57.50	115	115
401205	401343	139	12.25	10	22
401437	401596	160	234.49	259	381
401714	401743	30	4459.37	4603	5159
403285	403349	65	176.86	159	378
403424	403434	11	437.18	483.5	485
403509	403580	72	183.43	42	634
403614	403760	147	2468.07	2455	4715
403795	403798	4	4509.75	6010	6020
406683	406812	130	963.60	1001	1934
406929	406955	27	945.30	1058.5	1329
407075	407449	375	7.10	7	13
407496	407505	10	26.40	29	31
408838	409036	199	14.67	11	52
412715	412732	18	11.17	11	15
412778	412789	12	25.83	30	30
414227	414255	29	102.69	104	122
414431	414608	178	3.77	4	17
415725	415751	27	20.15	21.5	23
415798	415805	8	3.50	4	4
420475	420564	90	5.99	4	25
420617	420632	16	135.69	144	153
421506	421677	172	7.16	6	42
422320	422613	294	21.65	8	225
423145	423152	8	133.62	155	168
423197	423261	65	20.46	27	28
425281	425295	15	51.33	55	64
427690	427706	17	91.76	98	102
429384	429390	7	40.86	47	52
433099	433109	11	66.82	73	78
434331	434335	5	30.40	38	38
434786	434832	47	77.19	78	90
435421	435448	28	500.18	516	578
435983	436021	39	194.82	208.5	328
437067	437068	2	10.50	21	21
441985	442154	170	21.69	11	246
443196	443254	59	127.00	122.5	175
445178	445205	28	64.29	71	79
446673	446687	15	93.13	97	110
450561	450571	11	120.45	132.5	137
451397	451398	2	118.50	237	237
452842	452890	49	28.88	33	39
452937	452939	3	4.67	7	7
454161	454889	729	88.44	2	509
455310	455322	13	27.38	31	36
455360	455458	99	3.01	3	11
456254	456266	13	5.08	6	6
456301	456324	24	2.42	2	4
456706	456726	21	7.29	8	9
456835	456858	24	46.38	48	55
457294	457417	124	82.19	33	264
459980	460077	98	28.49	29	37
460111	460152	42	54.57	57	71
461137	461444	308	67.67	31	264
461976	462116	141	38.51	23	148
463176	463190	15	26.53	31	36
463239	463651	413	6.69	4	18
465056	465098	43	6.00	6	8
465152	465206	55	58.38	59	95
466251	466448	198	1052.21	1177	2833
466758	466780	23	3575.00	3708.5	4054
467039	467062	24	591.96	645	804
467098	467248	151	39.19	35	125
468434	468446	13	134.54	143.5	158
469790	469804	15	32.80	33.5	39
470300	470412	113	24.73	25	34
471258	471270	13	110.08	119	129
471649	471682	34	15.97	14	22
471717	471722	6	45.17	56	58
474827	474881	55	17.04	17	27
477243	477391	149	46.38	44	90
478244	478257	14	22.64	24	26
478474	478490	17	139.59	148.5	151
478564	478594	31	186.39	193	201
478668	478685	18	129.28	138	146
478759	478802	44	106.41	99	141
478876	479293	418	3.86	3	11
480917	481132	216	5.04	5	11
481248	481287	40	41.58	35	83
481361	481373	13	60.46	65	72
481447	481497	51	63.73	67	84
481571	481682	112	53.14	60	66
482893	482911	19	39.74	43	45
483182	483197	16	75.06	80	87
484257	484498	242	28.92	26	58
485216	485231	16	31.75	34	36
485268	485298	31	9.06	9	11
486247	486434	188	5.80	3	16
486468	486469	2	3.50	7	7
488239	488310	72	151.19	157	175
488740	488787	48	27.65	29	62
489076	489077	2	26.50	53	53
489633	489688	56	76.86	80	91
490505	490559	55	59.53	58.5	75
491268	491295	28	34.39	36	36
492331	492347	17	50.59	54	55
493452	493565	114	17.63	15	27
494367	494453	87	4.30	4	5
495756	495795	40	3.42	4	8
496216	496298	83	9.88	10	20
497852	497867	16	41.12	44	52
498597	498736	140	34.49	37	49
499430	499559	130	2.44	2	5
500046	500081	36	1.92	1	5
500117	500169	53	70.91	73	97
501325	501604	280	144.86	3	564
503687	503725	39	11.64	12	18
504655	504801	147	11.55	11	23
506758	506779	22	7.36	8	8
507935	508070	136	391.13	388	465
509247	509257	11	396.73	435.5	455
509294	509404	111	672.82	707.5	1655
510479	510497	19	216.32	219.5	288
510544	510668	125	86.91	97	181
510762	510776	15	78.27	84.5	88
511638	511652	15	107.33	107.5	138
511698	511703	6	3.33	4	4
512337	512503	167	9.90	2	72
513398	513479	82	37.87	46	52
514194	514221	28	91.29	94	119
514268	514528	261	6.66	4	17
514699	514731	33	545.12	583	615
516142	516559	418	441.86	121	1618
517340	517404	65	86.29	84	127
519235	519238	4	11.25	15	15
519286	519297	12	3.92	3	7
520375	520633	259	4.22	2	9
522392	522811	420	2.92	2	8
522854	523155	302	5.77	6	14
525115	525117	3	13.33	20	20
526787	527044	258	17.73	18	43
527918	528304	387	7.73	8	16
528947	529010	64	0.50	0	2
529683	529738	56	5.09	5	7
530336	530401	66	11.50	12	12
530600	530625	26	3.62	4	4
530670	530683	14	0.43	0	1
531122	531127	6	0.00	0	0
531186	531204	19	1.89	2	2
532033	532070	38	4.87	5	5
532409	532898	490	4.73	2	17
533807	534197	391	10.10	7	36
534720	535417	698	6.81	5	22
536696	536811	116	38.31	23	70
536849	536875	27	67.26	62.5	96
537101	537150	50	159.28	164	166
537517	537549	33	43.33	43	67
538282	538422	141	17.71	18	21
538597	538602	6	6.67	8	8
539044	539096	53	0.91	1	4
540002	540215	214	0.00	0	0
540333	541318	986	0.10	0	1
542906	542936	31	0.00	0	0
542992	544361	1370	0.00	0	0
547052	547157	106	0.00	0	0
548388	548673	286	0.52	0	2
548731	548779	49	0.00	0	0
550019	550186	168	48.55	54	76
550260	550349	90	15.96	18	31
550394	550406	13	44.31	49	51
552282	552382	101	157.46	153	264
554217	554234	18	126.00	134	148
554676	554707	32	422.78	429	501
554921	555163	243	362.28	6	1262
556180	556200	21	49.48	55	58
556234	556335	102	42.04	34	139
557146	557196	51	51.86	46	95
557821	557975	155	39.34	26	117
559666	559718	53	8.91	7	13
559768	559776	9	24.89	28	32
561233	561264	32	42.69	42	51
563721	563722	2	37.00	74	74
564656	564731	76	244.34	248	265
565737	565759	23	2.87	3	3
565795	565831	37	3.65	4	7
568418	568426	9	33.89	37	40
568526	568687	162	7.54	8	16
569573	569958	386	33.89	40	84
570958	571036	79	19.43	21	26
571886	571898	13	18.31	19	24
573887	573910	24	19.62	21	21
573955	574055	101	100.73	13	257
575758	575807	50	36.58	39	52
575842	575892	51	0.98	1	1
576349	576523	175	7.88	4	138
579104	579106	3	45.67	68.5	69
579255	579309	55	158.71	164.5	175
580495	580588	94	602.28	356	1845
580831	580967	137	65.78	74	94
581058	581093	36	1752.08	2346	2771
581168	581192	25	92.80	94	117
581283	581351	69	618.22	82.5	1879
581426	581483	58	18.26	19	28
581558	581632	75	57.21	68.5	77
581707	581765	59	20.19	22	26
581840	581913	74	33.78	43	56
582032	582263	232	15.22	4	60
582615	582645	31	75.71	79	84
584437	584448	12	108.83	114	127
585577	585638	62	13.11	12	17
587105	587113	9	27.67	31	35
590061	590083	23	74.83	74	100
591656	591706	51	237.18	240	343
592223	592240	18	102.78	106	126
592288	592294	7	20.14	23.5	25
593573	593657	85	48.98	50	60
594459	594664	206	2.31	2	17
596048	596139	92	42.45	43	54
596204	596285	82	2319.44	2210	4976
596532	596561	30	2420.67	2442	2831
597114	597143	30	3414.43	3476	4493
597885	597928	44	3549.41	3706	4257
598280	598296	17	599.65	670.5	792
598344	598402	59	66.36	67	69
599459	599586	128	24.77	10	123
599629	599637	9	13.56	16	17
601006	601136	131	146.34	108	264
601572	601727	156	250.68	173	807
602968	603054	87	2362.03	2338	3330
603481	603498	18	2402.89	2567	2952
603889	603900	12	924.25	995	1091
604024	604218	195	127.26	5	815
604810	604811	2	168.50	337	337
606809	606850	42	128.31	135	147
606886	606910	25	36.76	38	49
607544	607545	2	100.00	200	200
608020	608029	10	34.00	37	46
608076	608089	14	89.71	102	102
608657	608661	5	30.80	38.5	40
609250	609255	6	102.00	127	129
612350	612516	167	12.47	14	22
612559	612565	7	154.29	180	180
613174	613390	217	125.51	3	468
614003	614018	16	24.31	25	33
614074	614079	6	25.50	31	33
614746	614895	150	11.41	7	44
616540	616564	25	8.12	8	9
616598	616649	52	2.48	3	3
616749	616925	177	13.99	5	41
617841	617848	8	14.00	16	16
618617	618626	10	14.40	16	17
618670	618682	13	14.69	14.5	32
619562	619574	13	173.08	186.5	199
620367	620371	5	174.80	219	219
622243	622335	93	73.65	74	147
623291	623298	8	65.12	78	89
623743	623869	127	71.68	47	331
624727	624765	39	0.00	0	0
626201	626301	101	1.89	2	8
631092	631330	239	8.81	2	52
633623	633889	267	78.90	27	414
636485	636508	24	5.42	4	22
636543	636641	99	3.72	1	30
637020	637047	28	23.96	25	31
637096	637172	77	1.88	2	2
637536	637553	18	9.56	11	11
638786	638803	18	2.83	3	3
638849	638884	36	0.33	0	2
639941	640026	86	32.58	32	43
641650	641651	2	10.00	20	20
642681	642720	40	3.90	4	4
642757	642813	57	5.39	5	11
644224	644348	125	8.65	9	11
646752	646872	121	3.50	4	6
651386	651444	59	5.90	6	6
652438	652482	45	16.49	17	19
653464	653468	5	5.60	7	7
654492	654496	5	0.80	1	1
655481	655652	172	6.73	7	13
657321	657895	575	15.16	3	120
661765	661830	66	5.18	6	10
662851	662860	10	21.90	25	26
662905	662925	21	49.71	53	57
664009	664047	39	7.38	6.5	13
664201	664208	8	39.00	45	45
664238	664264	27	19.07	18	25
665561	665846	286	16.76	9	111
666186	666285	100	30.03	26	52
670514	670535	22	4.77	5	5
670588	670597	10	18.60	20	22
671897	672029	133	10.25	2	105
673215	673234	20	72.15	76	80
673278	673284	7	0.00	0	0
674746	674767	22	69.32	21	304
674813	674827	15	6428.80	6897	7018
675878	676404	527	1131.58	3	7982
676879	676906	28	79.82	84	86
676950	676957	8	201.25	232	246
677252	677373	122	28.27	27	116
678001	678103	103	218.93	234.5	286
680057	680075	19	320.32	347.5	365
680108	680125	18	23.00	22	41
680960	680987	28	115.11	100	196
682326	682584	259	280.59	16	1658
682918	682927	10	946.20	1064	1093
683009	683064	56	424.02	433	453
683139	683199	61	142.10	178.5	211
683330	683350	21	27.05	21	51
683804	683824	21	152.71	158.5	176
685310	685336	27	1448.52	1482	1592
688031	688122	92	638.80	624	1327
688531	688532	2	76.50	153	153
689469	689548	80	161.91	188	227
689880	689899	20	1672.05	1758	1870
689941	690244	304	43.00	18	278
692372	692422	51	496.18	459	689
692469	692489	21	8.00	4	22
693399	693409	11	31.64	35	40
693452	693487	36	7.11	7	10
693905	693953	49	12.02	13	14
695289	695298	10	3.60	4	4
697245	697354	110	9.45	8	15
699407	699641	235	113.02	87.5	398
700654	700766	113	64.96	62	104
703664	703869	206	17.98	8	94
705503	705506	4	10.00	13	14
705554	705586	33	28.79	26	44
706856	706945	90	22.82	26	31
707666	707976	311	10.60	7	53
709288	709306	19	14.11	17	17
709344	709593	250	46.94	13	140
710556	710582	27	345.26	359	371
712119	712127	9	119.00	136	145
712173	712394	222	15.20	18	44
713727	713753	27	2.93	2	6
713793	714243	451	17.59	7	56
714556	714595	40	48.10	49	74
715652	715846	195	45.44	22.5	123
716510	716898	389	0.80	0	4
717659	717663	5	211.00	264	266
719908	719919	12	6.33	7	11
720712	720742	31	64.00	65	73
721556	721567	12	162.50	178	184
722417	722449	33	25.00	25	32
722496	722511	16	2.19	3	3
723658	724054	397	9.42	11	30
724943	725143	201	112.17	121.5	216
725468	725482	15	270.33	286.5	350
725524	725538	15	762.33	812	882
725797	726041	245	1013.95	1303.5	2623
727617	727687	71	26.62	24	55
728654	728686	33	481.52	494.5	522
731534	731551	18	150.83	160	160
732065	732101	37	141.46	147	154
732154	732229	76	38.78	34	106
732662	732698	37	87.22	81.5	130
733659	733691	33	9.45	9	14
733785	733797	13	29.15	32	33
735280	735534	255	8.18	3	118
735874	735891	18	55.94	59	62
737712	737714	3	14.67	22	22
738636	738655	20	27.35	29	31
739766	739873	108	8.21	3	54
740864	740892	29	37.17	37.5	49
741604	741615	12	13.17	15	15
743290	743533	244	30.70	6	350
744605	744619	15	456.20	502	546
745762	745813	52	33.00	38	48
746243	746297	55	13.45	12.5	18
746330	746355	26	128.62	141	183
748021	748207	187	24.28	13	213
748301	748384	84	6.23	5	14
750329	750340	12	14.25	15	18
750695	750774	80	32.69	32	40
754683	754827	145	20.98	20	43
756001	756009	9	32.78	40	43
756136	756195	60	30.23	29	82
756227	756242	16	2072.56	2370	2417
756567	756847	281	74.18	4	1480
757730	757850	121	86.16	70	212
758823	758827	5	103.40	129.5	130
759548	759674	127	8.46	5	30
762246	762260	15	2.60	3	3
762313	762496	184	25.09	5	165
762587	762601	15	387.47	412.5	440
764308	764378	71	297.92	313	549
764452	764523	72	197.81	118	576
764557	764741	185	1687.21	1800.5	2722
767625	767754	130	842.37	787	1816
767871	767947	77	359.81	185.5	1115
768022	768032	11	78.73	83.5	103
768066	768217	152	7.47	6	53
768539	768550	12	157.17	168	187
769560	769564	5	33.60	42	44
770963	771115	153	16.13	10	50
772028	772266	239	5.98	5	40
772954	772977	24	25.38	27	32
775251	775255	5	0.00	0	0
775301	775320	20	7.30	7	10
778907	779107	201	17.64	19.5	37
781301	781312	12	31.08	34	34
782957	782961	5	28.80	36	38
783781	783816	36	44.25	44	67
784525	784587	63	48.63	49	58
785362	785416	55	34.93	23.5	133
785516	785566	51	6.98	6	20
786329	786541	213	2.55	2	10
786589	786665	77	968.40	852.5	1898
787287	787492	206	420.81	100	2084
788396	788423	28	11.96	13	14
788471	788632	162	6.01	3	14
788750	788948	199	7.09	8	13
790617	790623	7	0.86	1	1
790723	790748	26	17.23	18	21
792060	792214	155	58.22	44	124
792722	792787	66	1.47	2	11
792890	792953	64	17.78	13	45
794228	794240	13	206.62	224.5	228
795378	795484	107	272.48	246	455
795815	795838	24	751.29	767	874
797690	797706	17	58.65	62	67
798652	798665	14	19.43	24	27
798713	798760	48	0.00	0	0
798799	798821	23	29.26	31	33
799686	799803	118	6.67	6	11
800536	800607	72	35.35	35	55
801172	801200	29	249.10	233	319
802413	802451	39	471.67	464	592
802833	802895	63	239.98	250	258
803217	803267	51	217.02	247	254
803781	803806	26	466.96	486	498
806007	806057	51	185.37	186	217
806250	806337	88	117.81	120	152
806382	806426	45	2.67	2	9
807800	807963	164	205.66	209	359
808390	808565	176	16.02	12	68
809685	809689	5	5.60	7	7
809737	809901	165	7.13	7	33
811081	811087	7	77.43	90.5	92
812216	812243	28	227.14	205	312
813510	813548	39	467.87	469.5	631
814161	814175	15	225.93	228.5	310
815334	815351	18	13.17	14	23
815399	815528	130	11.86	2	125
817949	818255	307	24.52	12	164
819808	820011	204	11.03	8	36
821479	821587	109	108.23	109	129
823139	823170	32	63.12	61	78
823217	823376	160	2.02	3	3
825099	825123	25	2.36	2	3
825163	825291	129	11.38	4	59
825883	825905	23	107.57	115.5	117
825942	826196	255	7.45	6	22
827076	827178	103	2.54	3	4
828808	828820	13	0.08	0	1
830006	830175	170	4.72	2	19
830962	830975	14	0.00	0	0
832290	832469	180	4.06	6	9
835549	835667	119	0.72	1	4
837221	837232	12	3.00	3	5
838310	838376	67	1.97	2	2
840357	840370	14	0.00	0	0
840421	840438	18	33.00	35	39
841987	842267	281	9.67	8	33
842364	842366	3	6.67	10	10
843630	843732	103	2.22	2	13
844663	844789	127	24.82	26	38
845117	845284	168	7.43	7	19
845555	845590	36	18.61	19	22
846272	846287	16	10.81	12	12
847983	848055	73	0.00	0	0
849355	849372	18	0.00	0	0
851187	851189	3	0.67	1	1
852901	853164	264	0.00	0	0
854233	854286	54	0.00	0	0
858445	858471	27	2.89	3	3
858508	858793	286	7.74	7	21
859190	859266	77	2.60	3	3
860038	860077	40	17.32	14	26
860124	860218	95	4.55	5	6
860540	860583	44	5.45	6	6
860677	860788	112	2.62	2	7
862403	862407	5	9.60	12	13
862453	862472	20	14.50	16	16
863278	863288	11	10.36	11	12
865056	865249	194	27.78	28	54
865763	866098	336	3.71	5	7
866801	866872	72	1.86	2	2
869810	869812	3	6.67	10	10
870389	870818	430	9.92	10	18
872651	872763	113	2.64	3	5
872944	872957	14	2.79	3	3
873006	873241	236	1.87	1	8
874223	874250	28	6.75	7	7
874929	875272	344	2.07	1	5
876896	876973	78	0.06	0	1
880013	880127	115	0.16	0	2
881265	881389	125	0.06	0	1
885661	885772	112	11.35	6	38
886265	886313	49	54.63	50.5	94
886367	886493	127	3.54	4	6
886534	886542	9	1.78	2	2
888403	888845	443	0.25	0	2
889904	890448	545	10.40	10	34
891121	891202	82	4.93	2	14
892493	892494	2	2.00	4	4
892945	892949	5	1.60	2	2
895689	895706	18	0.00	0	0
898661	898672	12	2.75	3	3
899730	899895	166	0.00	0	0
900724	900725	2	0.50	1	1
901485	901493	9	2.11	2	3
903372	903379	8	1.75	2	2
904148	904165	18	4.72	5	5
904637	904647	11	0.73	1	1
905554	905558	5	0.80	1	1
906204	906378	175	0.18	0	1
910939	911223	285	0.39	0	2
911266	911516	251	7.21	8	18
912205	912855	651	9.83	9	23
914122	914245	124	2.46	3	3
914277	914290	14	495.64	426	1189
914655	914725	71	236.82	247	285
915209	915388	180	17.43	21	24
916135	916153	19	47.26	49	53
916205	916214	10	9.00	10	10
916623	916732	110	10.54	8	26
918395	918526	132	7.24	4	34
919409	919556	148	332.91	52	969
920157	920170	14	89.64	92	113
920218	920422	205	143.72	70	435
922328	922530	203	159.71	28	526
923674	923690	17	2.82	3	3
924167	924223	57	2.81	4	5
926982	927020	39	2.54	3	3
928939	928964	26	11.12	11	14
928998	929009	12	0.92	1	1
929589	929636	48	37.40	32	63
929766	929946	181	96.19	56	267
931537	931538	2	2.50	5	5
935740	935754	15	23.53	25	27
935801	935916	116	52.94	59	68
936352	936377	26	5.92	5	9
936424	936464	41	117.66	112.5	186
936654	936661	8	204.50	227	248
936863	936967	105	43.38	26	349
937610	937644	35	10.37	10	21
937842	937853	12	37.25	41	42
939567	939794	228	131.97	135	288
940488	940505	18	14.67	16	18
940602	940624	23	0.52	0	4
941002	941016	15	4.67	5	5
941070	941186	117	3.71	3	6
942789	942798	10	4.50	5	5
942845	942856	12	6.83	7	8
943600	943886	287	781.92	11	8022
944326	944366	41	48.05	42	83
945247	945252	6	11.67	14	14
946288	946378	91	3.79	2	13
946688	946690	3	12.67	19	19
947423	947438	16	7.50	8	8
947483	947522	40	28.27	33	36
949401	949422	22	209.23	218	226
950305	950348	44	208.64	221	237
950589	950905	317	11.84	3	88
951668	951681	14	59.86	61	70
952636	952784	149	35.00	46	53
952830	952845	16	0.00	0	0
954391	954438	48	13.58	15	15
954481	954683	203	13.27	18	23
954920	955013	94	1.27	1	7
955932	955955	24	39.25	41	42
956340	956371	32	24.19	21	33
957221	957261	41	42.95	38	69
958633	958839	207	33.45	5	123
960412	960515	104	37.16	17	110
962775	962791	17	21.12	22	24
963653	963685	33	0.97	1	5
964280	964283	4	14.25	19	19
965058	965119	62	0.55	0	2
965166	965192	27	22.52	25.5	31
966018	966038	21	51.71	54	58
967738	967975	238	34.83	1	197
968534	968600	67	41.84	41.5	58
969549	969787	239	51.51	6	443
971222	971234	13	95.00	100	115
971277	971303	27	73.22	65	151
972990	973126	137	11.82	5	54
973253	973339	87	68.45	59	112
973422	973508	87	92.34	80	156
973591	973678	88	114.52	97	204
973761	973766	6	49.33	59	60
973860	974048	189	3.34	3	8
975105	975106	2	8.00	16	16
978215	978264	50	4.36	4	7
978380	978643	264	0.14	0	1
979142	979456	315	1.12	1	2
980573	980594	22	1.05	1	3
986153	986165	13	5.38	5	7
986595	986596	2	0.50	1	1
990919	991116	198	1.60	1	3
991930	991950	21	0.95	1	1
991993	992137	145	0.70	1	1
993362	993627	266	7.42	4	27
996499	996519	21	5.00	5	7
996567	996655	89	0.00	0	0
997970	998147	178	4.41	4	6
998750	999241	492	0.65	0	3
1000637	1000709	73	4.96	5	6
1001904	1001909	6	1.17	1	2
1002435	1002461	27	1.33	1	2
1005810	1005942	133	1.02	1	4
1006537	1006822	286	62.11	44	373
1008128	1008191	64	243.08	274	421
1008238	1008293	56	64.30	62	105
1008645	1008815	171	13.94	13	36
1010431	1010543	113	1.96	3	7
1010573	1010611	39	5.38	1.5	17
1010888	1010911	24	21.25	27	38
1012211	1012304	94	88.26	83	145
1013094	1013095	2	66.00	132	132
1016128	1016136	9	30.00	34	38
1016605	1016609	5	100.00	124	130
1016925	1016995	71	16.55	14	35
1018022	1018029	8	68.00	78	81
1018789	1018820	32	113.47	125	127
1021503	1021526	24	112.71	118	121
1021995	1022007	13	46.00	50	50
1023587	1023610	24	94.96	97	116
1024484	1024555	72	413.83	363	712
1026118	1026187	70	31.59	27	56
1027610	1027835	226	9.20	3	50
1029027	1029072	46	9.74	9	23
1029118	1029141	24	438.71	456	467
1029649	1029759	111	580.26	551	752
1031479	1031557	79	624.20	663	865
1031608	1031614	7	322.14	376.5	381
1031870	1031956	87	814.38	855.5	948
1032164	1032169	6	91.67	109	113
1033136	1033260	125	15.86	5	99
1034011	1034242	232	98.21	118	176
1035116	1035192	77	48.88	45	81
1035237	1035250	14	11.00	10	22
1037258	1037448	191	7.51	6	20
1037484	1037890	407	101.31	2	501
1038938	1038957	20	37.75	35	53
1039002	1039016	15	5.07	4	12
1039830	1039848	19	10.95	12	12
1039889	1039892	4	1.50	2	2
1040323	1040355	33	23.15	24.5	26
1041731	1042055	325	27.57	2	132
1042103	1042163	61	7.74	6	18
1043082	1043185	104	5.88	6	6
1043232	1043255	24	6.38	6	9
1043370	1043446	77	0.70	0	3
1044272	1044316	45	47.22	48.5	61
1045356	1045624	269	3.17	2	13
1046192	1046274	83	58.45	44.5	109
1046566	1046608	43	132.26	135.5	164
1047128	1047139	12	43.08	49	51
1048022	1048251	230	23.47	5	213
1050157	1050178	22	48.68	46	65
1050208	1050493	286	68.11	2	243
1051136	1051165	30	426.07	444	490
1051209	1051252	44	7.48	7	17
1052225	1052255	31	7.42	8.5	9
1052303	1052326	24	22.08	23	33
1053869	1054132	264	3.65	3	36
1054280	1054315	36	3.39	0	13
1054811	1054859	49	22.33	23	27
1054910	1054960	51	85.98	104.5	115
1056623	1056778	156	19.74	3	272
1058405	1058423	19	1.47	1	3
1058472	1058501	30	5.80	6	6
1059714	1059718	5	141.60	175	186
1060853	1061323	471	14.03	6	83
1062893	1062909	17	53.18	50	80
1062955	1063023	69	0.00	0	0
1063123	1063142	20	181.05	179	346
1064811	1064818	8	174.38	198	203
1064870	1064977	108	1.25	2	2
1069841	1069858	18	26.72	25	42
1069900	1069964	65	2.05	2	5
1070757	1070932	176	21.28	8	115
1071857	1071903	47	186.49	159.5	292
1073167	1073169	3	45.33	68	69
1073764	1073828	65	25.91	21	46
1074318	1074352	35	45.37	34	80
1075865	1075885	21	36.00	37.5	41
1075930	1075994	65	14.52	5	35
1077318	1077420	103	98.55	118	127
1078150	1078164	15	2.60	3	3
1078306	1078368	63	20.46	24	27
1079251	1079301	51	24.08	19	61
1079740	1079847	108	10.82	10	23
1079882	1079900	19	27.21	31	38
1080997	1081025	29	21.76	23	27
1081716	1081719	4	16.75	23	23
1082347	1082360	14	33.00	35	40
1083405	1083406	2	5.50	11	11
1086325	1086326	2	14.50	29	29
1086966	1087082	117	3.88	5	7
1087120	1087127	8	6.12	7	7
1087201	1087789	589	5.60	3	35
1089955	1089957	3	7.33	11	11
1090057	1090246	190	22.79	16	68
1091615	1091620	6	34.33	40	43
1092839	1093018	180	14.86	6	85
1094134	1094195	62	39.21	44	52
1094706	1094715	10	17.00	19	19
1095438	1095441	4	62.00	83	86
1095892	1095908	17	19.18	20	26
1096881	1096937	57	0.68	0	2
1097028	1097087	60	14.43	17	17
1099945	1099953	9	17.00	19.5	21
1099989	1100392	404	61.86	37	769
1101167	1101183	17	250.71	271	314
1101230	1101241	12	13.83	14	18
1102133	1102289	157	7.06	9	12
1102337	1102360	24	26.62	29	38
1105644	1105804	161	35.67	26.5	135
1106462	1106496	35	16.51	13.5	32
1106545	1106561	17	17.29	18	24
1108671	1108687	17	70.29	77	90
1108731	1108744	14	19.50	21	21
1109348	1109435	88	15.22	3	96
1109916	1109929	14	3.86	4	5
1111226	1111467	242	3.17	3	6
1111508	1111530	23	29.57	30	42
1112815	1112988	174	47.44	1	203
1113038	1113076	39	1.79	2	2
1114365	1114719	355	453.02	38	1738
1118326	1118359	34	7.59	4	20
1118392	1118453	62	13.40	2	87
1119000	1119026	27	36.81	33	69
1119057	1119080	24	11.38	12	14
1119978	1120188	211	9.23	10	15
1121293	1121464	172	38.70	36	114
1121594	1121595	2	18.00	36	36
1121992	1122008	17	2.82	3	3
1122041	1122125	85	83.28	75	197
1122669	1122689	21	126.14	135	139
1124766	1124805	40	80.53	102	106
1125166	1125182	17	73.65	77.5	81
1125783	1125791	9	41.22	48	50
1125836	1125894	59	6.71	3	13
1126144	1126280	137	3.67	3	6
1126716	1126741	26	4.27	5	7
1126790	1126811	22	23.73	22	44
1127553	1127704	152	42.02	54	80
1128773	1128798	26	7.04	9	10
1128848	1128899	52	0.92	1	1
1129965	1130010	46	20.22	0	105
1130545	1130555	11	28.55	31.5	33
1131414	1131566	153	29.01	19	141
1131996	1132051	56	12.55	12	24
1132352	1132404	53	17.62	16	25
1133146	1133234	89	47.43	48	60
1135314	1135445	132	7.60	7	17
1135541	1135857	317	220.25	0	5106
1136197	1136295	99	31.31	30	54
1137295	1137310	16	40.50	44	45
1137806	1137814	9	21.33	24	24
1139080	1139200	121	1.71	2	3
1139342	1139645	304	0.00	0	0
1142910	1142923	14	0.00	0	0
1142969	1143001	33	0.18	0	1
1143830	1144115	286	2.94	2	17
1144656	1144670	15	8.00	9	10
1145993	1146073	81	27.02	25	49
1146212	1146258	47	26.91	25	35
1147246	1147493	248	6.97	2	56
1148996	1149032	37	47.11	49	61
1149977	1149989	13	6.62	7	8
1151307	1151320	14	11.21	12	13
1152623	1152624	2	2.50	5	5
1154233	1154251	19	14.68	16	16
1155593	1155623	31	34.65	36	38
1157226	1157231	6	1.67	2	2
1158042	1158068	27	3.22	3	5
1158210	1158667	458	196.78	165	673
1160297	1160376	80	52.86	51	73
1160426	1160447	22	43.82	46	57
1161366	1161381	16	42.31	45	46
1162282	1162308	27	16.11	17	17
1164270	1164288	19	15.79	16	20
1164331	1164421	91	1.78	0	24
1165367	1165391	25	4.72	5	12
1165437	1165466	30	299.40	315	435
1167609	1167746	138	272.72	283	389
1168941	1169289	349	243.51	114	647
1169746	1169870	125	28.29	29	34
1170279	1170718	440	9.44	7	45
1171682	1171759	78	13.77	7	41
1173532	1173635	104	17.83	20	25
1173682	1173700	19	4.74	5	5
1175168	1175202	35	13.06	13.5	15
1176172	1176330	159	2.07	2	3
1176958	1177055	98	31.21	30	47
1177650	1177676	27	179.89	182	216
1179024	1179025	2	5.00	10	10
1179119	1179129	11	218.18	238.5	255
1180435	1180475	41	68.07	70	82
1180520	1180543	24	1.38	1	4
1181828	1181956	129	0.00	0	0
1185637	1185642	6	57.83	66	75
1185691	1185720	30	0.77	1	2
1185928	1186156	229	5.35	4	27
1187018	1187027	10	8.10	9	9
1187059	1187229	171	2.19	1	6
1188378	1188390	13	24.00	25	28
1189669	1189670	2	8.00	16	16
1191709	1191713	5	11.80	13.5	19
1193274	1193366	93	35.05	9	112
1194735	1194794	60	87.37	87	96
1195410	1195434	25	75.76	81.5	110
1196551	1196814	264	14.10	13	34
1198154	1198166	13	59.23	61	76
1198578	1198969	392	27.60	2	290
1199150	1199267	118	8.08	8	11
1200867	1200885	19	5.68	6	6
1200919	1201088	170	26.26	0	220
1201229	1201259	31	40.58	42.5	57
1202172	1202178	7	53.86	62.5	71
1203472	1203477	6	11.67	14	14
1204516	1204569	54	21.02	19	26
1205641	1205642	2	12.00	24	24
1206252	1206296	45	18.11	17.5	27
1208416	1208435	20	11.55	12	15
1208481	1208618	138	27.03	39	46
1209489	1209651	163	760.29	870	1230
1211875	1211886	12	98.42	111	116
1211932	1211975	44	8.64	9	11
1212204	1212669	466	92.44	16	420
1212988	1213028	41	492.83	521	557
1215297	1215304	8	81.00	93	93
1215348	1215367	20	3.60	1	16
1217042	1217191	150	1.69	2	2
1217238	1217245	8	15.88	18	19
1217522	1217796	275	4.21	4	11
1219063	1219100	38	17.08	20	20
1219146	1219155	10	79.50	88	92
1220008	1220317	310	30.42	11	118
1221962	1222073	112	44.21	47	53
1222677	1222771	95	12.38	9	27
1223675	1223697	23	112.74	117	136
1224631	1224974	344	10.53	6	50
1225581	1225604	24	10.88	11	13
1225659	1225678	20	107.35	113	117
1226225	1226417	193	93.52	59	414
1228864	1229088	225	2.90	2	18
1230352	1230430	79	43.25	32.5	102
1231568	1231584	17	11.24	11.5	13
1231629	1231650	22	12.95	14	16
1232638	1232639	2	8.00	16	16
1234146	1234156	11	7.64	6	12
1234892	1235013	122	8.40	9	12
1235983	1236096	114	7.73	11	16
1236835	1236962	128	3.42	4	7
1237830	1238123	294	42.07	13	219
1239897	1239900	4	9.50	13	13
1239945	1239995	51	1.41	1	6
1240572	1240611	40	17.62	19	20
1240660	1240675	16	8.19	8	12
1242050	1242247	198	3.01	1	16
1243052	1243053	2	35.00	70	70
1244242	1244284	43	19.58	18	27
1245692	1245699	8	54.25	63	63
1248896	1248907	12	0.00	0	0
1249167	1249233	67	9.16	9	13
1250104	1250108	5	60.40	75	78
1250727	1250861	135	75.51	77	103
1251825	1251851	27	19.44	20	25
1251898	1251994	97	29.54	26	48
1255494	1255539	46	0.00	0	0
1255577	1255615	39	26.10	21	49
1256570	1257046	477	5.82	2	46
1258929	1259188	260	4.28	3	14
1260518	1260553	36	15.36	18	20
1260596	1260620	25	20.32	20	24
1263494	1263811	318	11.73	6	29
1264232	1264435	204	39.12	37	67
1265651	1265707	57	2.60	2	7
1266104	1266152	49	0.47	0	3
1266258	1266343	86	1.79	2	2
1266385	1266397	13	7.38	7	10
1266593	1266730	138	2.15	2	8
1267781	1267847	67	6.51	5	17
1268517	1268618	102	66.98	67	186
1269306	1269432	127	10.65	10	20
1270126	1270298	173	24.65	20.5	67
1273403	1273413	11	0.64	1	1
1273879	1274130	252	10.83	10	17
1275340	1275348	9	2.67	3	3
1275398	1275416	19	69.84	75	79
1276140	1276290	151	19.71	3	290
1277824	1277837	14	0.93	1	1
1279533	1279553	21	2.57	3	3
1281760	1281865	106	5.43	5	9
1282574	1282692	119	4.56	4	17
1283638	1283733	96	19.35	19	29
1283772	1283778	7	101.29	119	126
1284097	1284103	7	837.86	987	992
1284701	1284861	161	13.85	20	21
1285654	1285749	96	21.34	25	28
1290197	1290574	378	50.79	7	851
1291217	1291218	2	51.50	103	103
1293049	1293098	50	12.96	6	32
1293688	1293913	226	10.34	7	51
1293985	1293989	5	54.00	67	70
1294063	1294129	67	63.39	65	78
1294214	1294226	13	67.31	74	74
1294342	1294548	207	11.57	0	61
1296147	1296291	145	8.86	8	15
1296406	1296439	34	57.15	59	76
1297421	1297449	29	83.72	88.5	93
1299835	1299857	23	107.48	117	119
1299903	1300119	217	12.38	9.5	22
1300252	1300275	24	492.08	507	569
1301478	1301551	74	33.03	28	65
1301795	1301948	154	6.64	5	39
1303877	1304026	150	4.13	5	8
1304900	1304978	79	1.97	2	2
1305946	1306117	172	10.27	7	95
1307170	1307188	19	10.00	10	13
1308611	1308709	99	50.32	61	68
1308756	1308758	3	40.00	60	60
1310172	1310477	306	5.50	5	12
1310922	1311450	529	18.60	11	68
1312558	1312559	2	3.00	6	6
1313343	1313353	11	9.09	10	14
1313891	1313899	9	13.00	14	17
1314500	1314659	160	6.33	3	14
1314765	1314817	53	41.38	34	153
1317662	1317970	309	18.69	16	36
1318011	1318048	38	29.26	30	38
1318622	1318722	101	0.86	0	7
1318756	1318802	47	81.38	84.5	100
1319196	1319245	50	2.40	3	3
1320854	1321086	233	4.46	3	15
1321597	1321818	222	5.85	0	56
1321855	1321864	10	3.60	4	4
1322762	1322776	15	54.33	57.5	64
1322873	1322927	55	7.18	8	11
1324173	1324347	175	7.08	8	11
1324774	1324876	103	31.21	22	73
1325153	1325154	2	117.00	234	234
1326322	1326383	62	95.37	102	117
1328667	1329117	451	32.41	15	246
1329853	1330206	354	343.93	4	1392
1332889	1332941	53	726.57	716.5	993
1332987	1333103	117	2.58	2	56
1334100	1334128	29	19.52	21	25
1335026	1335278	253	3.45	3	10
1336491	1336675	185	5.91	4	46
1336850	1336880	31	18.29	18	23
1336918	1337022	105	8.70	6	37
1337671	1337726	56	43.98	47	55
1337758	1337808	51	0.00	0	0
1339114	1339322	209	26.38	22	76
1340706	1340717	12	14.00	15	16
1342786	1343034	249	4.35	3	13
1344607	1344754	148	21.52	22	30
1345301	1345366	66	9.74	5	50
1346731	1346836	106	1.16	1	2
1347260	1347536	277	2.02	1	5
1348740	1348843	104	13.49	12	31
1349375	1349386	12	3.00	3	7
1350668	1350726	59	0.98	1	1
1350768	1350776	9	8.11	7	14
1352761	1352764	4	14.25	19	19
1353242	1353600	359	14.00	7	68
1355221	1355289	69	24.28	25.5	36
1355323	1355387	65	2.31	3	4
1356681	1356840	160	2.52	3	5
1356872	1356925	54	2.00	2	3
1357229	1357309	81	0.81	0.5	2
1358648	1358696	49	10.02	11	11
1360334	1360358	25	22.40	25	28
1361115	1361217	103	19.33	20	41
1362238	1362333	96	29.36	30	38
1362381	1362385	5	5.60	7	7
1364549	1364569	21	24.71	28	28
1366205	1366599	395	15.02	7.5	34
1368493	1368506	14	13.00	14	14
1368553	1368633	81	0.07	0	2
1371252	1371468	217	5.97	6	33
1372774	1372936	163	1.87	2	3
1374570	1374772	203	4.37	3	11
1375019	1375080	62	9.50	8	20
1375927	1375938	12	2.17	2	4
1375984	1375994	11	32.00	37	38
1377438	1377541	104	32.42	20	117
1379171	1379570	400	28.68	10	97
1379937	1379968	32	44.75	48	56
1380014	1380027	14	63.86	73	74
1381387	1381395	9	80.78	93	115
1381444	1381481	38	43.50	48	64
1382733	1383033	301	8.97	3	93
1383646	1383844	199	4.94	5	11
1385219	1385396	178	235.40	95	682
1386912	1386943	32	59.47	55	98
1386990	1387062	73	11.36	10.5	23
1387246	1387472	227	29.02	27	48
1389859	1389974	116	10.96	10	26
1391514	1391515	2	19.50	39	39
1392089	1392185	97	31.33	31	43
1392692	1392726	35	5.03	5	8
1393603	1393725	123	10.33	2	48
1395010	1395060	51	5.88	6	8
1396690	1397025	336	1.04	0	8
1398487	1398498	12	48.42	55	56
1400291	1400320	30	5.23	5	6
1401239	1401270	32	61.91	62	70
1401311	1401338	28	282.29	289	329
1402110	1402324	215	44.94	9	841
1403645	1403672	28	32.07	34	34
1404375	1404752	378	12.40	5	40
1407822	1407904	83	14.55	10	38
1408579	1408945	367	3.52	3	7
1410052	1410121	70	10.73	12	14
1411766	1411772	7	1.71	2	2
1412784	1412811	28	1.93	2	2
1412845	1413195	351	1.46	1	4
1413832	1414025	194	1.46	1	2
1414061	1414154	94	1.62	1	3
1414980	1414989	10	0.00	0	0
1415116	1415132	17	0.00	0	0
1416660	1416671	12	3.33	4	4
1417221	1417420	200	3.67	2	9
1418390	1418893	504	1.20	0	6
1418940	1419021	82	16.95	21	24
1420634	1420811	178	6.52	6	15
1421943	1422040	98	2.99	3	5
1424645	1424655	11	5.45	6	6
1427738	1427748	11	0.00	0	0
1427794	1427913	120	3.41	3	15
1428388	1428470	83	11.78	12	16
1429866	1429871	6	0.00	0	0
1429920	1429933	14	82.36	89	91
1431038	1431463	426	1.14	0	15
1433700	1433708	9	9.44	11	11
1440608	1440646	39	11.23	11	13
1440711	1440715	5	54.40	68	68
1441187	1441402	216	12.67	3	70
1441595	1441609	15	0.93	1	1
1441700	1441839	140	4.75	6	9
1444790	1444811	22	2.86	3	3
1446066	1446241	176	15.37	3	40
1446524	1446591	68	12.44	12	17
1447023	1447034	12	115.25	126	135
1447704	1447884	181	89.21	10	357
1447923	1447950	28	2.39	3	3
1448704	1448728	25	3.28	2	9
1449824	1449828	5	3.20	4	4
1451032	1451159	128	2.41	0	8
1452186	1452642	457	4.10	3	43
1453579	1453646	68	22.47	19	48
1454466	1454743	278	2.34	2	12
1455479	1455493	15	10.07	10.5	12
1458162	1458334	173	6.61	7	13
1458581	1458739	159	29.35	15	117
1461082	1461090	9	4.44	5	5
1461813	1462188	376	3.44	3	11
1463365	1463478	114	10.44	11	26
1466323	1466366	44	8.84	12	12
1468260	1468261	2	9.00	18	18
1468988	1469401	414	10.25	10	25
1470965	1471031	67	118.66	112	173
1471560	1471563	4	7.50	10	10
1471744	1471765	22	4.00	4	8
1471808	1471847	40	7.97	8	14
1472310	1472358	49	43.71	45	48
1472707	1472743	37	13.05	0	51
1476947	1476979	33	210.52	217	231
1477460	1477472	13	18.46	20	20
1477603	1477622	20	0.00	0	0
1477661	1477678	18	2.83	3	3
1479029	1479037	9	0.00	0	0
1480170	1480407	238	5.00	6	12
1481513	1481601	89	3.27	4	6
1483006	1483163	158	88.35	90	109
1484676	1484759	84	1.21	0	3
1484805	1484823	19	12.32	13	13
1485136	1485143	8	1.75	2	2
1485186	1485192	7	3.14	4	4
1486426	1486435	10	5.40	6	6
1490553	1490565	13	2.77	3	3
1492283	1492305	23	2.52	2	4
1493866	1493880	15	1.07	1	3
1495804	1495939	136	1.22	1	3
1496060	1496301	242	0.41	0	1
1498087	1498167	81	6.73	7	9
1499482	1499665	184	7.12	8	27
1500857	1500863	7	6.29	7	8
1500908	1500917	10	23.40	26	26
1501518	1501626	109	5.55	0	33
1504280	1504291	12	60.33	66	68
1505895	1505901	7	6.43	6.5	10
1507636	1507816	181	2.88	0	15
1507851	1507859	9	12.78	13.5	17
1509432	1509631	200	7.18	5	16
1510148	1510277	130	1.85	0	16
1514606	1514610	5	0.20	0	1
1517274	1517420	147	0.00	0	0
1518156	1518245	90	12.23	14	20
1518882	1518898	17	1.88	2	2
1518940	1518956	17	2.82	3	3
1520331	1520425	95	47.52	34	95
1520523	1521010	488	163.89	94	661
1521743	1521836	94	17.50	17	20
1521882	1521891	10	11.50	13	13
1522927	1522985	59	11.78	9	37
1523038	1523040	3	30.00	45	45
1524158	1524174	17	29.24	32	33
1524943	1524944	2	16.50	33	33
1526917	1527204	288	36.36	26	93
1528841	1528844	4	25.50	34	34
1529502	1529514	13	6.46	7	7
1529564	1529580	17	5.65	6	6
1530511	1530638	128	16.35	5	89
1531584	1531668	85	13.62	4	112
1531711	1531715	5	25.20	32	32
1532466	1532557	92	60.90	59	95
1533391	1533396	6	29.50	39	39
1535767	1535773	7	18.71	20	27
1536248	1536281	34	7.00	6	13
1537307	1537316	10	187.00	210	224
1537479	1537492	14	460.86	497	514
1538111	1538126	16	142.88	153	156
1539558	1539788	231	269.50	44.5	805
1540167	1540237	71	13.55	13	23
1543168	1543230	63	3.67	2	9
1545394	1545398	5	5.60	7	7
1548917	1549276	360	2.28	0	10
1549634	1549661	28	37.86	40	43
1563782	1563831	50	3.60	4	4
1563869	1564151	283	5.30	4	11
1564374	1564395	22	1.91	2	2
1564449	1564469	21	3.19	4	5
1565899	1566026	128	3.15	3	11
1566363	1566924	562	8.07	7	21
1568112	1568212	101	0.01	0	1
1570980	1570992	13	116.31	128	130
1571239	1571376	138	60.13	56	83
1572815	1572942	128	1.46	1	12
1573279	1573770	492	7.74	6	28
1574513	1574592	80	4.67	5	7
1575283	1575414	132	6.08	5	11
1575697	1575703	7	9.14	11	12
1577270	1577433	164	1.68	1	3
1577998	1578726	729	6.29	4	38
1578768	1578877	110	352.59	348	469
1578915	1579038	124	0.00	0	0
1579364	1579443	80	5.84	6	9
1580134	1580265	132	5.00	5	14
1580548	1580554	7	15.71	18	19
1582121	1582284	164	1.92	2	3
1582849	1583159	311	4.56	5	10
1584380	1584847	468	4.24	3	42
1584889	1584998	110	343.69	335	462
1585036	1585177	142	4.75	6	7
1585223	1585290	68	34.06	35	39
1585648	1585760	113	31.17	30	55
1586091	1586097	7	44.14	51.5	53
1588358	1588424	67	91.66	94	133
1588941	1588950	10	29.60	33	33
1588995	1589025	31	27.77	32	39
1589197	1589303	107	88.76	106.5	163
1589351	1589365	15	51.33	54	67
1591058	1591065	8	189.50	214	223
1593203	1593213	11	22.45	24.5	31
1595338	1595598	261	2.97	0	91
1595728	1595799	72	8.61	11	16
1596340	1596431	92	14.34	21	27
1596470	1596496	27	17.11	17	19
1597505	1597512	8	9.88	10	13
1597548	1597580	33	70.39	76.5	84
1602420	1602610	191	8.99	10	20
1602845	1602880	36	156.53	154	226
1605485	1605589	105	4.70	0	31
1605644	1605685	42	8.79	9	9
1606400	1606448	49	1.61	2	2
1606493	1606510	18	14.67	16	16
1608506	1608525	20	278.65	290	324
1609150	1609252	103	101.10	106.5	131
1611606	1611641	36	26.08	25	33
1612899	1612910	12	17.33	20	20
1615548	1615559	12	3.33	4	4
1617090	1617154	65	11.14	12	13
1617246	1617273	28	27.29	30	30
1618168	1618208	41	25.27	33	56
1620024	1620175	152	3.61	3	6
1621361	1621374	14	58.86	63	69
1621855	1621890	36	51.44	56	63
1621937	1621991	55	9.62	10	12
1622769	1622817	49	1.71	1	4
1622851	1622868	18	2.83	3	3
1624349	1624351	3	6.00	9	9
1624958	1624971	14	6.50	7	7
1627824	1627837	14	10.21	11	11
1628033	1628112	80	36.06	36	46
1628767	1628794	28	3.29	3	4
1630454	1630582	129	5.37	1	36
1630619	1630654	36	0.00	0	0
1631721	1631767	47	0.79	0	4
1632779	1632814	36	9.47	10	10
1632862	1632887	26	11.69	12	13
1634478	1634691	214	9.07	1	35
1638167	1638460	294	6.48	3	32
1639286	1639294	9	18.11	20	21
1639991	1640001	11	6.91	8	8
1643104	1643195	92	7.74	7	21
1643972	1643984	13	3.69	4	4
1644144	1644189	46	24.61	35	56
1644463	1644612	150	109.56	92	199
1644659	1644671	13	14.15	16	16
1645578	1645742	165	18.62	15	139
1647369	1647372	4	7.50	10	10
1649393	1649483	91	41.08	37.5	65
1649982	1649993	12	34.75	38	40
1650423	1650857	435	47.83	12.5	164
1651722	1651908	187	20.22	13	82
1652060	1652327	268	11.04	5	35
1653711	1653712	2	6.50	13	13
1653767	1653916	150	2.87	3	8
1654898	1654906	9	0.89	1	1
1655753	1656061	309	15.02	8	36
1657855	1657856	2	21.00	42	42
1658798	1658806	9	29.89	34	34
1660178	1660179	2	11.00	22	22
1660936	1661256	321	3.22	3	10
1662559	1662564	6	0.00	0	0
1662616	1662636	21	0.00	0	0
1663516	1663527	12	2.75	3	3
1665539	1665565	27	7.37	8	9
1666325	1666354	30	97.27	85	134
1667066	1667077	12	26.67	28	32
1667123	1667143	21	8.10	9	9
1667985	1668121	137	39.06	35.5	82
1669154	1669191	38	32.63	33	42
1670626	1670918	293	23.53	4	225
1671018	1671040	23	41.65	42	50
1673213	1673235	23	10.48	11	12
1673267	1673279	13	8.31	9	9
1674207	1674272	66	1.08	0	10
1675443	1675483	41	3.85	5	5
1675524	1675594	71	1.44	1	3
1676722	1676744	23	5.61	5	8
1678002	1678003	2	5.00	10	10
1679216	1679221	6	1.83	3	3
1680497	1680498	2	7.00	14	14
1681265	1681273	9	2.56	4	4
1683598	1684122	525	4.12	2	13
1684501	1684518	18	4.33	5	5
1685902	1685949	48	4.83	5	5
1685991	1686048	58	2.03	2	3
1686430	1686476	47	39.62	41	47
1686933	1686964	32	42.75	45	51
1687280	1687437	158	74.13	70	129
1688257	1688260	4	164.75	220	220
1690149	1690214	66	15.70	16	22
1691124	1691205	82	0.00	0	0
1695827	1695868	42	1.95	2	2
1696433	1696498	66	0.44	0	1
1698200	1698375	176	0.93	1	3
1698895	1698937	43	0.00	0	0
1698985	1699072	88	9.03	9	13
1699952	1700059	108	4.73	5	8
1700843	1700983	141	2.05	3	3
1703440	1703474	35	12.69	13	15
1703506	1703679	174	0.16	0	9
1704532	1704616	85	1.98	2	5
1705904	1705923	20	3.00	3	4
1706974	1706984	11	4.73	6	6
1708200	1708210	11	26.27	29	29
1709327	1709718	392	3.05	3	20
1711150	1711300	151	7.94	5	15
1712123	1712234	112	2.88	3	4
1712277	1712294	18	8.89	9	11
1712369	1712392	24	10.54	11	11
1712467	1712740	274	0.52	1	4
1713800	1713804	5	9.60	12	12
1714492	1714608	117	0.37	0	5
1715410	1715543	134	15.67	15	28
1716528	1716548	21	179.67	189	206
1717323	1717390	68	35.24	31	54
1718075	1718076	2	7.50	15	15
1719691	1720306	616	17.69	10	73
1720346	1720422	77	7.81	9	12
1721851	1721864	14	3.50	4	4
1722837	1722842	6	0.83	1	1
1725149	1725154	6	10.50	13	13
1725602	1725651	50	3.18	3	11
1726609	1726819	211	0.80	0	3
1727531	1727536	6	15.00	18	18
1727759	1727959	201	12.65	12	18
1729555	1729724	170	6.29	4	14
1729956	1729988	33	21.67	27	27
1730877	1730963	87	2.13	1	5
1732179	1732237	59	5.41	4	9
1732784	1732843	60	16.27	14	24
1732889	1732895	7	41.57	48	53
1741365	1741763	399	132.05	147	310
1743099	1743102	4	88.75	117	122
1743739	1743749	11	21.64	23	37
1743795	1743876	82	90.20	95	125
1745038	1745069	32	104.56	105	130
1745113	1745275	163	67.97	46	197
1746518	1746533	16	133.88	145	163
1749416	1749953	538	28.73	20	98
1749988	1750015	28	7.04	7	9
1751162	1751378	217	19.45	23	34
1751411	1751442	32	0.00	0	0
1752559	1752561	3	12.00	18	18
1755677	1755792	116	10.26	11	14
1757167	1757296	130	5.39	4	9
1758745	1758799	55	5.80	6	8
1760662	1760982	321	32.27	37	72
1763594	1763860	267	3.21	1	8
1764266	1764279	14	55.36	59	62
1766300	1766459	160	300.41	30	1303
1766736	1766815	80	960.81	907	1436
1766866	1766887	22	4.59	2	17
1767659	1767752	94	0.28	0	1
1768152	1768344	193	0.15	0	2
1770133	1770466	334	1.34	1	4
1771709	1771715	7	15.57	18	19
1771767	1771808	42	2.31	2	5
1772436	1772605	170	0.82	0	13
1772807	1772849	43	2.00	2	3
1774820	1774843	24	34.71	38	43
1776488	1776817	330	7.39	0	142
1779272	1779307	36	4.14	4	8
1780967	1780980	14	5.07	6	6
1782733	1782739	7	11.57	13	16
1786178	1786521	344	1.46	0	8
1786630	1786701	72	12.76	13	38
1786869	1786970	102	18.83	19	49
1788324	1788339	16	8.25	9	9
1788389	1788408	20	1.45	2	2
1789270	1789283	14	7.50	8	9
1789422	1789607	186	2.30	0	9
1790859	1791029	171	2.42	3	11
1791975	1791986	12	9.25	11	11
1794005	1794165	161	2.65	3	8
1794385	1794392	8	10.00	11	12
1794657	1794805	149	14.38	17	109
1795247	1795275	29	110.34	117	128
1795323	1795456	134	4.72	4	11
1796603	1796618	16	0.19	0	3
1799558	1799618	61	12.30	10.5	20
1800324	1800362	39	3.51	2	10
1800406	1800424	19	4.74	5	5
1801769	1802326	558	23.61	27	55
1803779	1803861	83	20.42	11	98
1805050	1805063	14	30.57	33	34
1805109	1805138	30	3.17	4	4
1805718	1805806	89	11.84	13	18
1811008	1811181	174	9.68	8	24
1811795	1811810	16	28.69	30	38
1812477	1812688	212	3.86	0	17
1813703	1813818	116	28.58	29	35
1815439	1815440	2	3.50	7	7
1817275	1817276	2	12.00	24	24
1819055	1819057	3	10.00	15	15
1819826	1819864	39	33.59	35	39
1821292	1821440	149	8.28	7	38
1822732	1822751	20	15.60	16	18
1823310	1823363	54	15.22	15	23
1824486	1824543	58	20.28	16	67
1824677	1824694	18	1.89	2	2
1827155	1827180	26	4.81	5	5
1828363	1828411	49	0.10	0	1
1828628	1829200	573	1.09	1	5
1829239	1829273	35	7.03	8	8
1830114	1830320	207	2.20	2	8
1830699	1830804	106	48.08	58	77
1832273	1832407	135	54.31	32	196
1832675	1832722	48	1.81	2	2
1832756	1832905	150	3.57	5	9
1833449	1833563	115	15.54	17	24
1834027	1834103	77	24.36	21	53
1834798	1834976	179	60.24	47	105
1835018	1835074	57	0.67	0	6
1837358	1837613	256	5.99	6	10
1837707	1837755	49	0.78	0	2
1838671	1838679	9	13.44	15	16
1838881	1838996	116	22.52	18	41
1839681	1839906	226	2.11	2	12
1842673	1842720	48	35.23	38	40
1842763	1842808	46	3.78	4	4
1845263	1845544	282	5.89	2	28
1847912	1847923	12	12.83	13	21
1848574	1848653	80	2.14	1	24
1849095	1849114	20	16.00	16	18
1849161	1849178	18	28.78	31	34
1855689	1855702	14	143.07	149	176
1856483	1856574	92	10.24	11	25
1857421	1857446	26	11.27	12	15
1857490	1857522	33	13.27	14	14
1858225	1858451	227	2.95	0	26
1859112	1859520	409	41.25	37	120
1860529	1860689	161	102.24	86	273
1860774	1860889	116	299.27	307	342
1861475	1861537	63	30.81	31	40
1861573	1861831	259	4.89	6	11
1862519	1862554	36	11.58	12	12
1862864	1862870	7	6.00	7	7
1863687	1863767	81	2.47	0	39
1863801	1863876	76	10.62	9	20
1865329	1865332	4	378.75	505	505
1866548	1866681	134	201.43	201	243
1866814	1866931	118	47.09	28	100
1867040	1867148	109	0.85	1	1
1867201	1867218	18	32.06	31	43
1869847	1870185	339	15.17	5	145
1870467	1870524	58	25.50	28	35
1871803	1871808	6	32.83	39	41
1872801	1872806	6	3.33	4	4
1873506	1873591	86	25.35	26	59
1873808	1873821	14	20.93	21	29
1873867	1874058	192	4.06	4	7
1874102	1874113	12	154.42	178	204
1875011	1875027	17	300.59	308	380
1875322	1875459	138	4.48	4	134
1877797	1877854	58	42.91	51	60
1878527	1878683	157	1.69	2	4
1879923	1879969	47	49.04	48	56
1881696	1881715	20	16.15	17	17
1882493	1882571	79	12.18	13	18
1884520	1884532	13	5.77	8	8
1885652	1885669	18	17.22	19	20
1886546	1887311	766	43.85	39	121
1887435	1887600	166	15.36	16	22
1891118	1891335	218	49.93	49	75
1892428	1892429	2	8.00	16	16
1895478	1895499	22	12.41	10	25
1895543	1895691	149	1.57	1	17
1895822	1896091	270	8.34	4	26
1897325	1897401	77	17.96	17	22
1897876	1898008	133	15.30	15	28
1900829	1900850	22	11.18	10	17
1905743	1905789	47	4.28	4.5	5
1908856	1908885	30	93.07	90	120
1912280	1912282	3	21.33	32	32
1916007	1916149	143	3.47	3	9
1921855	1921884	30	10.70	11	12
1922743	1922809	67	1.70	2	3
1923878	1923894	17	5.00	4	7
1925047	1925173	127	3.83	4	10
1925209	1925230	22	4.77	5	5
1926065	1926195	131	2.71	2	13
1927090	1927129	40	9.15	10	12
1928411	1928420	10	56.20	63	65
1928940	1928992	53	17.38	19	22
1929956	1929988	33	144.30	150.5	223
1931744	1931749	6	22.50	23	36
1932884	1933230	347	12.33	12	30
1935652	1935669	18	0.00	0	0
1935717	1935800	84	0.00	0	0
1936005	1936120	116	2.28	2	4
1936729	1936826	98	3.83	3	5
1938730	1938738	9	19.56	22	23
1939777	1939913	137	1.73	2	2
1940271	1940321	51	2.00	2	5
1940697	1940753	57	1.96	2	2
1941330	1941350	21	7.62	8	8
1942030	1942369	340	1.20	0	4
1942407	1942841	435	93.04	92	219
1943301	1943305	5	4.80	6	6
1946142	1946150	9	0.00	0	0
1947120	1947460	341	1.94	2	7
1948020	1948111	92	14.91	15	46
1948571	1948799	229	7.09	3	36
1949112	1949164	53	1.77	1	3
1949609	1949717	109	4.52	4	7
1950702	1950705	4	0.00	0	0
1951377	1951670	294	2.16	2	6
1952566	1952630	65	0.00	0	0
1952859	1953327	469	37.48	8	153
1953371	1953460	90	17.12	24	29
1954127	1954252	126	3.75	3	13
1954731	1954788	58	1.34	2	2
1956876	1956888	13	0.00	0	0
1957102	1957200	99	5.38	6	14
1958962	1959131	170	5.25	6	14
1959231	1959244	14	0.00	0	0
1960763	1960774	12	1.83	2	2
1960832	1961097	266	0.80	0	20
1961536	1961549	14	112.79	121	153
1962951	1963027	77	62.66	73	83
1964891	1965109	219	3.28	1	24
1965407	1965417	11	74.00	84	84
1967026	1967399	374	75.49	4	1110
1969299	1969413	115	44.22	31	70
1970581	1970702	122	11.18	12	15
1971153	1971343	191	1.42	0	8
1973699	1973908	210	2.35	2	13
1974479	1974493	15	16.80	17	22
1974539	1974554	16	21.88	26	27
1975614	1975750	137	6.66	4	28
1976552	1976569	18	278.61	294	306
1977086	1977119	34	1095.88	1113	1302
1978470	1978486	17	43.76	43	53
1979555	1979574	20	34.15	36	37
1980013	1980017	5	32.20	41	41
1981156	1981189	34	0.00	0	0
1981242	1981266	25	15.48	15	25
1981682	1981696	15	392.73	421.5	451
1982831	1982850	20	556.45	573	692
1984474	1984845	372	27.40	5	169
1984889	1984895	7	2.57	3	3
1985898	1985955	58	92.81	98	100
1986568	1986666	99	14.87	18	18
1987186	1987224	39	6.90	7	10
1987262	1987275	14	45.86	49	63
1988653	1988800	148	51.87	5	547
1989293	1989335	43	159.44	164	423
1990062	1990170	109	11.64	12	16
1991383	1991446	64	2.81	2	5
1991900	1991933	34	19.85	15	43
1992606	1992668	63	8.05	4	40
1992714	1992726	13	53.54	57	61
1993831	1994234	404	3.58	0	92
1996344	1996383	40	40.38	43	50
1997709	1997711	3	21.33	32	32
1997922	1997947	26	17.15	18	26
2000066	2000265	200	8.39	6	39
2001070	2001085	16	40.75	41	64
2001806	2001810	5	0.00	0	0
2002591	2002698	108	4.23	4	6
2003479	2003659	181	23.17	24	30
2004428	2005134	707	149.48	3	1089
2006686	2006698	13	23.00	25	26
2006741	2006866	126	24.88	3	270
2009228	2009237	10	155.50	166	207
2009282	2009365	84	3.87	3	19
2010392	2010411	20	9.85	12	13
2012290	2012624	335	2.10	1	36
2013363	2013378	16	20.94	19	32
2013425	2013430	6	0.83	1	1
2014091	2014201	111	48.33	3	511
2014712	2014741	30	29.40	26	80
2014774	2014954	181	2.57	1	9
2016887	2017033	147	2.22	1	5
2018303	2018317	15	4.67	5	5
2019866	2019896	31	6.77	7	7
2019940	2019952	13	17.62	18	22
2020709	2020710	2	28.50	57	57
2021879	2021880	2	15.00	30	30
2023627	2023659	33	3.00	2	7
2026440	2026450	11	11.82	13	13
2027799	2027801	3	26.67	40	40
2029699	2029864	166	6.19	3	92
2030438	2030442	5	20.00	26	26
2033908	2034049	142	115.81	128	177
2034848	2035184	337	7.58	7.5	23
2037258	2037272	15	5.60	6	6
2037306	2037544	239	4.53	3	12
2038079	2038138	60	10.03	10	14
2038191	2038193	3	17.33	26	26
2039496	2039583	88	11.10	9	25
2039722	2039781	60	4.12	4	6
2039818	2039840	23	16.26	17	17
2040378	2040559	182	23.14	20	55
2041418	2041447	30	312.37	313	357
2042036	2042090	55	196.64	202.5	258
2042478	2042479	2	51.50	103	103
2043896	2043910	15	64.73	69	73
2044259	2044493	235	4.61	5	15
2046510	2046555	46	8.61	6	21
2046606	2046681	76	6.49	6	12
2047831	2048005	175	5.50	6	9
2048052	2048067	16	28.12	30	30
2048905	2049551	647	61.44	14	235
2051142	2051165	24	14.17	14	18
2051211	2051223	13	7.00	8	10
2051743	2051764	22	10.36	12	17
2051807	2051819	13	20.77	22	24
2054700	2054766	67	20.85	20.5	28
2054806	2054879	74	73.35	75	89
2055372	2055530	159	128.26	123.5	251
2056653	2056696	44	27.93	31	35
2057891	2057954	64	26.70	30	31
2058927	2059014	88	31.40	14	97
2059162	2059193	32	8.03	8	11
2059980	2060043	64	43.41	45	51
2060866	2060877	12	13.75	15	15
2061571	2061592	22	94.09	80	191
2061628	2061645	18	27.22	32	34
2062813	2062826	14	121.00	134	137
2063106	2063182	77	22.62	9	124
2063225	2063246	22	340.32	372	389
2063523	2063758	236	55.45	19	708
2063802	2063812	11	5234.82	5457	6922
2065481	2065591	111	4523.70	5255	6593
2066279	2066395	117	4.31	1	20
2066429	2066451	23	0.96	1	1
2066761	2066829	69	2.68	3	6
2066877	2066897	21	129.81	138	143
2068755	2068818	64	60.39	61	84
2068857	2068909	53	595.91	689	704
2069180	2069301	122	1848.84	1780	5504
2069347	2069365	19	25.53	27	29
2071724	2071789	66	13.95	4	70
2071841	2071848	8	882.12	1017	1104
2073127	2073208	82	547.63	528	775
2073809	2073940	132	371.05	374	548
2075240	2075348	109	406.77	388	586
2077532	2077536	5	0.80	1	1
2078875	2078925	51	1.84	2	2
2078974	2078992	19	0.00	0	0
2080352	2080357	6	0.83	1	1
2081054	2081086	33	0.97	1	1
2082083	2082172	90	2.03	2	3
2082274	2082316	43	0.00	0	0
2083841	2083956	116	3.65	3	6
2084005	2084013	9	4.00	4	7
2084182	2084345	164	2.83	4	5
2086745	2086825	81	0.99	1	1
2087582	2087586	5	0.80	1	1
2088517	2088526	10	1.80	2	2
2089196	2089287	92	2.48	2	5
2089735	2090030	296	10.62	5	76
2090649	2090697	49	11.41	12	16
2091358	2091672	315	7.78	7	25
2092966	2093270	305	9.22	9	20
2093311	2093319	9	3.56	4	4
2093394	2093522	129	0.98	0	3
2094575	2094740	166	4.38	5	7
2097146	2097182	37	12.38	14	16
2098110	2098270	161	0.20	0	1
2100256	2100282	27	0.00	0	0
2100330	2100347	18	12.28	13	13
2102793	2102817	25	241.48	251	276
2103922	2104107	186	2.71	2	18
2104148	2104178	31	8.74	9	10
2106717	2106928	212	1.09	1	5
2106966	2106982	17	0.00	0	0
2108198	2108247	50	0.10	0	1
2108347	2108530	184	2.26	1	7
2109476	2109566	91	5.56	6	6
2109615	2109641	27	42.96	46	48
2110611	2110637	27	137.93	146	150
2110944	2110976	33	48.88	53	55
2111100	2111115	16	15.00	17	17
2111776	2111780	5	88.80	111	111
2112609	2112615	7	66.14	76	82
2112919	2113167	249	6.38	4	22
2113657	2113673	17	4.59	5	5
2113721	2113725	5	2.40	3	3
2115077	2115272	196	24.98	8	105
2115861	2115866	6	48.83	58	61
2117745	2117922	178	13.49	13	23
2119975	2120029	55	17.35	20	33
2120573	2120586	14	18.79	19	27
2121824	2121854	31	4.26	4	6
2124257	2124346	90	84.54	68	174
2125235	2125237	3	877.33	1316	1319
2129033	2129249	217	9.21	7	42
2130462	2130499	38	13.92	12	24
2131199	2131257	59	21.20	16	48
2133799	2133809	11	30.45	33.5	36
2135655	2135869	215	15.14	6	80
2137013	2137028	16	6.06	5	9
2137067	2137100	34	19.21	19	25
2138799	2138925	127	101.50	60	215
2140654	2140715	62	25.66	27	36
2143755	2143930	176	22.65	10	146
2144762	2144778	17	19.24	20	23
2144810	2144837	28	8.18	10	10
2146836	2147067	232	5.25	0	28
2148916	2148941	26	17.77	20	20
2148983	2149034	52	5.96	2	32
2150046	2150099	54	56.04	59	63
2150136	2150145	10	13.90	16	17
2150431	2150536	106	26.65	28	61
2151359	2151521	163	23.40	26	36
2151963	2151970	8	22.75	26	26
2152115	2152264	150	285.84	117	2454
2153258	2153280	23	1359.09	1399.5	1588
2153325	2153407	83	93.48	94	139
2154296	2154732	437	28.02	30	98
2155735	2155756	22	7.50	8	8
2155794	2155873	80	4.00	5	7
2156708	2156730	23	4.78	5	5
2157706	2157724	19	4.74	5	5
2157774	2157847	74	65.26	73	115
2158202	2158215	14	38.71	42	42
2158260	2158277	18	3.11	2	5
2159220	2159326	107	60.69	60	94
2160542	2160988	447	11.01	5	53
2162432	2162441	10	23.60	26	27
2163643	2163651	9	547.56	625.5	629
2163775	2163876	102	6.73	8	9
2164465	2164522	58	9.90	9	12
2164563	2164850	288	8.67	2	29
2166432	2166591	160	12.29	13	23
2166635	2166646	12	725.50	783	870
2168147	2168468	322	160.84	2	2363
2168512	2168520	9	0.89	1	1
2172746	2172774	29	28.97	28.5	37
2174017	2174107	91	307.95	237.5	735
2174438	2174579	142	374.02	215	1124
2175324	2175341	18	1111.06	1187	1219
2176278	2176334	57	74.67	62.5	102
2177283	2177290	8	182.75	212	216
2178314	2178325	12	1321.58	1428	1483
2178494	2178530	37	3986.78	4107	4523
2179053	2179202	150	134.81	175	213
2179782	2179830	49	13.00	14	14
2179876	2179884	9	3.56	4	4
2180983	2181443	461	182.83	162	494
2184600	2184618	19	51.79	53	65
2184652	2184949	298	0.69	0	7
2186513	2186632	120	1.84	2	3
2187506	2187542	37	3.03	3	4
2187574	2187617	44	2365.98	2453	2753
2190300	2190522	223	32.20	4	243
2190628	2190928	301	2.36	1	6
2191565	2191589	25	6.72	5	12
2191631	2191656	26	62.00	63	92
2192767	2193193	427	75.67	28	709
2194637	2194663	27	69.89	85	97
2195876	2195950	75	1.35	0	3
2195996	2196040	45	25.24	29	38
2197040	2197126	87	34.30	28	111
2197340	2197376	37	218.65	221	253
2199177	2199242	66	16.94	19	23
2199365	2199483	119	3.41	5	6
2199617	2199636	20	0.05	0	1
2200555	2200577	23	5.04	5	8
2202519	2202533	15	1.93	2	3
2202581	2202605	25	597.00	601.5	697
2202936	2203189	254	767.39	1	5640
2203772	2203787	16	405.25	423	525
2203833	2203855	23	5.04	4	21
2204390	2204760	371	4.82	3	17
2205439	2205453	15	26.93	30	30
2206251	2206270	20	36.90	39	46
2208513	2208515	3	35.33	53	53
2211151	2211152	2	66.00	132	132
2211903	2211995	93	15.47	11.5	41
2213282	2213521	240	3.61	2	7
2213555	2213657	103	21.45	12	81
2214659	2214669	11	154.36	173	175
2216453	2216464	12	84.50	89	102
2217596	2217624	29	69.34	72	87
2219980	2219991	12	495.67	537	566
2220709	2220766	58	232.28	236	268
2221157	2221180	24	256.17	267	287
2224294	2224330	37	36.46	33	82
2226422	2226689	268	32.53	33	63
2226729	2226755	27	19.07	18	31
2227336	2227372	37	31.05	32	40
2230783	2230918	136	2.86	3	6
2232765	2232808	44	2.75	4	6
2233250	2233327	78	10.92	11	18
2233370	2233513	144	20.05	15	50
2236242	2236867	626	35.68	7	185
2236973	2237015	43	8.35	8	10
2240379	2240501	123	4.65	0	24
2240533	2240562	30	9.10	8	18
2241454	2241530	77	17.90	16	26
2243092	2243132	41	0.24	0	1
2243180	2243200	21	162.52	168	214
2244071	2244072	2	147.00	294	294
2245237	2245406	170	436.60	519	653
2246619	2246649	31	267.61	273	339
2249458	2249548	91	210.77	208	244
2250257	2250273	17	304.71	323.5	331
2252038	2252040	3	123.00	184.5	186
2252769	2253160	392	229.55	56	878
2254454	2254461	8	95.75	108	117
2255276	2255330	55	11.07	11	13
2256152	2256153	2	27.50	55	55
2257798	2257821	24	63.08	40	193
2257877	2257908	32	89.66	91	136
2258440	2258534	95	16.80	7	99
2259306	2259403	98	41.39	42	96
2259623	2259673	51	279.94	283	323
2260199	2260208	10	28.20	32	32
2260255	2260274	20	72.60	78	84
2260962	2260969	8	32.50	38	40
2261508	2261525	18	0.17	0	3
2262402	2262407	6	12.33	15	15
2262907	2263274	368	360.58	170	1100
2263725	2263754	30	311.03	297	505
2263798	2263808	11	21.55	23	26
2265967	2266008	42	30.71	16	151
2266048	2266154	107	1470.45	1885	2143
2267363	2267482	120	29.07	16	383
2269505	2269519	15	4.67	5	5
2269564	2269585	22	32.68	34	38
2270111	2270320	210	15.38	13	31
2270582	2270622	41	30.10	31	50
2271151	2271343	193	1.76	1	4
2271458	2271516	59	36.32	36	45
2272138	2272221	84	116.71	107	292
2273305	2273404	100	138.45	8	529
2274479	2274535	57	268.25	279	300
2275094	2275103	10	22.50	25	25
2276232	2276243	12	47.08	52	52
2277024	2277034	11	24.55	27	27
2277302	2277316	15	21.73	23	25
2278581	2278586	6	65.50	79	79
2279001	2279067	67	296.48	301.5	320
2280115	2280124	10	71.00	75	94
2280626	2280662	37	105.92	108	114
2282685	2282850	166	23.26	6	75
2284626	2284631	6	48.17	58	59
2285442	2285482	41	32.73	32.5	45
2288304	2288321	18	176.11	180	205
2288649	2288708	60	67.33	54	140
2291198	2291213	16	30.19	26	75
2291258	2291311	54	16.85	11	52
2292776	2292892	117	187.89	207	253
2292941	2293009	69	52.26	48.5	81
2293418	2293430	13	177.46	195	200
2295736	2295759	24	218.62	226	240
2296219	2296294	76	102.59	91	260
2297423	2297609	187	101.09	4	373
2297653	2297660	8	446.50	491	583
2298792	2299083	292	714.47	6	3923
2300218	2300279	62	9.06	9	19
2300314	2300343	30	61.47	50	106
2301250	2301317	68	115.35	68	405
2301780	2301925	146	53.92	55	106
2302634	2302838	205	13.95	12	293
2306399	2306403	5	83.00	100.5	115
2306443	2306458	16	125.12	126	164
2307335	2307500	166	17.82	15	152
2307603	2307614	12	4.67	5	9
2308155	2308171	17	94.29	100.5	128
2308637	2308672	36	32.25	35	48
2308717	2308740	24	7.25	7	11
2310610	2310748	139	9.44	6	44
2310791	2310802	12	6.92	7	10
2312094	2312279	186	81.96	79	177
2313732	2313756	25	78.88	83	84
2314662	2314666	5	30.60	38.5	39
2315102	2315165	64	21.28	22	24
2315255	2315310	56	27.77	27	38
2316457	2316512	56	14.80	4	72
2317931	2317961	31	6.77	6	11
2317998	2318003	6	56.67	68	68
2318484	2318503	20	77.80	93	104
2318612	2318620	9	79.11	89	89
2320280	2320760	481	59.38	35	247
2320792	2320823	32	17.25	18	22
2321673	2321694	22	150.14	156	166
2322505	2322522	18	63.94	66	75
2322904	2322905	2	77.00	154	154
2323764	2323769	6	67.00	77	86
2324856	2324887	32	61.03	61	76
2326145	2326287	143	5.16	0	31
2327790	2327822	33	166.45	173.5	205
2328765	2328810	46	28.43	29	49
2328861	2328935	75	12.61	10	46
2330626	2330637	12	29.58	32	34
2330683	2330905	223	6.91	4	38
2330980	2331010	31	65.16	68	72
2331094	2331120	27	103.07	110.5	117
2331203	2331232	30	84.07	88	91
2331305	2331384	80	87.17	88	125
2331459	2331484	26	119.08	123	131
2331568	2331587	20	59.65	63	69
2331660	2331703	44	50.95	53	60
2331786	2331814	29	171.28	178.5	190
2331887	2331930	44	52.82	55	61
2332013	2332040	28	196.11	202	216
2332115	2332139	25	245.08	261	263
2332223	2332242	20	48.20	51	56
2332315	2332360	46	66.39	68	75
2332443	2332483	41	204.39	232	250
2332556	2332599	44	53.48	51	76
2332682	2332688	7	94.57	110	112
2332722	2332844	123	5.56	5	17
2334099	2334415	317	87.96	4	468
2334461	2334655	195	1766.95	1819.5	2803
2335793	2335943	151	512.91	432.5	1009
2336121	2336202	82	22.99	17	46
2337394	2337408	15	13.07	14.5	18
2339281	2339462	182	25.32	3	193
2340399	2340411	13	62.92	68	73
2341495	2341587	93	42.86	43	70
2342371	2342387	17	79.35	85	95
2343174	2343195	22	235.41	234	288
2343943	2344127	185	9.79	2	128
2345430	2345460	31	281.52	291.5	311
2346166	2346185	20	234.80	253	310
2346600	2346606	7	376.57	433.5	500
2347000	2347221	222	33.62	11	264
2348047	2348059	13	123.77	133	139
2348984	2349042	59	210.27	196	314
2349808	2349940	133	129.07	127.5	379
2350262	2350361	100	155.69	155	199
2350791	2350838	48	20.54	24	34
2350883	2350902	20	93.65	100	106
2351338	2351347	10	100.90	110	121
2352014	2352143	130	173.65	134	611
2353275	2353406	132	6.61	5	14
2360657	2360904	248	3.62	3	22
2361718	2361953	236	22.02	7	59
2362006	2362023	18	1.89	2	2
2364085	2364506	422	6.93	6	18
2365203	2365292	90	285.22	242	841
2366256	2366493	238	1020.79	8	3277
2366544	2366553	10	90.00	100	100
2368081	2368151	71	0.00	0	0
2371346	2371418	73	48.77	39.5	90
2371464	2371484	21	4.33	6	6
2374134	2374168	35	7.49	7	9
2374280	2374363	84	0.00	0	0
2374478	2374552	75	0.00	0	0
2375447	2375578	132	6.63	6	10
2375698	2375929	232	5.17	4	89
2376068	2376104	37	178.27	178.5	291
2376149	2376251	103	3.37	1	27
2376828	2376859	32	62.72	67	85
2377880	2377979	100	4.74	5	7
2379516	2379703	188	6.85	5	13
2380373	2380541	169	6.11	4	33
2381580	2381584	5	42.40	53	53
2382221	2382223	3	8.67	13	13
2382347	2382363	17	125.47	134	139
2383207	2383271	65	210.78	206.5	260
2383845	2384164	320	47.46	8	346
2386607	2386635	29	12.97	15	19
2386679	2386755	77	19.47	20	23
2388013	2388023	11	58.36	63.5	70
2388765	2388823	59	17.22	15	32
2389292	2389364	73	21.29	22	28
2390100	2390139	40	53.83	52	65
2390896	2390969	74	17.53	15	41
2392566	2392584	19	18.42	19	20
2393428	2393435	8	5.75	7	7
2393483	2393497	15	37.27	39	44
2393840	2393995	156	12.63	9	40
2394518	2394896	379	23.67	24	57
2395218	2395255	38	44.76	48	59
2396648	2396717	70	48.09	51	64
2397675	2397731	57	173.95	179	194
2401224	2401249	26	38.50	40	41
2401868	2401894	27	33.85	34	39
2403032	2403123	92	30.46	33	45
2403178	2403194	17	22.76	24	26
2403981	2403984	4	76.25	101	103
2404444	2404476	33	63.79	69.5	74
2404511	2404521	11	82.64	91	93
2405575	2405586	12	1047.58	1130	1252
2406094	2406110	17	268.35	284	315
2408520	2408570	51	127.80	126	154
2411132	2411182	51	33.02	35	50
2412023	2412042	20	48.45	53	58
2412811	2412828	18	15.44	16	18
2412877	2412886	10	150.70	162	223
2413442	2413497	56	698.23	707	755
2414227	2414355	129	5.07	1	28
2414405	2414416	12	1520.25	1623	1878
2415257	2415390	134	1438.78	1368	3798
2416117	2416136	20	6766.80	7005	7999
2416227	2416459	233	136.27	16	1956
2417300	2417306	7	28.29	33	35
2417355	2417391	37	1.70	2	5
2420035	2420111	77	17.62	19	28
2420208	2420282	75	61.76	66	80
2420694	2420736	43	12.44	9.5	27
2422245	2422257	13	10.00	10	13
2422293	2422307	15	93.40	103.5	115
2422776	2422777	2	358.00	716	716
2423297	2423512	216	28.51	18	73
2424620	2424662	43	203.12	212.5	220
2425314	2425320	7	61.14	72	72
2426422	2426449	28	38.75	41	43
2426918	2426943	26	2.27	0	6
2426976	2426998	23	20.52	21	28
2428250	2428260	11	96.91	105	113
2429449	2429450	2	2.50	5	5
2429494	2429514	21	12.62	13	15
2429902	2430037	136	43.26	49	54
2431283	2431326	44	10.23	9	28
2431370	2431381	12	59.17	67	75
2431844	2431883	40	341.65	384	391
2433174	2433378	205	6.22	6	19
2433418	2433922	505	113.50	18.5	446
2435569	2435760	192	9.65	3	26
2438152	2438164	13	9.23	10	10
2438209	2438222	14	2.79	3	3
2439576	2439636	61	30.33	29	38
2441250	2441275	26	2.50	2	7
2441310	2441315	6	7.50	9	9
2442084	2442331	248	18.79	18	30
2443412	2443470	59	0.00	0	0
2443504	2443522	19	8.63	9	10
2443754	2443772	19	37.47	40	43
2444903	2444922	20	202.30	225	250
2446147	2446182	36	444.39	452	568
2446777	2446786	10	1419.00	1592	1658
2447417	2447418	2	424.00	848	848
2450818	2451256	439	285.05	107	1047
2451575	2451621	47	19.09	18.5	38
2454028	2454098	71	39.99	37	75
2455485	2455515	31	18.16	16	29
2455561	2455574	14	15.50	18	18
2456834	2456926	93	63.19	33	207
2457506	2457576	71	9.61	10	15
2457685	2457745	61	4.31	4	8
2458723	2458774	52	0.62	0	6
2461463	2461476	14	2.79	3	3
2461522	2461534	13	1.54	0	4
2461967	2461973	7	18.71	22	23
2462793	2462805	13	11.31	12	14
2462844	2462886	43	19.33	19.5	23
2464466	2464516	51	12.63	13	13
2464610	2464703	94	4.32	2	8
2466210	2466300	91	8.40	7	11
2466484	2466515	32	9.84	10	11
2472257	2472415	159	22.83	23	29
2472515	2472523	9	14.00	16	16
2475968	2476208	241	7.74	5	49
2477175	2477287	113	14.73	11	67
2478265	2478317	53	70.36	34	235
2478723	2478919	197	35.29	37	48
2480062	2480078	17	35.18	37	41
2480125	2480145	21	0.00	0	0
2481478	2481492	15	6.93	7	8
2482582	2482788	207	196.54	194.5	272
2484238	2484376	139	53.06	61	69
2484421	2484429	9	3.56	4	4
2486323	2486483	161	20.58	18	177
2487499	2487502	4	17.25	23	23
2490634	2490958	325	3.83	4	16
2492099	2492236	138	13.04	14	17
2493389	2493590	202	2.65	3	6
2495280	2495332	53	9.85	10	12
2495384	2495395	12	469.25	504	626
2497481	2497753	273	77.51	51	620
2499131	2499260	130	78.86	79	123
2501598	2501738	141	55.45	62	85
2501786	2501804	19	51.16	52	61
2502789	2502824	36	13.94	0	117
2503509	2503525	17	10.82	11.5	14
2503571	2503590	20	48.10	50	85
2504314	2504349	36	290.86	293	377
2504393	2504398	6	132.83	161	164
2505617	2505636	20	173.50	178	211
2507062	2507070	9	49.22	53	66
2507848	2507951	104	227.73	241	271
2508138	2508372	235	31.73	34.5	53
2508414	2508451	38	111.84	119	133
2509706	2509894	189	22.60	14	243
2510832	2510860	29	119.66	128	154
2511632	2511734	103	69.17	68	159
2511783	2511797	15	37.80	40	43
2513226	2513866	641	32.64	6	199
2514150	2514243	94	26.63	26	40
2514883	2514884	2	16.50	33	33
2515563	2515933	371	23.51	17	62
2516792	2517139	348	213.84	5	2453
2517515	2517529	15	161.67	174	193
2517574	2517596	23	21.83	18	46
2519828	2519850	23	123.26	129	142
2522326	2522334	9	6.44	7	8
2522457	2522857	401	26.05	3	379
2523823	2523851	29	68.24	68.5	101
2524233	2524549	317	338.74	303	1003
2525264	2525278	15	49.20	53	54
2527680	2527788	109	7.58	8	15
2529526	2529595	70	5.86	6	16
2530544	2530567	24	307.71	332	353
2530685	2531064	380	44.73	11	131
2535655	2535657	3	12.67	19	19
2537125	2537160	36	10.89	13	14
2537269	2537654	386	171.93	129	514
2542116	2542133	18	22.72	24	30
2543547	2543571	25	14.40	17	17
2543621	2543735	115	47.70	43.5	142
2544168	2544257	90	29.50	22	138
2544951	2544965	15	65.27	73	76
2545917	2545919	3	22.33	33.5	34
2547451	2547604	154	4.38	6	7
2549178	2549442	265	83.75	73	175
2549511	2549524	14	152.29	164	164
2549599	2549604	6	14.67	18	18
2550611	2550613	3	19.67	29.5	30
2552234	2552248	15	2.80	3	3
2552864	2553476	613	1.53	1	4
2553957	2554048	92	14.90	15	23
2557277	2557295	19	22.32	23	26
2558433	2558869	437	10.61	6	51
2558908	2558917	10	26.30	25	43
2559725	2559841	117	117.99	43	403
2563099	2563454	356	61.49	8	447
2563926	2563971	46	10.09	13	13
2564017	2564031	15	339.13	370.5	371
2564947	2565046	100	666.89	758	1352
2566241	2566273	33	508.79	501.5	680
2568309	2568492	184	104.83	108	170
2572209	2572227	19	3.05	3	4
2579572	2579583	12	37.33	41	41
2580532	2580665	134	21.15	22	51
2580708	2580715	8	4509.25	5121	5909
2582717	2582986	270	1204.79	903	3122
2584892	2584894	3	1760.67	2641	2666
2587553	2587604	52	1307.69	1324	1551
2588373	2588858	486	6.03	3	99
2592560	2592605	46	35.70	36	46
2593356	2593374	19	55.00	59.5	68
2594281	2594342	62	11.21	7	28
2594937	2595216	280	45.56	53	140
2595760	2596057	298	30.87	31	74
2596946	2596969	24	10.67	11	12
2597018	2597150	133	7.03	6	12
2597652	2597653	2	12.50	25	25
2599340	2599384	45	3.24	3	5
2600609	2600668	60	0.90	1	1
2602147	2602180	34	33.44	36	39
2602919	2603062	144	76.12	72	114
2603258	2603269	12	222.17	246	259
2605592	2605597	6	60.50	74	75
2607476	2607806	331	68.50	64	162
2608392	2608395	4	85.50	115	115
2609212	2609238	27	108.63	115	136
2609683	2609691	9	191.78	216	218
2610316	2610549	234	9.74	8	68
2611864	2611884	21	104.43	109.5	116
2611928	2611971	44	27.30	25	49
2613399	2613464	66	33.65	27	85
2616309	2616356	48	15.48	2	79
2616416	2616434	19	83.58	89	92
2617734	2618111	378	42.34	36	263
2618157	2618175	19	56.26	59	66
2619691	2619892	202	35.34	31	134
2620577	2620682	106	135.95	139	159
2621982	2622024	43	50.05	51	54
2622069	2622150	82	19.34	10	44
2622757	2622767	11	18.64	20.5	21
2622813	2622850	38	41.29	40	62
2623619	2623620	2	8.50	17	17
2625208	2625302	95	18.75	18.5	21
2626512	2626528	17	18.76	10	72
2626574	2626615	42	608.19	638	772
2627915	2627944	30	1169.33	899	2224
2627989	2627995	7	288.00	337	344
2629631	2629718	88	492.10	520	756
2629857	2629907	51	33.76	33	46
2630742	2630762	21	40.81	43	44
2630820	2630822	3	26.33	39.5	40
2633037	2633102	66	102.36	99	142
2634423	2634596	174	35.48	45	62
2639061	2639072	12	6.42	7	7
2640408	2640612	205	29.63	16	90
2640991	2640996	6	214.50	258	261
2642448	2642476	29	13.03	13	17
2642513	2642519	7	54.29	63	66
2644165	2644198	34	83.68	91	98
2645093	2645104	12	38.08	34	64
2645150	2645186	37	42.92	48	51
2646978	2647009	32	72.47	72	83
2647041	2647092	52	24.65	24	34
2649158	2649173	16	444.50	486	512
2649744	2650076	333	150.00	48	738
2651856	2651882	27	74.89	74.5	104
2652535	2652689	155	11.33	4	157
2653659	2654267	609	16.58	7	74
2654499	2654551	53	61.17	56	119
2654586	2654601	16	4.69	5	5
2655829	2655842	14	36.86	41	46
2657049	2657071	23	474.09	508.5	519
2657543	2657550	8	72.88	83	85
2657644	2657887	244	286.47	2	1681
2658194	2658208	15	806.80	857.5	1175
2658390	2658395	6	266.33	321	346
2658978	2659089	112	25.22	24	47
2659744	2659782	39	34.26	33	69
2659818	2659999	182	159.29	235	319
2661227	2661264	38	45.63	55	61
2661308	2661460	153	23.44	32	40
2661953	2661956	4	149.25	198	202
2663676	2664089	414	25.95	3	159
2664132	2664162	31	10.29	9	18
2665966	2666075	110	16.83	2	107
2666124	2666144	21	16.86	17	19
2667108	2667127	20	63.75	70	75
2667227	2667409	183	0.78	0	2
2669029	2669157	129	11.43	10	16
2669791	2670072	282	134.18	3	471
2670117	2670175	59	18.07	18.5	34
2671724	2671837	114	63.18	61	132
2672927	2672986	60	20.85	20	27
2674388	2674405	18	37.00	39	42
2675006	2675015	10	1.80	2	2
2675047	2675108	62	2.18	2	3
2675898	2675909	12	0.92	1	1
2676078	2676116	39	140.85	146	151
2676190	2676193	4	35.00	47	47
2676356	2676485	130	2819.35	3395	4584
2679370	2679373	4	2442.00	3352	3367
2679408	2679554	147	1225.62	1268	2377
2679588	2679659	72	422.81	126	1240
2679733	2679743	11	789.82	877.5	897
2679818	2679882	65	285.46	214.5	643
2681423	2681452	30	3583.13	3666	4087
2681570	2681584	15	422.73	456	480
2681675	2681919	245	47.24	51.5	171
2683171	2683291	121	6.17	5	19
2683420	2683603	184	8.66	3	125
2684084	2684096	13	6.08	7	7
2684146	2684191	46	5.33	5	9
2685260	2685265	6	31.83	38	39
2686364	2686559	196	131.72	70	345
2688106	2688154	49	21.27	23	25
2688602	2688697	96	60.94	55	110
2691557	2691577	21	83.29	86.5	97
2691623	2691636	14	4.79	4	7
2692612	2692653	42	13.88	14	19
2693389	2693446	58	23.41	22	40
2693483	2693487	5	24.60	30	33
2696395	2696818	424	46.80	10	176
2698193	2698344	152	0.45	0	2
2699347	2699446	100	1.30	1	4
2700526	2700539	14	86.50	93	95
2701005	2701111	107	83.24	74	215
2701499	2701516	18	187.50	195	271
2701561	2701581	21	20.14	20	30
2702366	2702388	23	76.70	75.5	98
2703646	2703655	10	123.10	137	137
2704868	2704870	3	71.33	107	108
2705360	2705364	5	32.80	41	41
2706139	2706145	7	22.29	26	26
2706947	2707076	130	16.13	7	69
2707266	2707505	240	34.14	21	80
2708502	2708553	52	33.60	35	39
2709532	2709533	2	40.00	80	80
2711124	2711128	5	90.80	113.5	116
2711852	2711909	58	296.31	297	335
2713371	2713397	27	442.89	443	515
2713683	2713687	5	114.80	143.5	144
2714132	2714146	15	134.20	143	147
2715005	2715015	11	10.55	11.5	15
2715292	2715454	163	4.99	4	12
2716814	2716832	19	15.84	15	23
2716877	2716887	11	44.45	50.5	51
2718229	2718329	101	8.31	2	137
2718909	2718943	35	176.11	180	217
2718989	2719013	25	19.80	19.5	35
2721332	2721343	12	4.58	5	5
2722596	2722597	2	7.00	14	14
2723231	2723239	9	67.44	75	83
2724845	2724900	56	190.38	200	234
2725909	2726080	172	200.02	75	918
2726609	2726619	11	470.55	437.5	754
2726662	2726670	9	40.89	42.5	60
2727016	2727028	13	111.38	123	136
2732536	2732683	148	51.43	50	74
2733320	2733329	10	15.90	17	19
2733370	2733403	34	23.15	23	33
2733953	2734172	220	17.56	3	67
2734476	2734526	51	17.92	19	21
2735253	2735336	84	13.83	12	29
2737307	2737361	55	42.20	40	62
2737881	2738193	313	25.04	15	58
2739090	2739107	18	3.28	3	7
2739151	2739164	14	1.43	2	2
2739810	2739822	13	24.54	26	29
2741251	2741270	20	8.65	8	13
2742216	2742281	66	6.74	5	12
2743179	2743381	203	1.68	3	3
2745425	2745502	78	32.35	21	68
2745535	2745546	12	2.25	2	4
2746114	2746118	5	8.80	11	11
2747499	2747726	228	10.95	4	100
2748174	2748178	5	35.40	45	48
2749508	2749720	213	10.92	5	294
2750348	2750364	17	191.53	204	212
2750411	2750485	75	16.72	16	29
2750966	2751057	92	71.30	84	148
2751101	2751111	11	1245.73	1368	1382
2751496	2751524	29	4980.10	5248.5	5533
2752515	2752541	27	7185.63	7978	7998
2753160	2753189	30	4122.17	4094	5480
2753577	2753598	22	2875.45	2901	3824
2754031	2754104	74	4677.89	4740	5545
2754216	2754256	41	6091.61	5865.5	7872
2755589	2755611	23	7493.00	7975.5	7999
2756044	2756051	8	4982.00	5736	6191
2756226	2756234	9	2641.78	2983	3054
2756736	2756752	17	2947.88	3193.5	3392
2757104	2757115	12	4655.67	4964	5436
2757647	2757663	17	5806.41	5470.5	7910
2758054	2758085	32	5643.22	5850	6119
2758389	2758408	20	1056.30	1115	1176
2758946	2758972	27	3044.19	3140.5	3749
2759288	2759302	15	6957.00	7575.5	7934
2759672	2759775	104	2003.79	1747	5319
2759813	2759836	24	2908.67	3032	3849
2760089	2760090	2	3997.50	7995	7995
2760280	2760281	2	3978.00	7956	7956
2760690	2760703	14	7205.79	7791	7949
2761403	2761424	22	3865.95	4047	4373
2761755	2761767	13	6656.54	7293.5	7508
2762044	2762066	23	5560.78	5530	6935
2762889	2762907	19	5797.21	5879	7625
2763807	2763825	19	3616.53	3844.5	4168
2764453	2764469	17	3544.29	3668	4123
2764779	2765192	414	2001.18	1503	5265
2765239	2765251	13	46.08	53	53
2765993	2766002	10	239.30	265	270
2768466	2768611	146	30.45	12	156
2770478	2770506	29	19.55	19	22
2771140	2771295	156	22.04	6	70
2771340	2771349	10	176.40	192	226
2772646	2772775	130	58.79	22	524
2773754	2773823	70	14.33	6	33
2773874	2773918	45	128.67	131	166
2774522	2774615	94	188.53	141	409
2774814	2774825	12	168.00	175	203
2777197	2777244	48	18.27	1	85
2779237	2779239	3	102.67	154	156
2780709	2780719	11	34.64	38	39
2780819	2780838	20	15.60	16	18
2781046	2781144	99	45.13	22	100
2782012	2782256	245	298.54	22	1484
2782887	2782907	21	187.05	198.5	227
2782955	2782967	13	2.77	3	3
2783757	2783901	145	1.61	3	3
2785357	2785368	12	9.42	9	12
2786425	2786527	103	47.55	48	61
2787737	2788136	400	55.39	3	352
2788716	2788971	256	5.28	7	16
2790382	2790400	19	5.68	6	6
2790444	2790457	14	1.86	2	2
2793065	2793336	272	8.28	10	14
2794108	2794200	93	0.00	0	0
2794244	2794266	23	61.39	67	71
2795362	2795410	49	16.92	16	21
2796089	2796110	22	40.73	40	61
2796819	2796911	93	9.53	10	13
2797743	2797814	72	69.00	70	76
2799288	2799344	57	141.72	149	155
2800443	2800457	15	143.80	155	171
2800980	2801168	189	143.35	104	411
2802903	2802909	7	1.71	2	2
2805589	2805703	115	28.97	18.5	51
2808209	2808226	18	13.17	14	17
2808274	2808284	11	18.55	20	22
2809176	2809305	130	7.75	8	76
2810047	2810120	74	4.92	4	8
2811677	2811800	124	15.42	7	39
2812062	2812088	27	35.85	39.5	42
2812133	2812314	182	7.89	7	16
2813689	2813923	235	10.18	6	26
2815136	2815213	78	6.73	7	8
2816000	2816011	12	16.50	18	18
2817050	2817168	119	61.04	66	77
2818303	2818308	6	3.67	5	5
2818346	2818478	133	17.63	18	29
2821140	2821157	18	15.56	17	18
2821205	2821500	296	79.80	46	314
2822115	2822155	41	48.59	51.5	58
2824082	2824202	121	46.06	64.5	77
2824736	2824904	169	262.97	293	378
2825337	2825468	132	19.00	19	48
2826516	2826751	236	1148.31	24	2953
2828558	2828559	2	874.00	1748	1748
2829316	2829320	5	233.80	289.5	304
2830075	2830078	4	70.00	93	94
2830127	2830136	10	24.60	28	28
2830182	2830190	9	44.78	52	53
2830755	2830789	35	79.74	64.5	136
2832422	2832446	25	32.32	34	38
2832549	2832564	16	6.62	4	20
2832610	2832619	10	669.40	747	769
2834252	2834307	56	511.73	527	593
2834596	2834957	362	75.58	3	540
2835573	2835713	141	5.46	5	15
2836071	2836093	23	28.78	30	32
2836134	2836137	4	14.25	19	19
2836181	2836199	19	23.11	25	25
2836638	2836659	22	40.36	42	44
2837008	2837229	222	7.08	7	17
2838025	2838052	28	118.14	127	148
2838086	2838144	59	6.86	9	9
2839525	2839547	23	4.57	5	5
2839596	2839612	17	16.00	17	17
2840126	2840202	77	113.79	78	344
2841118	2841165	48	2.02	1	5
2841212	2841223	12	21.92	25	28
2842553	2842620	68	103.57	105	117
2843176	2843267	92	7.60	3	25
2843313	2843314	2	0.00	0	0
2843864	2843977	114	13.98	13	46
2844027	2844037	11	42.09	45	55
2845043	2845350	308	140.90	27	430
2847553	2847809	257	540.21	11	2541
2848026	2848041	16	396.44	423	454
2848085	2848125	41	14.54	15	31
2848267	2848335	69	23.62	17	79
2849611	2849634	24	44.08	41	70
2849684	2849723	40	13.80	15	16
2850039	2850308	270	11.65	8	67
2851473	2851487	15	15.20	16	18
2853897	2854158	262	6.51	6	17
2855071	2855086	16	47.81	55	55
2855132	2855135	4	352.50	468	486
2855376	2855426	51	165.96	185.5	325
2855529	2855698	170	0.24	0	5
2856704	2856720	17	9.88	10.5	14
2856764	2856782	19	395.37	421.5	478
2857776	2858007	232	175.06	37	646
2858914	2859047	134	8.62	9	21
2859089	2859113	25	4.48	4	7
2859615	2859804	190	8.55	9	18
2860489	2860490	2	11.50	23	23
2861883	2861966	84	17.12	13	30
2862633	2862640	8	13.25	15	16
2862675	2862687	13	17.69	19	20
2863162	2863197	36	32.53	32	44
2863681	2863774	94	15.85	17	27
2864711	2864957	247	354.41	5	1346
2866407	2866417	11	147.64	163.5	176
2866453	2866488	36	36.17	40	44
2867842	2868276	435	3.27	3	25
2871834	2871869	36	2.92	3	3
2871915	2871995	81	7.84	7.5	18
2873796	2873970	175	9.71	5	62
2874625	2874698	74	18.01	18	19
2876442	2876822	381	8.75	5	30
2877087	2877198	112	1.04	0	5
2878801	2878823	23	4.91	3	14
2878869	2878900	32	99.53	105	110
2879570	2879758	189	11.28	3	46
2880562	2880671	110	118.40	112	153
2880942	2880975	34	400.88	412	516
2883091	2883211	121	8.18	6	16
2885288	2885598	311	15.62	17	27
2887039	2887051	13	1.62	1	4
2888380	2888450	71	18.97	19	24
2889171	2889310	140	87.82	103	142
2889794	2890040	247	20.83	2	56
2892360	2892396	37	10.54	11	12
2892441	2892453	13	41.00	41	65
2892949	2893085	137	8.23	5	51
2894641	2894730	90	43.03	42	70
2895316	2895346	31	118.71	130.5	148
2895382	2895390	9	1.67	2	2
2896853	2896906	54	20.09	17	36
2897663	2897666	4	38.75	52	52
2898165	2898173	9	53.89	59	68
2901931	2901966	36	105.31	106	118
2902405	2902447	43	170.16	184	190
2903666	2903667	2	41.50	83	83
2907197	2907244	48	93.17	94	110
2908160	2908385	226	12.50	6	36
2908767	2908787	21	288.33	313.5	356
2909676	2909701	26	49.65	51	56
2909745	2909816	72	3.97	4	6
2909964	2910014	51	358.31	395.5	436
2911641	2911664	24	89.17	88	107
2911710	2911829	120	45.04	67	75
2913714	2913757	44	9.98	9	19
2914688	2914756	69	60.86	61	70
2915189	2915208	20	320.85	347	493
2916100	2916128	29	12.00	11	16
2916681	2916690	10	3.50	3	6
2916730	2916765	36	39.00	46	63
2918593	2918614	22	260.50	253	370
2918936	2919082	147	223.26	238	276
2920490	2920534	45	73.36	75	102
2920569	2920669	101	5.30	4	11
2921258	2921392	135	18.21	17	27
2922455	2922460	6	8.00	10	10
2923865	2923907	43	22.47	23	27
2926455	2926548	94	10.29	1	109
2927551	2927572	22	87.27	98	143
2927608	2927750	143	5.20	4	27
2927870	2927896	27	7699.48	7997.5	8000
2928013	2928142	130	617.98	58	4293
2931029	2931032	4	1515.50	2021	2036
2931067	2931213	147	5189.69	5350	6954
2931247	2931318	72	351.44	104	1073
2931392	2931399	8	394.00	451	452
2931473	2931505	33	133.94	131.5	179
2931578	2931599	22	219.36	231	285
2931673	2931743	71	404.62	455	735
2933284	2933644	361	5036.24	6322	8029
2933761	2933890	130	2849.04	3457	5009
2936776	2936960	185	5560.88	5689	7996
2936994	2937120	127	1336.52	1303	2017
2937194	2937226	33	179.58	175	268
2937299	2937320	22	241.18	253	321
2937394	2937464	71	415.10	468.5	668
2939006	2939034	29	3546.41	3767	3882
2939152	2939166	15	645.80	707.5	815
2939305	2939333	29	51.17	45.5	127
2939977	2940001	25	13.00	11	21
2941457	2941478	22	19.32	21	23
2942109	2942321	213	67.99	6	255
2944491	2944518	28	6.39	6	14
2945680	2945713	34	5.56	5	9
2946655	2946785	131	9.84	3	55
2948013	2948025	13	124.85	138.5	142
2948071	2948076	6	82.50	99	99
2949436	2949628	193	33.59	22.5	120
2949674	2949684	11	287.00	313	333
2950105	2950125	21	4042.29	4241	4360
2951527	2951563	37	2926.92	2995	3203
2952428	2952474	47	6863.55	7010	7396
2954561	2954577	17	2187.06	2251.5	2552
2955046	2955121	76	462.26	468	543
2955377	2955422	46	521.33	526	705
2956233	2956243	11	353.73	382	437
2956631	2956822	192	324.56	387	680
2957702	2957730	29	165.38	166.5	205
2958502	2958518	17	296.82	320.5	332
2959149	2959150	2	65.00	130	130
2961044	2961149	106	18.92	8	91
