#start	end	length	mean	median	max
1	278	278	2.63	3	4
1644	1657	14	7.79	8	16
2756	2761	6	29.17	35	35
3836	3894	59	2.66	3	3
4537	4551	15	5.40	6	7
4774	4810	37	4.81	5	6
5468	5469	2	9.00	18	18
7146	7320	175	1.53	2	3
7987	8209	223	15.00	4	41
8444	8457	14	67.29	68	81
8626	8733	108	0.75	0	3
9544	9637	94	4.36	0	28
11312	11317	6	20.00	23	28
11534	11601	68	4.24	4	7
12262	12383	122	1.12	1	4
12885	12890	6	1.50	2	2
15303	15311	9	3.89	4	5
16047	16189	143	5.06	4	11
16514	16559	46	4.20	4	9
17355	17358	4	6.50	9	9
18950	18962	13	7.77	8	10
19407	19651	245	2.03	2	12
20960	21034	75	3.21	4	4
21893	21933	41	4.39	4	7
22354	22379	26	10.46	11	12
22692	22737	46	6.09	5	10
23599	23817	219	4.08	4	9
24340	24359	20	15.10	17	19
24528	24650	123	23.86	27	34
24927	24981	55	4.87	5.5	8
25930	25975	46	1.11	2	2
26912	26967	56	15.61	18	30
27691	27947	257	13.15	9	35
28176	28326	151	51.61	50	153
28753	28759	7	98.57	113.5	122
29447	29732	286	54.40	58	143
30222	30275	54	6.37	5	13
30642	30883	242	16.59	16	23
32144	32340	197	0.16	0	1
33598	33713	116	7.98	9	11
35069	35080	12	5.17	4	10
36080	36302	223	1.97	1.5	5
36684	36795	112	1.60	2	3
37396	37775	380	1.60	1	12
40527	40761	235	1.75	1	4
41377	41620	244	3.46	4	8
43154	43199	46	16.39	16	21
44142	44143	2	8.00	16	16
44639	45024	386	4.03	4	8
45256	45427	172	12.30	13	18
46418	46566	149	4.83	3	22
49378	49398	21	3.86	4	5
49945	50044	100	2.14	2	4
50987	51074	88	4.43	4	7
51558	51612	55	3.44	3	7
52075	52079	5	8.00	10	10
52866	53025	160	1.57	2	4
54136	54298	163	2.28	1	8
54851	54854	4	25.00	31	38
55260	55437	178	4.40	1	17
56620	56724	105	30.24	18.5	63
56798	56803	6	275.00	300	448
56876	56920	45	441.87	456.5	632
57003	57036	34	438.82	454	491
57110	57326	217	8.71	1	212
58278	58333	56	0.70	1	3
59540	59723	184	3.46	3	12
63198	63365	168	5.80	6	11
65934	66119	186	1.60	2	5
66579	66764	186	1.52	1	3
67020	67034	15	13.93	15	15
68832	68846	15	18.13	19	20
70149	70223	75	3.44	1	10
71175	71364	190	3.39	1	41
73708	73786	79	0.65	1	2
74864	74957	94	6.47	7	14
76125	76365	241	2.67	2	9
76624	76674	51	15.39	15	17
88864	89144	281	0.06	0	2
89382	89440	59	9.85	6.5	28
90188	90203	16	0.62	0	2
91690	92083	394	19.41	5	84
92570	92734	165	5.27	5	14
94121	94306	186	1.33	1	5
94805	94853	49	3.71	3	9
95757	95865	109	1.34	1	4
96586	96869	284	4.10	2	12
98290	98451	162	3.07	3	8
98869	98891	23	10.70	11	12
100383	100394	12	11.75	13	14
101352	101382	31	1.45	1	3
102259	102344	86	2.87	3	5
103296	103318	23	9.78	11	13
104327	104357	31	15.58	16	17
104769	104838	70	16.07	12	28
105850	105969	120	1.57	1	4
106189	106192	4	2.25	3	3
107933	108150	218	2.58	3	6
108865	109075	211	2.18	1	8
110606	110620	15	19.60	21	23
112079	112161	83	2.47	2.5	3
113809	114179	371	20.57	4	61
115188	115206	19	1.42	1.5	2
116725	116779	55	6.33	4	24
117764	117924	161	3.69	3	15
118913	119164	252	3.01	2	12
120212	120232	21	8.29	7	12
122434	122611	178	1.52	1	6
125032	125041	10	23.10	26	26
125831	126025	195	8.30	7	16
126533	126673	141	2.79	3	5
128051	128104	54	16.24	16	22
128846	128969	124	3.47	3	7
129960	130181	222	11.26	1	78
130491	130513	23	93.61	91	124
130769	130906	138	10.59	7	32
131825	131836	12	7.92	8	12
133013	133256	244	1.82	1	6
133824	133948	125	0.81	1	1
134405	134552	148	2.76	3	5
135288	135307	20	1.25	1	2
136031	136037	7	1.71	2	2
136707	136719	13	4.08	4	5
137401	137508	108	7.51	7	12
137794	138255	462	4.02	1	35
139819	139835	17	8.35	8	11
140970	141346	377	5.95	1	41
142450	142519	70	2.51	2	4
142940	142960	21	7.05	7	9
144014	144043	30	0.37	0	1
145346	145357	12	49.33	57	62
145811	146000	190	3.22	1	14
146074	146101	28	25.71	27	31
146175	146202	28	10.25	11	14
146276	146487	212	1.10	1	4
147013	147027	15	7.00	8	9
147739	147743	5	0.80	1	1
148720	148774	55	0.65	1	3
152207	152287	81	1.89	1	9
152900	152912	13	11.23	12	15
153918	154033	116	16.71	15	28
155240	155241	2	4.00	8	8
156205	156209	5	3.20	4	4
157722	157851	130	1.14	1	5
159328	159384	57	1.11	1	2
160165	160304	140	6.80	2	16
161751	161966	216	6.58	7	14
163413	163495	83	4.17	4	7
164300	164473	174	5.97	4	80
165212	165267	56	7.93	5	35
165673	165753	81	21.00	22	25
166966	167044	79	6.80	7	9
167426	167593	168	4.36	5	8
167915	167929	15	23.47	28	33
168446	168489	44	11.36	8	28
170338	170351	14	4.57	5	6
170691	170827	137	3.81	2	21
173099	173269	171	3.51	3	12
173984	174118	135	6.06	7	13
175376	175553	178	0.61	1	1
176196	176274	79	2.14	2	4
177841	178023	183	2.70	1	27
178270	178298	29	21.55	22.5	29
178824	178879	56	73.29	65	101
179615	179652	38	8.50	9	11
180001	180137	137	2.01	2	9
180954	180992	39	0.54	1	1
181992	182002	11	10.09	11	12
183053	183220	168	6.01	6	15
184586	184617	32	3.97	4	5
187203	187306	104	7.33	4	19
189215	189459	245	1.15	0	9
190300	190338	39	4.87	5	5
192177	192244	68	11.82	12	15
192572	192627	56	8.86	9	11
193234	193245	12	1.67	2	2
193510	193578	69	8.45	8	12
194164	194284	121	0.51	0	5
196289	196412	124	4.29	3	11
197169	197192	24	6.62	7	8
197454	197939	486	22.05	6	102
198900	198919	20	4.35	5	6
199574	199584	11	6.91	8	8
199879	199935	57	4.44	5	5
201114	201210	97	6.95	3.5	16
201769	201813	45	1.47	1	3
202927	202951	25	13.84	14	15
204854	204872	19	0.47	0.5	1
205338	205359	22	7.73	8	9
205666	206020	355	2.50	2	6
207744	207750	7	11.00	13	13
208507	208518	12	4.42	5	5
209398	209505	108	2.04	2	4
209833	209912	80	1.80	1	4
210573	210790	218	1.02	1	5
210878	210982	105	14.51	8	70
212510	212613	104	2.61	2	5
214610	214657	48	0.60	1	1
215813	215817	5	7.20	9	9
216727	217016	290	2.41	1	12
217566	217834	269	2.96	2	10
218531	218614	84	0.00	0	0
220301	220628	328	0.90	0	7
222387	222399	13	4.15	5	5
225925	225929	5	0.80	1	1
227478	227652	175	2.36	2	8
229486	229885	400	7.28	6	19
231128	231145	18	5.33	6	6
231725	231812	88	4.84	5	7
233109	233469	361	6.06	2	42
234883	234918	36	8.61	9	9
236176	236247	72	4.53	5	7
237043	237194	152	0.55	0	2
238569	238613	45	13.69	12	29
240351	240491	141	1.57	1	11
240579	240844	266	3.08	2	36
241796	241900	105	23.74	0	97
243035	243083	49	0.59	1	1
243498	243786	289	5.67	5	15
245569	245599	31	6.35	7	10
246629	246640	12	8.25	9	9
247536	247700	165	3.92	4	8
249486	249498	13	2.77	3	3
250525	250582	58	7.95	7	12
250859	250961	103	10.23	9	19
252737	252755	19	7.63	8	9
253284	253300	17	11.71	12	13
256235	256388	154	5.82	5	14
256665	256735	71	5.79	6	8
257498	257510	13	14.00	15	16
257970	258442	473	5.97	6	16
258960	259256	297	8.84	6	26
259692	261095	1404	44.98	5	710
261312	262157	846	37.87	17	231
262608	262645	38	65.89	74	78
263009	263372	364	0.33	0	8
263986	264627	642	4.14	2	24
265486	265554	69	6.14	6	8
266383	266478	96	0.56	0	5
267811	267922	112	2.81	2	7
268808	268892	85	1.00	1	4
269346	269361	16	17.31	18	19
270148	270231	84	2.58	3	6
271399	271401	3	6.33	9.5	10
272035	272097	63	1.06	1	2
272680	272724	45	5.44	5	8
273061	273062	2	9.00	18	18
274113	274429	317	15.87	5	60
275381	275467	87	0.66	0	3
275972	275975	4	16.50	22	22
278139	278165	27	0.19	0	1
278622	278688	67	2.03	1	8
279340	279732	393	7.08	6.5	21
281476	281511	36	2.75	3	4
288938	289046	109	5.93	5.5	12
292524	292545	22	0.00	0	0
293071	293221	151	0.12	0	2
295269	295334	66	0.23	0	2
296901	296904	4	0.75	1	1
297253	297371	119	0.57	1	1
297705	297851	147	27.08	28	91
297936	297962	27	819.63	993	1155
298034	298047	14	762.79	820	927
298121	298437	317	20.56	2	398
299545	299711	167	4.09	4	6
300033	300152	120	4.52	3	16
300846	300934	89	1.49	1	3
302174	302277	104	9.62	10	12
302902	303043	142	3.35	3	9
303869	304064	196	0.80	1	2
305412	305819	408	0.96	0	5
306423	306550	128	5.84	6	21
306915	307234	320	4.90	3	27
309023	309046	24	10.29	11	15
310073	310575	503	2.90	2	22
311872	311939	68	3.06	2	15
313290	313438	149	4.02	4	7
313970	314102	133	3.25	2	8
315636	315805	170	3.48	3	9
316613	316756	144	8.22	8	12
318131	318443	313	63.69	73	125
318630	318640	11	0.00	0	0
318911	318939	29	2.48	3	3
319333	319677	345	13.79	13	28
319804	320117	314	0.59	1	2
320256	320320	65	5.22	5	7
321640	321659	20	4.45	5	6
322926	323059	134	3.55	4	5
324128	324174	47	11.26	10	17
325309	325466	158	0.92	1	1
325764	325797	34	1.24	1	2
327646	327660	15	8.20	9	10
328627	329099	473	5.59	4	76
329183	329204	22	46.59	49	51
329547	329686	140	1.64	2	4
331583	331710	128	7.45	8	12
332038	332102	65	6.54	2	21
332706	332755	50	20.96	18	29
333941	334134	194	1.23	1	3
336209	336348	140	0.57	0	3
338062	338165	104	1.80	2	4
338628	338738	111	4.31	4	6
339804	339929	126	4.92	0	54
341847	342091	245	9.26	5.5	23
342722	342750	29	11.79	12	17
343633	343931	299	5.13	3	15
344817	344867	51	27.33	26.5	34
345234	345331	98	5.13	4	9
345911	345929	19	2.84	3	3
346638	346722	85	4.31	2	9
348055	348093	39	4.44	5	6
348925	348935	11	0.36	0	2
349797	349919	123	3.03	3	6
350634	350728	95	4.49	5	10
351596	351602	7	12.86	15	15
352530	352578	49	14.06	15	17
353143	353180	38	5.29	6	6
354192	354287	96	2.81	3	4
355449	355518	70	3.13	3	4
356422	356486	65	1.29	1	2
357300	357302	3	6.67	10	10
359390	359501	112	1.19	1	3
360246	360403	158	0.85	0	5
361148	361327	180	7.78	8	21
368585	369102	518	1.76	2	5
369889	370047	159	1.82	2	3
370762	370806	45	3.64	4	6
372217	372564	348	3.04	3	9
373291	373298	8	1.38	2	2
374007	374109	103	8.32	8	13
377068	377184	117	0.24	0	1
377848	378184	337	4.20	2	14
382835	383420	586	2.46	1	9
384753	384807	55	18.73	19	23
385540	385671	132	2.81	2	7
385786	385831	46	3.09	3	9
388280	388294	15	11.67	12.5	13
389237	389251	15	0.40	0	2
390527	390700	174	3.00	2	9
391145	391163	19	20.32	21.5	27
391686	392109	424	12.29	8	40
392887	392994	108	8.99	8	24
393607	393611	5	11.00	14	14
395016	395020	5	2.00	2.5	3
398315	398332	18	5.44	5	7
399413	399447	35	6.66	6.5	13
400285	400297	13	8.38	9	10
401066	401091	26	9.88	10	11
402043	402115	73	2.41	2	4
402653	402685	33	16.64	17.5	24
404687	404941	255	5.67	6	10
406058	406090	33	2.33	2	3
406628	406712	85	2.14	3	3
408981	409266	286	1.51	1	12
410386	410485	100	5.74	6	8
412391	412571	181	6.02	6	10
413823	413829	7	13.43	16	16
414439	414545	107	0.13	0	1
415806	415834	29	13.62	13	18
416513	416657	145	1.94	2	6
417699	417710	12	12.83	14	14
419085	419188	104	0.42	0	2
419663	419666	4	0.75	1	1
422376	422465	90	5.70	5	11
432411	432941	531	3.58	2	18
433521	433579	59	4.61	4	12
433991	434009	19	1.58	2	2
434493	434666	174	6.18	7	14
436281	436462	182	1.02	1	3
437720	437864	145	2.14	2	7
440774	440791	18	0.00	0	0
442388	442524	137	1.97	2	3
443032	443111	80	4.56	5	7
444264	444542	279	1.25	1	6
445119	445131	13	3.31	2	8
445924	445935	12	0.92	1	1
446746	446754	9	6.11	7	7
447604	447627	24	11.00	13	14
450130	450580	451	2.78	2	11
460448	460771	324	3.89	2	15
462005	462082	78	7.08	6	10
463688	463749	62	1.34	1	4
464677	464814	138	11.15	8	27
465853	465856	4	0.75	1	1
466820	466871	52	13.69	15	23
467694	468013	320	9.02	1	46
468644	468684	41	8.68	8	11
469180	469195	16	5.38	6	7
469628	469637	10	3.20	4	4
470574	470639	66	7.39	6	12
471222	471256	35	15.49	19	19
471830	471937	108	95.07	8	286
472190	472365	176	3.94	5	7
473005	473054	50	0.12	0	2
474456	474467	12	11.00	12	12
475881	475908	28	3.96	4	7
477667	477710	44	1.59	1	4
478524	478535	12	17.67	19	24
479379	479630	252	3.98	1	26
480390	480410	21	12.38	12	20
481593	481816	224	3.48	3	7
482342	482504	163	3.19	3	9
483114	483139	26	12.58	13	15
484505	484586	82	8.11	8	14
485022	485191	170	0.88	1	7
485957	486056	100	2.26	1	6
487335	487336	2	8.50	17	17
487811	487886	76	1.26	1	3
489723	489807	85	11.11	10	29
490681	490874	194	0.77	0	4
492258	492270	13	4.62	5	5
493117	493279	163	2.18	1	10
494786	494871	86	2.47	1	20
496006	496302	297	2.92	1	17
497236	497324	89	5.97	4	12
498258	498340	83	2.04	1	6
499856	499895	40	6.83	7	9
500850	501038	189	2.12	2.5	5
502974	503049	76	3.78	4	8
503944	503947	4	2.25	3	3
504956	505018	63	5.63	6	7
505835	505873	39	0.00	0	0
507182	507241	60	0.72	1	3
509399	509681	283	0.10	0	1
509844	510012	169	13.40	18	26
510931	510944	14	2.14	2	3
512406	512407	2	1.50	3	3
512918	513277	360	2.52	2	7
514816	514877	62	0.00	0	0
514952	515048	97	0.00	0	0
515122	515384	263	0.00	0	0
518370	518499	130	0.00	0	0
518614	519036	423	5.79	2	30
519391	519567	177	2.31	2	5
522639	522650	12	2.75	3	3
524292	524911	620	17.94	9	56
525668	525953	286	2.84	0	61
526770	526786	17	2.82	3	3
527401	527412	12	3.08	4	4
529815	529817	3	10.67	16	16
531090	531275	186	1.44	1	6
532005	532181	177	3.54	2	7
535080	535083	4	10.50	14	14
535747	535811	65	7.37	8	9
536574	536634	61	5.18	6	10
537160	537333	174	6.90	2	61
538582	538743	162	2.91	3	5
539284	539347	64	1.39	1	2
540311	540388	78	1.51	2	2
541232	541284	53	9.58	10	12
542104	542392	289	15.58	14	31
544973	545023	51	5.69	6	7
545525	545526	2	13.00	26	26
546565	546693	129	1.36	1	5
547342	547353	12	14.25	17	18
548290	548418	129	1.81	0	5
549532	549726	195	4.01	1	13
550762	550952	191	0.93	1	3
552164	552217	54	12.78	8	33
553647	553889	243	2.81	2	12
554184	554338	155	10.35	11	17
555026	555135	110	9.91	8	33
555976	556100	125	5.10	0	38
556413	556430	18	9.44	10	10
557454	557465	12	5.50	6	6
559242	559357	116	18.61	18	30
562196	562218	23	8.00	9	10
563212	563221	10	11.30	13	13
564832	564877	46	12.87	14	16
565085	565133	49	2.84	3	8
567983	568290	308	3.07	3	6
568570	568598	29	8.24	8	11
571080	571132	53	6.89	7	9
571883	571884	2	7.50	15	15
573177	573193	17	8.24	10	10
573803	573899	97	5.56	5	9
577791	577973	183	3.87	4	5
579009	579051	43	2.98	3	4
579625	579656	32	4.09	4	6
580395	580420	26	0.96	1	1
581426	581427	2	5.00	10	10
581914	581928	15	5.47	7	7
583732	583739	8	9.75	11	12
584421	584423	3	2.67	4	4
584703	584714	12	1.83	2	2
585189	585370	182	1.11	1	8
587672	587740	69	3.26	4	6
589055	589094	40	2.30	3	3
589674	589768	95	6.12	6	10
590465	590613	149	1.45	1	4
591424	591557	134	7.84	7	11
592596	592607	12	6.67	7	8
594220	594230	11	5.00	7	7
595011	595040	30	5.40	4	10
595566	595628	63	10.89	12	12
596916	597061	146	2.18	2	6
597503	597526	24	14.58	16	17
598130	598460	331	0.33	0	2
599028	599469	442	9.39	3	36
600670	600681	12	4.58	5	5
600910	600961	52	9.63	11	14
602468	602546	79	4.87	5	9
603414	603775	362	9.19	4	28
606183	606233	51	2.16	2	3
607067	607180	114	1.68	2	4
607298	607401	104	18.33	20	23
607558	607592	35	4.03	4	5
607734	607787	54	30.06	26	54
607998	608193	196	20.86	5	65
609850	610049	200	1.00	0	5
611844	612130	287	1.13	1	4
614255	614272	18	13.22	14	14
614738	614919	182	2.08	1	5
614994	615012	19	4.05	4	5
616738	617321	584	16.91	13	53
617464	618334	871	9.43	7	32
619337	619571	235	5.21	4	19
619719	619795	77	4.88	4	13
622211	622214	4	0.75	1	1
623013	623123	111	1.00	1	3
623748	623804	57	5.49	4	16
624075	624157	83	1.52	2	2
626279	626280	2	9.00	18	18
628360	628431	72	4.47	5	6
629233	629606	374	0.30	0	2
631145	631206	62	0.00	0	0
631281	631377	97	0.00	0	0
631451	631713	263	0.00	0	0
634699	634828	130	0.00	0	0
634943	634999	57	5.18	1	43
635114	635127	14	41.57	44	47
635202	635218	17	77.35	82	87
635292	635837	546	8.04	5	35
636357	636596	240	3.74	1	14
637929	638434	506	17.24	7	83
642461	642553	93	5.75	5	9
646814	647152	339	2.62	2	7
648002	648198	197	0.12	0	2
649132	649181	50	0.68	0	2
650715	650716	2	4.00	8	8
651665	651684	20	0.95	1	1
652369	652370	2	3.00	6	6
653259	653260	2	1.00	2	2
653732	654232	501	5.36	5	15
655562	655581	20	15.75	17	18
656107	656395	289	3.73	3	19
657458	657476	19	4.58	5	6
658065	658225	161	3.17	1	14
658499	658662	164	2.25	2	11
659443	659470	28	4.54	4	6
661301	661374	74	4.69	5	8
662203	662240	38	3.68	4	4
663955	664111	157	0.69	0	3
664664	664817	154	1.54	1	4
665892	665953	62	4.95	4	8
667995	668253	259	5.15	5	12
669394	669421	28	3.68	4	5
670679	670808	130	0.65	0	5
671925	672270	346	0.55	0	6
673809	673886	78	0.00	0	0
673960	674149	190	0.00	0	0
677135	677264	130	0.00	0	0
677379	677603	225	2.86	0	9
677886	678109	224	1.74	2	3
678755	678770	16	3.38	4	4
680654	680737	84	6.65	7	9
682502	682699	198	1.06	1	5
683993	684249	257	1.50	1	5
685000	685237	238	5.31	4	10
685919	686060	142	2.69	2	5
687390	687483	94	9.72	9	18
688714	688717	4	6.00	8	8
689573	689629	57	7.95	6	12
690080	690265	186	0.08	0	1
691256	691374	119	1.00	1	2
692095	692749	655	7.36	8	17
693161	693191	31	12.74	13	18
694251	694738	488	4.42	2	18
696137	696138	2	4.00	8	8
697186	697188	3	8.33	12.5	13
699076	699182	107	1.14	1	3
699459	699655	197	11.62	7	35
700600	700601	2	10.00	20	20
701040	701054	15	22.20	22.5	30
701202	701736	535	28.63	15	200
702425	702439	15	41.80	44	48
702665	702685	21	18.95	17.5	30
703133	703667	535	9.86	3	73
704853	705118	266	3.83	3	23
706025	706030	6	12.17	15	15
709361	709455	95	11.76	13	15
709939	710509	571	11.94	6	56
711665	711738	74	2.41	2	5
712741	712759	19	3.16	3	4
713870	713893	24	4.29	4	5
714356	714368	13	7.00	8	8
716298	716332	35	3.17	3	8
716504	716650	147	3.51	2	10
718232	718456	225	3.22	1	34
718913	719026	114	8.27	5	20
719990	719991	2	8.50	17	17
720310	720336	27	3.74	4	4
722134	722151	18	1.72	2	3
723637	723719	83	2.33	2	6
726188	726198	11	15.64	17	18
727507	727522	16	16.12	16	20
728705	728722	18	8.50	9	9
729794	729849	56	6.30	7	9
731278	731324	47	9.04	9	11
732249	732251	3	4.00	6	6
733023	733055	33	0.97	1	1
734328	734416	89	40.88	18	126
735629	735671	43	7.86	8	9
736587	736712	126	2.63	3	8
737868	737931	64	8.67	9	15
738718	738820	103	2.44	2	6
739793	739796	4	3.00	4	4
740535	740589	55	6.18	6	10
741538	741658	121	1.18	1	3
742430	742591	162	2.51	2	5
743597	744111	515	3.23	2	9
745780	745805	26	0.96	1	1
746346	746756	411	5.84	5	11
747231	747562	332	11.80	9	25
747806	747999	194	3.01	2	8
748525	748860	336	8.57	9	21
750847	750852	6	6.33	8	8
751726	751950	225	14.56	12	28
752164	752174	11	22.82	25	28
752367	752605	239	4.94	5	7
753221	753389	169	12.05	11	24
753708	754069	362	6.07	5	14
754235	754403	169	32.62	30.5	46
754794	754903	110	8.24	8	13
755252	755380	129	9.23	9.5	12
756150	756211	62	3.73	4	5
756704	756890	187	5.27	5	16
757317	757401	85	4.72	5	6
757936	758080	145	20.03	20	35
758572	758684	113	24.36	25	59
758937	758938	2	3.00	6	6
759191	759193	3	16.00	24	24
759695	759799	105	8.23	8	13
761441	761446	6	4.33	5	6
764364	764939	576	30.18	7	208
765423	765685	263	1.97	2	5
766724	766730	7	2.71	3	4
767655	767700	46	16.07	16	18
768169	768173	5	24.80	32	33
770818	770829	12	9.17	10	10
771202	771203	2	13.00	26	26
771573	771837	265	26.09	24	56
774253	774257	5	9.20	12	12
776722	776723	2	16.00	32	32
777378	777458	81	4.06	4	6
777807	777822	16	7.69	8	9
778885	778886	2	9.00	18	18
779472	779477	6	8.67	11	11
782532	782901	370	7.76	5	27
784481	784503	23	7.91	8	11
784690	784695	6	8.83	11	11
785008	785159	152	6.93	7	12
786342	786355	14	3.43	4	4
787274	787285	12	10.42	11	13
788207	788321	115	0.00	0	0
789957	790117	161	3.66	4	10
791771	792009	239	3.08	2	15
793979	794098	120	0.73	0	6
796100	796228	129	3.81	3	7
797576	797599	24	2.33	2	3
798362	798374	13	2.77	3	3
799416	799662	247	0.72	1	2
800179	800670	492	6.19	4	24
801697	801720	24	5.71	6	6
804161	804394	234	5.30	4	14
815417	816086	670	3.16	1	27
817665	817783	119	5.59	5.5	9
820229	820380	152	2.27	0	27
821011	821099	89	18.15	21	33
821523	821536	14	2.93	3	4
822833	822944	112	2.93	1	9
823545	823556	12	5.50	6	6
824964	825065	102	1.45	1	3
826140	826165	26	1.54	2	3
827717	828315	599	1.96	1	8
829629	829677	49	4.86	5	6
830410	830421	12	5.50	6	6
833099	833104	6	1.33	2	2
834115	834120	6	1.67	2	2
835003	835017	15	1.53	2	2
836872	836960	89	9.89	12	14
837915	837923	9	6.22	7	7
839028	839042	15	18.67	20	20
840318	840330	13	4.62	5	5
840940	840999	60	2.43	3	6
842443	842600	158	15.56	15	25
843855	843866	12	2.75	3	3
844536	844698	163	5.58	5	10
845284	845347	64	0.88	1	1
846374	846610	237	1.48	1	8
848300	848365	66	2.76	2	7
849707	849870	164	2.23	2	6
851440	851719	280	62.34	6	210
851981	852044	64	9.42	6	29
853893	854137	245	6.16	6	16
855554	855780	227	5.58	5	9
856711	856881	171	0.87	0	9
858343	858745	403	10.03	11	18
860315	860563	249	6.52	5	13
860822	861564	743	7.54	3	26
862351	862511	161	4.76	3	18
864498	864685	188	9.84	9	20
867599	867910	312	4.62	5	8
869789	869978	190	4.46	3	13
870225	870265	41	2.90	3	4
870998	871176	179	4.59	5	23
871250	871338	89	2.78	1.5	37
872779	872954	176	1.07	0	9
873028	873070	43	58.26	59.5	64
873144	873212	69	57.67	58	73
873286	873477	192	12.74	1	89
875400	875421	22	0.59	0	2
876258	876369	112	3.04	0	38
876634	876663	30	2.73	3	4
878038	878275	238	2.62	0	18
878591	878796	206	2.33	2	4
879334	879463	130	0.53	0	5
880091	880229	139	1.50	1	7
882495	882691	197	0.94	0	8
884105	884344	240	0.99	0	10
884633	884665	33	3.64	4	5
886307	886479	173	7.57	3	27
886795	886880	86	5.71	7	8
887481	887486	6	5.00	6	6
887928	887930	3	5.33	8	8
889296	889331	36	3.92	4	5
889812	889941	130	2.65	3	4
891415	891456	42	13.95	14	17
892657	892799	143	0.09	0	1
893400	893586	187	3.22	1	15
893919	894221	303	1.17	1	3
895695	896005	311	4.83	3	18
896813	896933	121	2.74	3	5
897279	897291	13	10.69	12	12
897694	897706	13	21.92	24	25
900267	900581	315	2.12	0	46
901551	901606	56	1.57	1	5
903191	903273	83	1.78	2	4
904078	904083	6	10.00	12	12
906034	906035	2	2.50	5	5
906987	907126	140	4.39	3	9
908711	909035	325	3.38	2	27
911532	911816	285	5.51	4	14
912114	912135	22	3.86	4	5
912598	912609	12	3.00	3	4
913147	913148	2	0.50	1	1
913887	914163	277	2.79	2	15
914802	914973	172	1.52	1	8
915415	915438	24	0.58	1	1
915892	915982	91	6.59	7	9
916805	916808	4	11.25	14	17
917001	917205	205	7.88	6	26
917650	917814	165	2.30	3	5
918784	918796	13	10.00	10.5	13
919538	919586	49	9.14	8	20
922449	922506	58	15.16	15	18
923314	923346	33	3.03	3.5	5
924256	924368	113	0.36	0	2
925266	925564	299	0.59	0	7
926210	926229	20	5.70	6	8
926887	926899	13	5.54	6	6
928241	928334	94	5.02	6	7
929514	929543	30	6.97	7	8
930300	930372	73	6.68	7	8
931756	931925	170	1.30	1	4
933090	933184	95	0.00	0	0
933950	933951	2	5.00	10	10
935041	935315	275	7.64	1	33
936222	936327	106	0.44	0	4
937054	937088	35	8.11	8.5	9
939624	939732	109	4.98	4	9
940660	940716	57	3.35	4	7
941683	941707	25	31.08	36	38
943214	943548	335	3.79	2	22
945976	946352	377	0.65	1	4
948228	948302	75	8.89	9	12
949458	949534	77	0.99	1	1
950048	950146	99	2.98	3	5
951521	951663	143	1.76	2	2
952669	952793	125	1.95	1.5	3
955583	956231	649	3.89	3	15
956934	956946	13	0.92	1	1
958237	958318	82	3.67	1	12
959578	959760	183	1.50	1.5	5
961555	961567	13	2.23	2	3
962597	962804	208	0.56	1	1
963474	963516	43	1.93	2	2
964429	964455	27	7.89	9	10
965041	965227	187	2.56	2	25
965441	965603	163	1.66	1	5
967359	967427	69	3.52	2	11
969291	969940	650	1.39	1	9
979355	979742	388	7.08	8	11
980367	980481	115	0.83	1	2
981391	981392	2	11.00	22	22
981660	982521	862	21.96	7	82
982906	983107	202	6.76	4	40
983360	983525	166	5.41	2	22
984822	985226	405	3.16	1	208
985301	985324	24	278.04	252	514
985398	985406	9	116.22	132.5	143
985481	985636	156	16.33	1	74
987175	987252	78	0.00	0	0
987326	987515	190	0.00	0	0
990501	990630	130	0.00	0	0
990745	990807	63	3.37	0	17
990882	991487	606	8.02	7	35
992139	992747	609	3.44	3.5	8
993018	993238	221	2.28	2	6
994232	994313	82	7.22	7	10
995343	995351	9	11.56	13	14
995826	995903	78	1.76	2	4
996846	997097	252	6.91	7	12
998862	999009	148	7.75	9	23
999748	999787	40	5.47	5	12
1000634	1000828	195	1.01	0	4
1000903	1000930	28	2.68	3	3
1001005	1001038	34	59.47	64	65
1002092	1002328	237	3.84	4	5
1003424	1003732	309	8.60	7	22
1004231	1004293	63	1.89	2	4
1004720	1005040	321	7.03	5	38
1005677	1005831	155	4.87	4	10
1006871	1006959	89	4.58	4	8
1007797	1007843	47	21.26	21	32
1007928	1008590	663	67.54	19	463
1009386	1009788	403	12.19	11	39
1009972	1010152	181	4.12	4	20
1010516	1010619	104	1.35	1	4
1011906	1011971	66	6.50	7	10
1012602	1012645	44	10.23	6	42
1012728	1012881	154	23.60	10	128
1013707	1014767	1061	44.74	33	178
1014987	1015000	14	10.00	10	15
1015187	1015605	419	11.23	4.5	40
1015900	1015903	4	3.00	4	4
1016198	1016227	30	2.90	3	3
1017230	1017328	99	3.28	3	6
1018013	1018117	105	1.60	1	12
1018343	1018497	155	9.50	8	17
1020238	1020254	17	14.35	14	20
1020786	1020800	15	7.40	8	9
1021251	1021304	54	4.52	4	9
1021917	1022243	327	28.40	23	83
1022323	1022473	151	73.60	57.5	125
1022885	1022909	25	172.28	178	193
1023123	1023285	163	3.79	3	10
1023862	1024491	630	11.64	11	26
1024894	1025177	284	5.07	5	9
1026243	1026441	199	13.34	12	22
1027135	1027136	2	6.00	12	12
1028682	1028685	4	1.50	2	2
1030861	1031021	161	3.36	2	8
1031118	1031494	377	46.62	8	254
1031681	1032327	647	40.68	29	171
1032410	1032457	48	13.62	12	47
1033331	1033402	72	1.01	1	3
1036100	1036103	4	7.50	10	10
1040181	1040445	265	18.44	11	48
1040746	1040832	87	8.98	4	34
1041025	1041104	80	1.62	1	5
1041966	1041993	28	11.32	13	14
1042987	1043050	64	10.25	8	24
1043881	1044146	266	7.36	6	19
1048075	1048139	65	0.29	0	1
1049026	1049155	130	5.52	4	17
1050112	1050116	5	13.00	16.5	17
1051311	1051331	21	15.29	20	22
1051863	1051864	2	19.50	39	39
1052489	1053003	515	5.74	4	12
1053250	1053506	257	0.00	0	0
1053882	1053981	100	2.80	2	7
1054249	1054308	60	11.03	11	13
1055245	1055369	125	1.14	1	12
1056798	1056809	12	6.25	7	7
1057152	1057266	115	3.10	2	8
1059068	1059122	55	3.31	4	5
1059741	1059881	141	0.34	0	2
1060710	1060789	80	4.46	4	6
1063180	1063307	128	0.16	0	3
1064433	1064438	6	4.17	5	5
1065951	1066012	62	0.74	1	1
1067012	1067267	256	3.96	5	6
1068585	1068655	71	5.21	5	7
1070114	1070246	133	3.54	4	7
1071411	1071700	290	1.36	2	4
1072493	1072510	18	8.33	9	10
1073555	1073568	14	4.50	5	5
1075409	1075438	30	0.23	0	1
1077125	1077193	69	0.67	1	4
1078601	1078612	12	2.17	3	3
1079684	1079792	109	1.07	0	4
1080054	1080176	123	6.14	6	9
1082418	1082465	48	0.94	1	1
1083585	1083591	7	1.71	2	2
1084816	1084868	53	0.40	0	3
1086759	1086816	58	5.07	5	7
1088101	1088284	184	1.07	1	4
1089596	1089704	109	5.92	6	14
1090929	1091216	288	6.22	2	42
1091291	1091321	31	216.48	182	399
1091396	1091495	100	8.70	1	44
1092252	1092324	73	4.77	2.5	17
1092787	1092863	77	5.66	6	7
1094543	1094602	60	1.48	2	2
1095437	1095453	17	2.59	3	4
1096252	1096265	14	0.93	1	1
1097235	1097446	212	3.12	3	9
1097807	1097998	192	0.19	0	1
1099076	1099136	61	3.72	4	6
1100244	1100308	65	3.05	3	4
1101605	1101842	238	1.14	1	3
1103055	1103078	24	4.17	4	5
1106193	1106220	28	1.96	2	3
1106977	1106991	15	2.40	3	3
1108696	1108703	8	4.25	5	5
1110009	1110138	130	3.44	1	20
1111351	1111397	47	15.04	16	17
1112136	1112307	172	1.72	2	3
1112839	1112994	156	1.81	2	3
1114705	1114844	140	4.61	5	9
1115034	1115050	17	1.41	1.5	2
1115882	1115945	64	0.67	0	3
1116759	1116882	124	1.62	1	3
1117762	1117901	140	7.21	7	10
1118949	1119017	69	1.12	1	3
1121073	1121096	24	6.46	7	8
1122126	1122155	30	0.93	1	2
1123194	1123399	206	4.66	5	8
1124039	1124050	12	5.92	6	8
1124633	1124649	17	17.18	18	21
1125841	1126120	280	0.49	0	1
1127120	1127211	92	2.00	3	4
1127854	1127941	88	5.25	6	8
1128527	1128671	145	1.00	1	2
1129587	1129666	80	0.00	0	0
1131344	1131536	193	6.00	4	19
1132845	1133174	330	1.01	0	8
1133523	1133635	113	1.02	1	2
1134356	1134372	17	1.88	2	2
1135270	1135390	121	0.99	0	5
1136578	1136594	17	7.53	8	8
1139185	1139252	68	2.25	2	4
1139637	1139763	127	0.82	0	3
1141741	1141807	67	12.37	13	15
1142594	1142686	93	6.45	7	9
1143452	1143465	14	0.86	1	1
1145494	1145650	157	4.07	4	7
1146869	1147289	421	4.82	1	25
1148616	1149487	872	4.13	2	67
1149561	1149662	102	2.79	2	12
1150215	1150286	72	4.10	4	9
1151337	1151561	225	1.70	1	15
1151817	1151923	107	0.36	0	3
1153649	1153713	65	0.95	1	2
1154212	1154508	297	3.16	1	13
1157170	1157226	57	3.16	2	16
1159111	1159196	86	13.41	15	27
1160619	1160709	91	1.36	0	6
1161160	1161420	261	0.23	0	3
1162660	1162975	316	2.66	3	7
1163294	1163469	176	3.62	3	12
1164319	1164443	125	7.10	7	11
1165161	1165187	27	70.59	69.5	115
1165272	1165417	146	4.31	3	78
1167272	1167565	294	1.24	1	3
1169003	1169290	288	5.59	0	20
1180538	1181062	525	3.51	1	19
1181627	1181719	93	2.32	1.5	5
1182590	1182712	123	7.98	6	49
1182828	1182883	56	4.48	4	9
1183223	1183329	107	1.62	1	7
1185058	1185059	2	3.00	6	6
1186821	1186888	68	6.57	7	9
1187840	1187970	131	2.66	1	9
1188709	1188975	267	2.00	0	18
1189927	1189942	16	3.12	3	4
1191206	1191220	15	1.00	1	2
1191665	1191690	26	1.92	2	2
1191973	1191979	7	2.57	3	3
1193336	1193351	16	2.81	3	3
1194393	1194449	57	2.81	3	3
1195278	1195529	252	5.45	6	14
1197149	1197196	48	11.90	12	13
1197428	1197452	25	3.40	4	5
1197909	1198045	137	0.34	0	1
1200368	1200464	97	3.91	3	9
1201314	1201559	246	0.98	0	13
1201908	1201909	2	4.50	9	9
1202264	1202272	9	6.56	7	8
1203317	1203347	31	2.26	3	3
1203864	1204076	213	0.00	0	0
1204959	1205047	89	4.39	3	17
1205510	1205690	181	3.85	2	22
1208520	1208693	174	2.10	2	5
1209747	1209830	84	5.45	6	9
1210881	1210882	2	2.00	4	4
1211369	1211396	28	6.68	7	8
1212069	1212142	74	1.77	2	3
1214333	1214339	7	11.43	13	14
1215159	1215661	503	1.24	1	4
1218277	1218623	347	8.04	3	29
1219047	1219240	194	1.84	2	4
1221863	1222051	189	2.19	2	11
1222232	1222267	36	4.42	3	10
1223630	1223705	76	5.01	5	7
1224591	1224640	50	1.40	0	6
1225502	1225510	9	1.78	2	2
1226597	1226618	22	3.91	3	7
1227144	1227327	184	1.01	1	2
1228459	1228476	18	0.00	0	0
1228972	1228977	6	0.00	0	0
1229515	1229520	6	0.00	0	0
1230304	1230430	127	0.38	0	2
1232969	1233030	62	3.05	3	4
1233874	1233965	92	7.63	10	13
1235334	1235542	209	3.70	3	20
1235831	1235835	5	6.40	8	8
1237210	1237228	19	10.26	11	13
1238168	1238376	209	2.10	2	14
1239769	1239853	85	4.73	5	12
1240343	1240506	164	1.74	1	6
1240894	1241177	284	4.35	4	8
1242312	1242502	191	0.46	0	2
1242998	1243210	213	5.23	5	9
1244018	1244062	45	3.53	4	4
1244708	1244784	77	0.82	1	2
1245151	1245207	57	4.35	4	6
1245994	1246042	49	0.90	1	2
1246406	1246468	63	1.95	2	5
1247462	1247500	39	3.85	4	5
1248110	1248724	615	3.08	1	13
1250075	1250108	34	0.24	0	1
1255374	1255644	271	1.83	1	5
1256818	1256846	29	5.62	6	8
1258044	1258073	30	19.80	13	49
1259406	1259563	158	1.97	2	4
1260119	1260264	146	2.53	2	9
1260562	1260645	84	4.15	3	16
1260829	1260859	31	150.74	69	662
1262075	1262180	106	2.23	1	5
1263132	1263150	19	1.95	2	3
1263640	1263739	100	1.88	1	7
1264490	1264491	2	2.00	4	4
1264879	1264882	4	2.25	3	3
1265336	1265731	396	3.04	2	7
1267103	1267554	452	4.49	3	12
1268850	1268899	50	0.28	0	1
1269776	1269810	35	0.97	1	1
1271180	1271197	18	2.61	2	4
1272074	1272092	19	8.21	8	11
1272783	1272830	48	3.54	4	6
1273419	1273653	235	0.59	0	4
1274638	1274694	57	9.44	10	13
1276558	1276910	353	3.01	3	7
1279050	1279454	405	6.26	6	14
1281258	1281321	64	0.23	0	3
1281538	1281750	213	0.52	0	6
1282420	1282528	109	3.76	5	6
1283546	1283814	269	1.87	0	16
1285399	1285480	82	0.27	0	5
1286210	1286213	4	16.00	21	22
1287624	1287625	2	2.00	4	4
1288322	1288396	75	1.83	1	3
1290107	1290316	210	3.92	3	9
1291031	1291211	181	1.97	0	8
1292190	1292610	421	11.49	2	54
1295437	1295728	292	3.88	1	21
1295803	1295896	94	1.64	1	7
1298750	1298959	210	4.22	4	7
1300970	1301093	124	4.52	2	34
1301185	1301197	13	187.00	182.5	368
1301272	1301350	79	30.62	26	74
1301425	1301648	224	15.76	8	88
1305261	1305281	21	10.48	11	12
1305923	1305940	18	31.83	35	36
1306229	1306629	401	8.89	9	22
1306873	1307014	142	0.39	0	1
1307702	1307986	285	8.87	9	19
1309600	1309806	207	11.65	13	22
1310113	1310142	30	3.47	3	6
1310650	1310662	13	2.77	3	3
1311914	1312128	215	3.42	3	7
1312375	1312376	2	1.50	3	3
1312638	1312854	217	7.59	7	12
1313041	1313045	5	10.40	13	13
1314139	1314203	65	0.00	0	0
1314754	1314791	38	18.18	18	22
1316889	1316936	48	3.83	3	7
1318733	1318734	2	5.00	10	10
1319359	1319574	216	4.85	5	9
1320192	1320348	157	9.29	10	15
1322845	1323612	768	0.23	0	2
1324072	1324086	15	3.00	3	4
1324525	1324884	360	10.20	10	17
1326078	1326080	3	1.33	2	2
1326294	1326295	2	4.00	8	8
1326806	1326911	106	7.19	7	10
1327563	1327576	14	8.93	10	10
1328627	1328652	26	3.04	3	5
1329475	1329640	166	1.11	0	6
1329983	1330233	251	2.31	2	7
1333342	1333586	245	9.77	9	19
1334106	1334125	20	3.85	4	5
1334618	1334822	205	0.38	0	3
1335450	1335582	133	1.49	1	4
1337410	1337744	335	13.09	6	46
1338540	1338888	349	1.37	0	4
1339779	1339852	74	10.31	10	12
1340111	1340137	27	6.74	7	7
1340426	1340804	379	2.78	2	8
1341928	1342053	126	0.87	0	3
1342630	1342705	76	1.01	1	4
1343543	1343735	193	3.81	4	8
1344471	1344681	211	3.65	4	5
1344796	1344939	144	3.70	1	9
1345879	1346066	188	3.06	3	6
1346640	1346767	128	0.91	1	2
1347128	1347139	12	0.92	1	1
1348853	1349003	151	4.67	4.5	9
1349970	1350056	87	0.20	0	1
1350627	1350715	89	0.00	0	0
1351169	1351224	56	5.07	5	7
1352083	1352386	304	0.63	0	5
1353212	1353304	93	13.32	11	30
1354637	1354652	16	21.56	24	25
1355118	1355124	7	20.57	24	24
1356082	1356211	130	1.74	2	5
1358132	1358138	7	11.57	13.5	14
1358853	1359080	228	6.80	7	18
1360761	1360868	108	7.94	8	11
1362012	1362131	120	4.90	3	8
1362717	1362780	64	4.14	4	6
1363363	1363370	8	0.88	1	1
1365488	1365575	88	5.43	4	10
1366419	1366497	79	4.28	4	7
1367119	1367181	63	4.78	4	8
1368226	1368275	50	0.74	0	2
1368927	1369168	242	1.60	2	4
1370336	1370816	481	2.49	2	6
1372200	1372332	133	0.35	0	1
1373062	1373088	27	1.44	0	5
1373761	1373932	172	0.60	0	2
1374851	1374863	13	4.62	5	5
1376154	1376157	4	0.00	0	0
1377169	1377439	271	15.14	3	48
1377866	1377884	19	270.68	248	389
1378275	1378421	147	8.75	6	30
1379058	1379067	10	1.60	2	2
1379521	1379595	75	0.76	1	3
1380997	1381201	205	0.68	0	5
1382417	1382554	138	0.98	1	2
1383341	1383565	225	0.60	0	5
1384562	1384668	107	0.37	0	4
1386426	1386447	22	1.41	1	3
1387432	1387513	82	2.62	2	4
1389029	1389073	45	4.58	4	8
1390121	1390160	40	3.62	3	6
1391268	1391332	65	6.17	6	8
1392218	1392286	69	0.12	0	1
1393223	1393439	217	0.50	0	4
1394928	1394938	11	0.36	0	2
1395965	1396068	104	1.12	1	4
1397521	1397533	13	3.23	3.5	4
1398179	1398197	19	5.58	6	6
1399757	1399801	45	4.00	4	5
1400621	1400861	241	2.88	3	7
1402177	1402198	22	0.95	1	1
1403015	1403054	40	5.67	6	9
1403715	1403737	23	5.52	6	6
1404032	1404058	27	6.30	7	7
1405268	1405363	96	0.78	0	9
1406411	1406412	2	3.00	6	6
1408078	1408236	159	0.86	1	1
1409251	1409443	193	3.53	2	11
1411139	1411346	208	2.36	0	12
1412172	1412231	60	1.30	0	3
1413066	1413129	64	0.61	0	7
1413532	1413715	184	0.28	0	2
1413885	1413974	90	1.40	1	4
1415520	1415646	127	4.17	4	6
1416661	1417251	591	3.31	1	14
1431220	1431329	110	10.53	12	17
1433364	1433652	289	0.87	1	3
1436240	1436387	148	2.12	1	9
1437549	1437658	110	0.00	0	0
1438019	1438142	124	0.25	0	2
1439640	1439701	62	3.52	4	6
1441633	1441895	263	8.87	1	60
1443249	1443356	108	3.74	4	10
1444008	1444094	87	4.70	5	11
1445079	1445444	366	1.58	1	5
1446672	1446739	68	2.84	3	6
1448153	1448476	324	2.78	2	10
1450613	1450682	70	0.09	0	3
1451877	1452109	233	0.52	0	3
1452542	1452656	115	5.19	2	17
1452933	1453032	100	1.12	1	5
1455499	1455598	100	6.45	7	9
1455734	1455768	35	8.83	9	10
1456888	1457076	189	2.37	1	17
1457800	1457835	36	3.86	4	4
1458535	1458647	113	2.64	3	4
1459947	1459960	14	0.93	1	1
1461353	1461408	56	0.89	1	2
1462015	1462069	55	3.69	4	6
1463408	1463475	68	4.47	5	7
1464088	1464301	214	1.66	2	3
1464713	1464831	119	1.66	1	4
1466230	1466316	87	0.39	0	2
1466791	1466925	135	2.13	3	3
1467646	1467830	185	5.81	3	87
1467905	1468072	168	30.86	13	261
1468532	1468548	17	2.82	2.5	5
1470028	1470050	23	2.09	2	5
1472544	1472799	256	3.20	3	8
1473178	1473192	15	10.73	12	12
1474117	1474166	50	4.22	4	5
1476438	1476645	208	2.56	2	7
1478968	1478981	14	1.36	1	2
1479342	1479347	6	7.33	8	10
1479687	1479790	104	0.17	0	1
1480610	1480669	60	6.13	6	9
1483253	1483333	81	1.75	1	5
1483805	1483815	11	16.00	18	19
1484248	1484264	17	3.12	3	4
1485270	1485281	12	1.83	2	2
1485765	1485779	15	6.93	8	8
1486407	1486427	21	16.57	16	27
1487238	1487406	169	4.92	2	19
1488208	1488220	13	7.15	6	12
1488998	1489054	57	0.88	1	2
1490243	1490389	147	2.37	0	19
1491476	1491520	45	1.69	1	7
1492211	1492322	112	2.46	1	7
1493130	1493131	2	0.50	1	1
1494326	1494337	12	0.92	1	1
1495754	1495768	15	3.73	4	4
1496771	1496817	47	5.74	6.5	7
1497421	1497432	12	4.42	5	6
1498972	1499188	217	2.52	2.5	6
1500245	1500430	186	1.40	1	5
1501250	1501302	53	5.62	5	9
1502182	1502564	383	1.56	0	26
1504491	1504548	58	0.95	1	3
1505395	1505733	339	0.99	0.5	4
1507042	1507125	84	3.38	2	6
1507660	1507662	3	2.67	4	4
1508590	1508591	2	3.50	7	7
1509354	1509465	112	10.85	17	18
1510846	1510860	15	6.67	8	8
1511698	1511715	18	2.22	2	3
1512502	1512589	88	3.92	5	8
1513609	1513637	29	0.90	1	2
1513803	1513954	152	3.35	1	9
1514162	1514235	74	8.28	6	24
1514680	1514833	154	0.62	0	8
1516643	1516739	97	2.80	3	6
1517727	1517743	17	0.41	0	1
1518221	1518237	17	2.18	2	3
1520623	1520627	5	7.60	9.5	10
1520919	1521064	146	0.25	0	2
1522007	1522216	210	2.14	2	5
1523537	1523605	69	1.68	2	3
1524347	1524348	2	7.50	15	15
1528876	1528945	70	2.43	3	6
1529854	1529864	11	0.91	1	1
1530717	1530730	14	26.14	31	33
1531097	1531208	112	2.75	3	6
1532268	1532379	112	5.63	5	10
1532476	1532520	45	5.27	5	6
1532635	1532654	20	12.60	13	14
1532754	1532798	45	9.84	10	12
1534227	1534339	113	1.62	2	2
1534757	1535260	504	1.19	1	4
1535546	1535768	223	3.02	2	28
1536372	1536546	175	0.29	0	2
1536898	1536970	73	50.14	47	91
1537166	1537266	101	22.86	23	29
1537744	1538169	426	4.95	3	31
1538941	1539093	153	1.71	1.5	3
1540015	1540061	47	0.98	1	1
1542280	1542364	85	7.26	7	17
1543307	1543413	107	1.41	1	2
1544239	1544320	82	2.24	2	4
1546928	1547038	111	3.41	3	5
1549496	1549619	124	1.63	1	4
1551078	1551128	51	3.90	5	5
1552437	1552497	61	2.54	2	4
1554478	1554505	28	5.71	6	6
1556951	1556964	14	2.43	3	3
1559062	1559173	112	2.24	2	6
1559639	1559730	92	1.05	1	2
1562512	1562513	2	0.50	1	1
1564899	1565096	198	2.56	3	7
1566762	1566959	198	2.19	2	12
1572742	1572995	254	1.63	1	4
1574658	1574661	4	0.75	1	1
1575250	1575343	94	4.41	4	6
1576796	1576987	192	4.62	3	25
1577237	1577254	18	0.00	0	0
1578143	1578177	35	2.89	2	8
1580029	1580288	260	1.37	1	5
1581195	1581482	288	7.59	2	25
1581900	1582015	116	1.04	1	2
1583879	1584008	130	3.18	3	6
1584561	1584628	68	1.87	2	3
1585283	1585431	149	1.34	1	5
1586644	1586653	10	4.80	5	6
1587380	1587454	75	8.93	6	29
1588085	1588299	215	16.43	15.5	28
1590904	1591186	283	3.33	1	11
1593276	1593290	15	6.47	7	10
1593789	1594007	219	3.60	3	11
1594393	1594485	93	5.41	5	8
1595419	1595425	7	2.57	3	3
1595975	1596314	340	4.18	0	17
1596798	1596816	19	4.79	5	7
1597312	1597535	224	2.19	2	3
1598289	1598394	106	0.21	0	1
1600617	1600629	13	2.77	3	3
1601629	1602050	422	5.87	2	19
1603413	1603504	92	3.33	2	12
1605038	1605156	119	3.67	2	10
1607179	1607180	2	1.00	2	2
1610829	1610941	113	3.30	2.5	8
1611806	1611890	85	0.40	0	2
1612953	1613275	323	1.81	1	10
1614227	1614297	71	1.34	2	3
1615156	1615232	77	3.04	3	6
1616514	1616563	50	2.78	2	6
1618211	1618240	30	1.77	2	3
1619318	1619336	19	2.32	2	3
1620753	1620906	154	4.16	4	7
1621984	1622092	109	0.56	0	8
1624021	1624043	23	2.13	2	3
1625232	1625403	172	1.83	2	3
1626343	1626456	114	2.81	1	10
1627309	1627324	16	0.94	1	1
1629006	1629022	17	2.82	3	3
1629512	1629565	54	2.30	2	5
1630646	1630685	40	1.02	0	5
1631586	1631711	126	4.49	4	13
1632171	1632196	26	1.04	1	2
1632518	1632525	8	2.75	3	4
1633111	1633196	86	0.99	1	2
1634928	1635003	76	3.14	2	10
1635874	1635875	2	4.50	9	9
1637043	1637098	56	18.45	23	25
1638320	1638410	91	2.58	2	11
1641204	1641551	348	1.37	1	18
1642833	1642972	140	1.11	1	4
1644101	1644168	68	2.76	3	6
1644424	1644479	56	2.00	2	3
1645674	1645853	180	2.16	2	5
1647204	1647367	164	1.66	1	15
1649432	1650042	611	1.94	2	6
1650914	1651202	289	7.66	4	26
1651759	1651845	87	3.56	3	22
1652986	1653425	440	2.83	2	13
1653705	1653905	201	2.15	2	13
1654699	1654724	26	10.23	11	11
1655919	1655930	12	20.33	22	24
1656213	1656334	122	1.31	1	2
1656617	1656682	66	43.35	43	54
1658324	1658398	75	14.41	2	106
1659110	1659164	55	3.22	3	4
1660188	1660189	2	40.00	80	80
1660772	1660870	99	0.79	0	3
1663298	1663368	71	5.14	3	12
1664698	1664708	11	2.00	2	4
1665570	1665584	15	19.87	22	22
1666308	1666492	185	5.57	5	15
1666997	1667000	4	6.75	9	9
1668207	1668279	73	1.21	1	2
1668835	1668890	56	0.54	0	2
1669605	1669705	101	18.62	6	98
1670012	1670114	103	1.93	2	3
1670412	1670492	81	1.88	2.5	4
1673187	1673235	49	5.39	6	6
1673632	1673701	70	4.71	5	6
1677611	1677659	49	4.84	5.5	7
1678113	1678427	315	1.33	1	6
1681065	1681169	105	4.04	3	7
1681491	1681649	159	4.15	4	15
1682595	1682604	10	17.10	19	19
1683544	1683545	2	1.00	2	2
1684173	1684352	180	2.31	2	6
1684620	1684900	281	2.37	2	8
1685375	1685431	57	2.11	3	3
1685726	1685844	119	2.13	3	5
1686193	1686280	88	3.64	4	5
1687331	1687352	22	6.86	7	9
1688939	1689541	603	1.62	1	10
1696079	1696209	131	11.78	8	26
1697191	1697224	34	9.29	10	10
1699464	1699467	4	0.75	1	1
1700482	1700548	67	2.37	2	4
1700637	1701023	387	1.18	1	3
1713309	1713335	27	7.81	8	9
1715094	1715440	347	0.92	1	2
1716797	1716846	50	3.82	4	5
1717438	1717474	37	2.35	2	3
1717646	1717648	3	1.33	2	2
1718219	1718306	88	1.20	1	2
1719258	1719259	2	1.50	3	3
1719857	1719960	104	7.05	7	10
1721224	1721508	285	2.04	0	20
1721581	1721629	49	62.47	63	74
1721702	1721731	30	306.07	311	362
1721814	1721821	8	763.62	872	887
1721896	1722058	163	51.00	4	462
1724213	1724260	48	2.75	3	4
1726049	1726060	12	0.92	1	1
1728437	1728785	349	1.55	2	5
1729221	1729524	304	1.44	1	5
1731369	1731468	100	3.34	3	6
1732615	1732629	15	1.67	2	3
1733434	1733667	234	1.38	1	7
1734118	1734120	3	8.67	13	13
1734364	1734387	24	2.83	3	4
1734862	1734873	12	11.00	12	12
1736011	1736161	151	0.31	0	2
1737161	1737213	53	0.26	0	1
1738183	1738246	64	3.09	2	8
1738571	1738674	104	6.94	4	22
1739701	1739845	145	0.83	0	11
1741220	1741410	191	0.13	0	3
1742203	1742214	12	4.25	5	5
1742998	1743072	75	1.13	1	2
1744510	1744683	174	1.74	0	10
1745599	1745636	38	2.11	2	3
1746372	1746466	95	0.12	0	1
1747115	1747438	324	3.03	2	9
1748561	1750247	1687	8.32	5	55
1750764	1750791	28	0.36	0	1
1751302	1751469	168	5.04	5	9
1752070	1752081	12	1.83	2	2
1752616	1752863	248	7.55	6	19
1753842	1754083	242	15.54	16	23
1754549	1754712	164	0.55	1	3
1757806	1757824	19	0.05	0	1
1758245	1758305	61	2.46	2	4
1759826	1759970	145	1.48	2	4
1761015	1761122	108	0.45	0	1
1762167	1762188	22	4.64	4	6
1763317	1763321	5	3.00	3.5	5
1763769	1763920	152	1.83	2	3
1764248	1764260	13	8.92	10	11
1764990	1764999	10	2.50	3	3
1765924	1766062	139	5.53	3	16
1766996	1767221	226	3.02	1	14
1767687	1767710	24	0.42	0	1
1768596	1768675	80	3.31	4	4
1775831	1776511	681	2.83	3	7
1777091	1777096	6	8.50	10	11
1777685	1777690	6	2.67	3	4
1779809	1779827	19	2.84	3	3
1782882	1782918	37	0.81	1	2
1784281	1784313	33	0.97	1	1
1785081	1785162	82	1.45	1	2
1789037	1789250	214	0.21	0	2
1789884	1789965	82	6.82	5	17
1791991	1792057	67	1.06	1	2
1793483	1793561	79	1.22	1	2
1794123	1794200	78	4.08	4	11
1794831	1794934	104	1.66	2	3
1796222	1796270	49	3.49	3	5
1797342	1797531	190	6.09	4	19
1798225	1798692	468	3.92	1	158
1798766	1798956	191	2.52	1	38
1799926	1799948	23	11.09	11	13
1801586	1801819	234	4.89	5	8
1802288	1802293	6	3.00	4	4
1803500	1803517	18	9.00	10	11
1806295	1806381	87	4.78	2	13
1806892	1806991	100	0.96	1	2
1818761	1818884	124	10.80	10	25
1820307	1820459	153	1.08	1	5
1821624	1821784	161	4.28	2	9
1823745	1823746	2	0.50	1	1
1824512	1824677	166	1.52	2	2
1825761	1825818	58	5.33	5	7
1829251	1829255	5	4.00	5	5
1829970	1830111	142	3.78	3	14
1832755	1832807	53	6.83	7	11
1832991	1833118	128	1.71	1	5
1833443	1833481	39	3.38	3	7
1834697	1834809	113	4.16	3	12
1836082	1836103	22	18.45	19	21
1836353	1836367	15	1.00	1	2
1836650	1836703	54	4.98	5	8
1837331	1837368	38	1.58	1	4
1837873	1837906	34	15.24	15	18
1839481	1839702	222	3.97	3	9
1840775	1840791	17	9.12	9	14
1841515	1841519	5	3.20	4	4
1842078	1842082	5	7.20	9	9
1842941	1842978	38	8.50	9	9
1845028	1845170	143	6.75	6	10
1846290	1846732	443	40.79	41	99
1847036	1847041	6	6.00	7	8
1847330	1847503	174	2.90	0	38
1848050	1848063	14	3.86	5	5
1848682	1848693	12	1.50	2	2
1849135	1849183	49	9.78	10	12
1850102	1850386	285	0.39	0	3
1850837	1851027	191	1.18	1	2
1851487	1851549	63	3.41	3	4
1852894	1853200	307	4.68	3	13
1854641	1854643	3	0.00	0	0
1855532	1855720	189	11.34	1	75
1856992	1857042	51	1.88	2	3
1858039	1858254	216	4.88	4	10
1859110	1859398	289	5.56	4	14
1860698	1860939	242	1.50	0	16
1864709	1864716	8	0.88	1	1
1865695	1865786	92	5.03	5	6
1867017	1867031	15	1.87	2	2
1867590	1867645	56	1.50	2	2
1869257	1869565	309	1.73	2	3
1869860	1869883	24	6.96	8	11
1870808	1870822	15	2.80	3	3
1871336	1871443	108	0.44	0	1
1871666	1871682	17	2.76	3	3
1872709	1872726	18	0.00	0	0
1873141	1873189	49	0.00	0	0
1874324	1874604	281	110.11	10	393
1874894	1875022	129	3.00	3	6
1875284	1875422	139	1.92	2	4
1876090	1876214	125	4.67	0	14
1877349	1877397	49	0.00	0	0
1877812	1877973	162	0.94	1	2
1878400	1879062	663	3.31	2	16
1880154	1880158	5	1.60	2	2
1880306	1880375	70	12.01	12	15
1880619	1880625	7	1.43	2	2
1882684	1883602	919	2.27	1	15
1884050	1884362	313	8.26	2	30
1884801	1884811	11	3.09	3	5
1886912	1887063	152	6.74	8	11
1887517	1887520	4	0.00	0	0
1887770	1888066	297	0.78	0	3
1888421	1888674	254	2.75	3	7
1890216	1890443	228	0.82	1	2
1892565	1892582	18	1.94	3	3
1892973	1892974	2	0.00	0	0
1893254	1893294	41	0.00	0	0
1893778	1893784	7	0.14	0	1
1902464	1902930	467	4.36	4	9
1903639	1903823	185	2.61	3	4
1904607	1904617	11	2.82	3	4
1906885	1906991	107	2.00	1	6
1907211	1907216	6	23.33	28	29
1908503	1908570	68	1.65	2	3
1909591	1909649	59	0.63	1	1
1911376	1911658	283	2.61	0	30
1913663	1913857	195	1.31	1	5
1914578	1914597	20	9.85	10	11
1918693	1919114	422	5.70	5	12
1919241	1919527	287	4.19	4	10
1921154	1921203	50	3.52	3	9
1922077	1922215	139	13.88	3.5	30
1923350	1923398	49	0.00	0	0
1923813	1923958	146	1.79	2	2
1924196	1924198	3	3.33	5	5
1924442	1924453	12	13.08	15	15
1924673	1924839	167	2.08	2	5
1925812	1926346	535	7.01	3	37
1927592	1928342	751	108.59	6	937
1928919	1929652	734	2.62	2	10
1930088	1930239	152	1.33	1	4
1931137	1931537	401	0.97	0	4
1932510	1932584	75	3.12	3	6
1933380	1933454	75	5.25	6	6
1934199	1934340	142	1.49	1	3
1935313	1935559	247	1.04	1	2
1935965	1936082	118	9.52	9	16
1936923	1937002	80	3.42	3	5
1937396	1937496	101	5.31	5	13
1937740	1937813	74	5.05	5	6
1938165	1938540	376	13.96	4	53
1939920	1939939	20	8.20	9	9
1941950	1941972	23	6.70	7	7
1942399	1942616	218	164.81	11	437
1943085	1943107	23	3.48	3	5
1943447	1943494	48	5.27	4	16
1944965	1944977	13	5.15	6	6
1945711	1945712	2	4.00	8	8
1948548	1948552	5	12.00	15	15
1948949	1948963	15	6.20	6.5	8
1950416	1950429	14	20.71	23	23
1951312	1951313	2	3.00	6	6
1951956	1951961	6	8.33	10	10
1952325	1952349	25	11.36	12	12
1952737	1952753	17	6.53	7	8
1953311	1953499	189	4.13	4	11
1953881	1953914	34	8.62	9	10
1957152	1957153	2	4.50	9	9
1957658	1957662	5	0.00	0	0
1959183	1959184	2	4.50	9	9
1959812	1959972	161	4.40	5	7
1960231	1960345	115	2.40	2	6
1960706	1960787	82	4.24	5	6
1961193	1961220	28	1.21	1	2
1961899	1962006	108	2.04	2	4
1962436	1963255	820	25.34	8	137
1965305	1965466	162	2.73	2	7
1965983	1966461	479	2.71	1	10
1967170	1967710	541	1.55	1	6
1968795	1968978	184	1.62	2	2
1969432	1969448	17	9.88	8	19
1970994	1971085	92	11.93	6	29
1971239	1971663	425	4.82	3	22
1972066	1972282	217	7.29	6	16
1972598	1972852	255	31.23	25	56
1974455	1974825	371	27.00	26	42
1977016	1977325	310	14.81	16	29
1978070	1978359	290	2.72	2	10
1978876	1978880	5	9.20	11.5	13
1979502	1979595	94	2.10	2	5
1980796	1980898	103	20.06	16	54
1981229	1981269	41	73.05	78	87
1981717	1981741	25	57.32	57	84
1982111	1982331	221	2.48	3	4
1983430	1983603	174	3.86	4	6
1984216	1984289	74	5.19	5	8
1984686	1984726	41	12.83	13	15
1984871	1984909	39	23.36	25	29
1985060	1985114	55	33.25	38	64
1985721	1986315	595	2.83	1	29
1986766	1987101	336	3.32	2	8
1987585	1987595	11	5.64	6	8
1988352	1988532	181	2.95	3	5
1989721	1989881	161	6.44	6	21
1992076	1992086	11	5.82	6	7
1993446	1993459	14	4.29	4	6
1994282	1994381	100	26.06	29	143
1994465	1994706	242	43.21	3	130
1995775	1995789	15	1.53	1	3
1996891	1997011	121	2.05	2	3
1998497	1998771	275	2.29	1	6
1999528	1999579	52	3.77	4	5
2000849	2000861	13	21.69	21	38
2003836	2004163	328	0.90	0	21
2005607	2005722	116	2.50	3	3
2006806	2006887	82	11.44	12	19
2007485	2007615	131	4.85	5	14
2008354	2008357	4	9.00	12	12
2008808	2008963	156	0.93	1	2
2009850	2009900	51	8.65	7	20
2010483	2010551	69	2.74	2	6
2011641	2011892	252	7.12	6	19
2012301	2012390	90	1.60	2	3
2013045	2013096	52	3.98	4	5
2014498	2014515	18	20.94	22	24
2015239	2015351	113	2.15	1	6
2016054	2016121	68	9.40	9	12
2018300	2018449	150	4.47	4	24
2020419	2020528	110	1.66	2	3
2020727	2020873	147	0.73	0	3
2021891	2021973	83	0.05	0	1
2022448	2022559	112	8.54	7	34
2023454	2023758	305	10.39	4	31
2024353	2024469	117	3.98	4	10
2024914	2024919	6	6.67	8	8
2025322	2025501	180	1.21	1	2
2027911	2028201	291	5.26	4.5	13
2029087	2029088	2	3.50	7	7
2030337	2030647	311	1.57	1	10
2031611	2031725	115	2.39	2	5
2032620	2032636	17	3.24	3	4
2033962	2033979	18	3.72	4	4
2034649	2034910	262	2.23	2	12
2035292	2035396	105	9.60	9	14
2037461	2038315	855	4.63	3	24
2046590	2047244	655	8.05	8	28
2048178	2048249	72	0.21	0	1
2048538	2048551	14	2.79	3	3
2049289	2049290	2	5.50	11	11
2049957	2050027	71	17.97	15	32
2050712	2050810	99	1.42	1	4
2051030	2051033	4	1.50	2	2
2051487	2051490	4	0.75	1	1
2052172	2052224	53	1.28	1	2
2054436	2054652	217	1.03	0	4
2055829	2055891	63	6.13	6	9
2056642	2057098	457	3.74	3	18
2058281	2058354	74	9.70	8	22
2060455	2060546	92	13.04	12	31
2061015	2061147	133	16.01	14.5	33
2061520	2061680	161	1.83	2	6
2062539	2062596	58	2.79	2	5
2063005	2063078	74	9.99	10	14
2063895	2063896	2	0.50	1	1
2065457	2065509	53	4.58	5	8
2066212	2066246	35	7.66	8	9
2066673	2066678	6	7.83	10	11
2068131	2068301	171	4.04	4	9
2069049	2069070	22	7.95	8	10
2069563	2069614	52	3.63	4	6
2069912	2069939	28	5.89	6	8
2070495	2070496	2	0.50	1	1
2071445	2071780	336	7.65	7	15
2072117	2072216	100	3.48	1	17
2073099	2073213	115	1.30	0	10
2074685	2074704	20	12.55	13	14
2075302	2075443	142	0.13	0	1
2075891	2075904	14	2.79	3	5
2076658	2076805	148	1.91	2	7
2077916	2077920	5	12.40	16	16
2078194	2078202	9	0.00	0	0
2079292	2079388	97	6.22	5	19
2081042	2081172	131	10.06	9	19
2082652	2082908	257	0.81	0	9
2084076	2084092	17	16.00	17	18
2087149	2087234	86	2.83	3	9
2088384	2088420	37	0.00	0	0
2088931	2088972	42	1.48	2	2
2089225	2089236	12	0.50	0	2
2090284	2090301	18	0.94	1	1
2090812	2090916	105	3.27	3	9
2092138	2092154	17	10.29	10	18
2092749	2092754	6	9.17	11	11
2093376	2093377	2	1.50	3	3
2095383	2095387	5	16.80	21	21
2096726	2097055	330	3.38	2	10
2097365	2097555	191	0.13	0	1
2097982	2098026	45	5.00	5	6
2099398	2099413	16	18.88	21	21
2100281	2100306	26	4.58	5	6
2101846	2101860	15	3.27	3.5	4
2102407	2102422	16	18.38	19	21
2102891	2102957	67	2.64	2	6
2103210	2103310	101	0.12	0	1
2104106	2104619	514	0.58	0	2
2105280	2105281	2	1.00	2	2
2107169	2107550	382	0.88	0	12
2107998	2108066	69	1.54	1	3
2108283	2108539	257	0.98	1	13
2110961	2111327	367	1.23	0	4
2113200	2113201	2	9.50	19	19
2113508	2113634	127	0.06	0	1
2113764	2113787	24	0.96	1	1
2115039	2115304	266	1.02	0	5
2116811	2117342	532	3.05	2	8
2117991	2118532	542	0.34	0	3
2120071	2120148	78	0.00	0	0
2120222	2120411	190	0.00	0	0
2123397	2123526	130	0.00	0	0
2123641	2124059	419	0.32	0	1
2124678	2124956	279	3.55	2	9
2125662	2125848	187	0.35	0	2
2126116	2126128	13	3.31	4	4
2128085	2128090	6	11.83	15	15
2128969	2129291	323	14.56	8	39
2130411	2130789	379	4.75	2	18
2131285	2131620	336	3.23	3	7
2132023	2132107	85	0.08	0	1
2133498	2133839	342	0.50	1	1
2134233	2134345	113	0.42	0	1
2136243	2136355	113	11.28	16	21
2136548	2136848	301	14.98	11	43
2137500	2137688	189	7.31	6	15
2138648	2138783	136	8.64	5	17
2139096	2139227	132	10.14	10	16
2139474	2139935	462	8.10	8	26
2143232	2143368	137	6.28	5	19
2143798	2143885	88	1.20	1	2
2144417	2144429	13	1.08	1	2
2145744	2145990	247	5.78	2	28
2146064	2146072	9	326.00	378.5	392
2146146	2146602	457	17.94	12	96
2147998	2148076	79	4.29	4	10
2148539	2148665	127	5.86	3	21
2150124	2150273	150	0.89	1	3
2152851	2152985	135	10.22	10	14
2153799	2153804	6	7.50	9	9
2154899	2155034	136	2.27	2	7
2155596	2155597	2	4.50	9	9
2156021	2156023	3	6.67	10	11
2156780	2156952	173	1.09	0	6
2157859	2157862	4	12.75	17	17
2159731	2159735	5	7.20	9	9
2160516	2160532	17	5.29	6	6
2161205	2161208	4	1.50	2	2
2163006	2163152	147	1.51	2	2
2164098	2164115	18	5.44	5	7
2165586	2166196	611	3.10	2	8
2168400	2168699	300	2.03	3	4
2169447	2169610	164	2.26	2	6
2170634	2170664	31	1.13	1	2
2171646	2171712	67	6.01	7	8
2173461	2173649	189	3.34	2	22
2175951	2176078	128	2.79	2	9
2177264	2177377	114	3.36	4	5
2178236	2178425	190	0.87	0	3
2179398	2179452	55	0.64	1	2
2181884	2181888	5	1.60	2	2
2182837	2182851	15	2.40	2.5	4
2184442	2184565	124	16.42	15	33
2185286	2185410	125	0.41	0	5
2186323	2186451	129	0.91	1	2
2186845	2186931	87	1.36	1	6
2188306	2188392	87	3.21	3	5
2190729	2190805	77	2.77	2	5
2191316	2191504	189	2.93	2	10
2192132	2192148	17	9.47	10	11
2194657	2194813	157	6.07	6	18
2195777	2195793	17	25.94	28	29
2196532	2196569	38	15.13	11	26
2197932	2197948	17	18.29	19.5	26
2199224	2199280	57	7.32	9.5	10
2200265	2200677	413	7.41	6	20
2202250	2202284	35	16.03	18	23
2203242	2203460	219	0.52	0	3
2204967	2204977	11	7.55	8	9
2206954	2207068	115	7.48	5.5	12
2208086	2208106	21	0.05	0	1
2208983	2209050	68	4.22	5	6
2210054	2210317	264	88.57	21	268
2210627	2210645	19	70.37	62	104
2211270	2211287	18	72.06	79	88
2212190	2212212	23	93.57	97	112
2213032	2213060	29	27.59	21	73
2213334	2213346	13	47.62	43	85
2213677	2213695	19	101.11	105.5	125
2214401	2214416	16	83.94	83	101
2214825	2214826	2	14.50	29	29
2215016	2215017	2	38.00	76	76
2215270	2215468	199	0.53	0	6
2218073	2218271	199	116.45	6	570
2218641	2218655	15	116.20	130.5	145
2218965	2218984	20	5.80	5	12
2219522	2219535	14	271.14	298	322
2219839	2219877	39	131.69	165.5	181
2220268	2220286	19	48.42	47.5	66
2220818	2220833	16	52.25	55	58
2221185	2221202	18	51.44	54	58
2221701	2221706	6	44.33	54	54
2221887	2221893	7	38.86	45.5	50
2222326	2222335	10	69.00	78	79
2223659	2223688	30	4.27	4	5
2223800	2223859	60	21.25	21	31
2224300	2224317	18	213.89	186	317
2224705	2224736	32	167.91	165	239
2225355	2225389	35	56.03	61	63
2226377	2226420	44	61.75	63	68
2226805	2226876	72	2.42	1	8
2227561	2227567	7	1.71	2	2
2228843	2228918	76	1.16	0	8
2229156	2229252	97	1.62	2	3
2229395	2229505	111	5.00	5	11
2230148	2230380	233	8.23	4	50
2231032	2231054	23	0.87	1	1
2232372	2232385	14	19.57	21	22
2234621	2234653	33	6.79	7	7
2235008	2235056	49	12.92	13	19
2237301	2237621	321	1.14	1	5
2238087	2238115	29	7.62	8	8
2239331	2239334	4	65.75	89	89
2239785	2239786	2	51.50	103	103
2240513	2240578	66	27.27	29	38
2241824	2241993	170	39.22	40	56
2243481	2243486	6	3.33	4	4
2243742	2243759	18	15.56	16	18
2244006	2244092	87	55.78	63	77
2247909	2247934	26	3.42	3	5
2248358	2248439	82	4.45	3	11
2248881	2248893	13	6.38	7.5	9
2249479	2249489	11	16.27	18	19
2251779	2251921	143	6.82	4	18
2253152	2253179	28	1.71	2	3
2253837	2253934	98	1.92	1	12
2255111	2255112	2	8.00	16	16
2255707	2255898	192	4.36	4	6
2256232	2256455	224	3.35	3	7
2256843	2256905	63	4.40	4	6
2257485	2257635	151	3.39	3	6
2258641	2258699	59	3.05	3	4
2259267	2259421	155	0.71	0	3
2259899	2260000	102	6.26	8	12
2261357	2261444	88	3.25	2	14
2263068	2263069	2	13.00	26	26
2263651	2263667	17	67.88	69	90
2263800	2263857	58	2.38	0	30
