#start	end	length	mean	median	max
1	248	248	22.52	20	78
855	888	34	3.88	3	9
2967	3056	90	2.76	3	4
4456	4499	44	3.43	4	4
5346	5350	5	0.80	1	1
6332	6375	44	5.52	3	31
7429	7554	126	1.94	2	4
10477	10495	19	0.32	0	1
10649	11142	494	0.66	1	2
11758	11766	9	3.56	4	4
11944	12049	106	42.57	2	999
13878	13919	42	2.00	2	10
15312	15588	277	20.32	5	127
20193	20198	6	0.83	1	1
21006	21512	507	5.49	2	135
22490	22597	108	602.84	21	2014
23840	23894	55	1.78	1	16
26755	26804	50	22.40	3	94
29459	29590	132	424.63	1	2914
30086	30201	116	0.84	1	5
31188	31266	79	19.57	1	157
31732	32274	543	6.97	4	30
34000	34255	256	2.55	2	6
35255	35369	115	3.63	3	22
36380	36666	287	3.99	3	8
37318	37478	161	2.01	1	13
37809	38480	672	3.71	1	368
40260	40263	4	6.00	8	8
41526	41789	264	14.99	8	48
42531	42977	447	723.55	5	7996
43365	43433	69	3.77	2	55
43827	43862	36	3.39	1	30
48514	48738	225	1.29	1	3
48812	48832	21	20.67	16.5	39
49277	49343	67	0.84	1	2
49428	49747	320	20.88	3	168
50182	50237	56	12.09	8	164
51204	51206	3	3.33	5	5
52203	52206	4	25.50	34	34
56367	56375	9	23.44	27	29
58383	58396	14	36.21	35	67
59322	59334	13	460.54	554	584
59830	59852	23	672.52	980	1109
61149	61274	126	1.33	1	3
61686	61718	33	3.03	3	4
62817	62826	10	55.40	56	86
66326	66379	54	2.30	1	24
66833	66853	21	1.10	1	2
69991	70053	63	1.89	2	3
72677	72730	54	6.72	7	9
72867	73707	841	2.73	1	209
74098	74313	216	45.57	2	426
77905	77944	40	26.82	7	94
78063	78292	230	37.39	16	1850
79421	79466	46	7.50	2	29
80370	80425	56	1.71	1	28
82510	82517	8	1.75	2	2
84150	84239	90	2.98	3	5
85732	85751	20	5.40	2	13
87811	87869	59	11.47	2.5	77
88608	88677	70	501.94	11	1235
89371	89414	44	19.86	4	158
93197	93240	44	4.61	1	33
95847	95901	55	2.20	1	23
96560	96567	8	1.75	2	2
97030	97074	45	1.91	2	3
102100	102131	32	0.53	1	1
103236	103508	273	1.27	1	3
104169	104245	77	19.62	2	333
105146	105255	110	1566.65	1112	5814
107820	108315	496	2.08	1	7
109135	109170	36	2.36	1	12
110050	110093	44	6.66	1	38
110802	111000	199	21.75	6	89
111394	111845	452	45.78	7	349
112272	112357	86	1.86	2	3
112799	112902	104	0.79	1	2
113857	114649	793	10.60	5	78
115022	115475	454	2.09	2	8
117072	117301	230	2.84	2	21
118265	118420	156	1.02	1	2
119636	121316	1681	73.61	4	2605
122187	122558	372	1.81	2	6
122653	122785	133	2.74	1	41
124019	124662	644	7.51	4	30
126645	127133	489	1.04	1	22
127761	127805	45	1.82	2	4
130014	130069	56	7.23	2	238
131126	131129	4	3.75	5	5
132343	132411	69	291.97	12	2230
136352	136397	46	736.80	12	2885
137086	137127	42	2.57	3	3
138061	138350	290	1.78	2	3
138443	138496	54	16.44	3	176
140721	140782	62	0.81	1	2
142568	142611	44	7.68	2	64
143179	143194	16	2.31	2	3
143363	143427	65	1385.29	74	3817
143938	143941	4	122.50	163	164
145229	145234	6	2.50	3	3
146725	146791	67	18.79	6	169
146987	147002	16	6.69	5	10
147276	147342	67	38.45	5	223
149650	150043	394	18.57	6	139
150950	151632	683	3.30	2	28
156676	156922	247	3.32	3	6
159969	159971	3	3.33	5	5
161088	161091	4	1.50	2	2
162076	162108	33	3.12	2	18
163912	164313	402	41.43	2	446
165572	165618	47	110.15	10	417
166318	166514	197	100.67	1	1290
167653	167914	262	8.50	2	89
169742	169762	21	5.62	1	31
173668	173685	18	13.61	14	26
173947	174055	109	33.40	4.5	267
175928	176020	93	49.26	1	316
176696	176720	25	256.92	18.5	635
177186	177199	14	17.50	18	20
177617	177661	45	815.96	8	2670
179413	179479	67	7.55	3	157
179551	179603	53	3.85	3	8
181379	181818	440	11.29	11	31
184447	184611	165	1706.30	18.5	8006
184682	184777	96	1.98	2	5
184878	185143	266	14.09	1	280
185225	185258	34	9.68	3	135
185565	185591	27	14.96	16	19
186897	186944	48	1046.98	26	3061
187524	187601	78	149.76	3	655
188079	188152	74	3.43	3	8
188603	188610	8	282.62	323	324
188983	189048	66	14.52	10	70
193187	193194	8	14.25	16	17
196569	196576	8	110.75	132	133
196829	197204	376	5.10	1	129
199410	199415	6	15.83	18	21
199599	199625	27	63.37	1	166
199920	199931	12	7.75	9	9
200580	200639	60	6.40	6	11
202014	202017	4	4.25	5	7
203295	203518	224	7.82	4	31
205265	205328	64	44.84	3	880
206298	206336	39	3.15	3	4
206422	206479	58	3.40	1	72
208920	208922	3	4.00	6	6
209970	210096	127	113.88	5	1017
211102	211104	3	21.67	32.5	33
212512	212540	29	2.41	2.5	3
214308	214338	31	41.19	45	56
215554	215579	26	17.23	5	69
216093	216134	42	29.00	27	106
217107	217165	59	254.61	148	515
218707	218718	12	21.83	33	33
220076	220197	122	9.34	9	14
220549	220556	8	0.88	1	1
222268	222724	457	4.49	2	38
222796	222802	7	3.43	4	4
224380	224731	352	11.26	3	87
225035	225252	218	50.17	26	213
226271	226428	158	136.15	19	984
226786	227299	514	1.22	1	23
229996	230048	53	15.45	18	20
231611	231685	75	81.23	1	1549
232865	233033	169	9.80	4	45
233280	233370	91	261.20	7.5	656
233668	233826	159	19.34	18.5	32
236007	236055	49	6.29	1	28
237039	237075	37	13.19	2	40
238354	238362	9	53.33	60	60
239296	239344	49	11.18	3	93
242641	242663	23	1.35	1	2
243027	243064	38	5.68	6	8
243314	243317	4	5.25	7	7
243555	243567	13	19.00	21	22
244714	244747	34	31.97	2	514
246548	246891	344	19.58	5	145
247231	247568	338	5.75	2	35
248922	248995	74	6.50	5	37
249083	249128	46	3.89	3	24
249471	249482	12	338.67	428	629
250587	250594	8	84.25	97	98
252127	252384	258	27.45	7	266
254331	254332	2	3.50	7	7
257011	257013	3	24.00	36	39
258052	258055	4	74.00	98	100
264980	265542	563	77.92	13	928
267995	268424	430	6.26	5	21
270345	270411	67	2.42	3	4
271045	271081	37	3.16	3	4
272165	272168	4	2.25	3	3
274045	274561	517	30.81	4	377
275342	275423	82	5.57	1	107
277512	277513	2	1.50	3	3
279545	279778	234	47.93	4	280
285644	285758	115	1317.32	25	6357
286872	287130	259	10.53	6	46
288430	288530	101	2.96	3	4
289542	289590	49	1.29	2	2
290641	290890	250	1.43	1	5
290976	291002	27	2.22	2	15
291642	291653	12	1.83	2	2
294354	294559	206	12.41	2	250
294878	294926	49	213.31	26	828
296594	296597	4	53.50	71	72
297765	297798	34	24.15	7	312
298597	298871	275	72.16	26	423
299313	299321	9	96.00	108.5	110
300516	300521	6	30.33	36	41
301028	301041	14	373.50	411	415
301516	301576	61	11.89	8	31
303790	303853	64	29.77	3	113
304847	304892	46	24.33	1	100
305292	305562	271	13.17	8	42
306454	306623	170	41.64	15	162
307278	307486	209	5.47	4	117
309466	309521	56	14.07	2	151
310146	310167	22	4.59	5	5
312483	312607	125	1.55	1	18
314963	315001	39	1.03	1	2
315878	315924	47	1.06	1	2
316906	316919	14	2.79	3	6
319238	319314	77	0.99	1	1
320830	320845	16	4.44	5	5
322275	322455	181	2.11	1	57
323944	323984	41	5.59	6	8
326842	326884	43	3.40	3	13
327827	328135	309	1.30	1	38
329294	329318	25	6.72	6	32
330795	330961	167	20.89	20	34
331700	331723	24	2.25	2	3
331797	332168	372	2.03	2	5
333396	333446	51	4.86	1	61
333518	333734	217	47.03	3	1080
337428	337471	44	27.61	27	40
338663	338924	262	4.18	4	10
341199	341831	633	1.91	2	5
341914	341940	27	3.70	3	22
343244	343262	19	20.32	27	28
343530	343537	8	3.50	4	4
343826	343868	43	42.53	4	166
346608	346649	42	5.14	4	16
348366	348368	3	4.00	6	6
348681	348687	7	3.43	4	4
352780	352909	130	2.48	0	58
354942	355008	67	2.16	1	13
357766	357791	26	212.31	226	236
358631	358710	80	40.73	1	109
359353	359363	11	4.45	4.5	6
361010	361015	6	1.33	2	2
361556	361564	9	4.00	4.5	5
362275	362361	87	1507.15	19.5	4753
369632	369636	5	11.60	14.5	15
370516	370521	6	12.33	15	16
370852	370902	51	1621.47	105	5681
371632	371677	46	76.41	4	423
371828	371930	103	2378.51	18.5	8002
372699	372722	24	3.71	4	6
374033	374317	285	16.88	12	65
375380	375410	31	0.97	1	1
377346	377588	243	7.81	3	41
378118	378186	69	138.52	13.5	655
378988	379207	220	66.19	17	812
379835	380198	364	6.20	5	13
380586	380628	43	117.02	158	172
381175	381177	3	1.33	2	2
381823	381850	28	9.07	3	39
384323	384377	55	7.51	1	152
385402	385499	98	9.10	5	77
385659	385793	135	14.36	10.5	37
386721	386882	162	61.70	3	468
386953	387196	244	1.08	1	3
387270	387451	182	40.47	3	192
389445	389484	40	4.85	4	12
390193	390328	136	14.71	7	197
391181	391229	49	12.67	6	32
393587	393597	11	1.09	1	2
395192	395504	313	2.62	2	17
396393	396395	3	90.67	136	136
396957	397122	166	0.40	0	1
398307	398311	5	16.80	21	21
398933	399140	208	6.08	6	30
404991	405272	282	1.32	1	4
406176	406228	53	2.38	2	8
407620	407677	58	0.36	0	1
412066	412195	130	0.09	0	1
413336	413370	35	0.00	0	0
415322	415400	79	4.73	2.5	46
416031	416055	25	0.96	1	1
416392	416430	39	11.64	12	20
417614	417749	136	0.47	0	1
418704	418706	3	0.00	0	0
420328	420470	143	1.30	1	3
421242	421389	148	0.83	0	6
422605	422609	5	0.80	1	1
424307	424520	214	0.17	0	2
426215	426292	78	106.12	36	250
427124	427180	57	0.21	0	1
432185	432473	289	4.79	2	31
433137	433154	18	2.28	2	3
433842	433903	62	7.34	9	25
434366	434782	417	102.97	3	1186
435704	435744	41	1.98	2	3
438547	438551	5	1.60	2	2
439485	439597	113	17.54	9	61
439736	439808	73	38.90	2	829
441157	442548	1392	12.63	2	218
442867	443032	166	12.46	9	80
445133	445283	151	2.37	2	6
445695	445861	167	4.73	4	33
446951	447075	125	1.75	1	18
447331	447337	7	8.00	5	19
447713	447893	181	35.35	1	335
448623	448667	45	1.71	1	3
448980	449345	366	6.04	2	208
449658	450008	351	19.18	4	688
450918	450969	52	20.10	16	82
451327	451339	13	0.92	1	1
451529	451778	250	1.60	1	4
452715	453231	517	4.31	2	18
453319	454794	1476	9.44	2	64
455457	456132	676	3.14	2	28
456916	456947	32	5.56	7	7
460909	460954	46	5.93	3	91
462580	462587	8	2.12	2	3
463665	463666	2	3.50	7	7
464717	464827	111	6.02	4	79
465230	465343	114	36.38	1	197
466163	466223	61	2.84	1	26
466313	466420	108	6.05	2	17
466961	467073	113	7.39	5	17
467476	467824	349	1.53	2	3
468254	470913	2660	3.98	2	98
471862	473188	1327	3.41	2	43
475009	475013	5	1.60	2	2
475872	477076	1205	2.82	2	20
478160	478180	21	1.29	1	2
479360	481137	1778	56.76	1	2689
482101	482448	348	4.59	3	57
483391	484289	899	7.13	2	117
484914	485807	894	8.29	3	56
485880	486103	224	11.77	10	42
488750	488847	98	2.52	3	6
489768	489797	30	501.83	653	1062
490107	490143	37	24.86	40.5	41
491631	491694	64	4.67	1	26
495508	495584	77	117.91	7	505
495885	495892	8	22.88	26	27
496475	496479	5	141.60	177	180
498256	498257	2	33.50	67	67
500430	500452	23	15.87	11	30
500759	500805	47	6.57	7.5	8
502249	502285	37	612.19	19.5	2243
502571	502606	36	6.31	5	15
504220	504259	40	19.02	2	137
506218	506252	35	15.77	7	53
509318	509528	211	161.86	41	834
510808	510844	37	3.08	3	7
512658	512872	215	5.40	4	20
513743	513789	47	3.68	4	6
514162	514275	114	21.36	1	162
516022	516106	85	45.41	8	369
519522	519525	4	1.00	2	2
521492	521495	4	1.50	2	2
525584	525693	110	3.22	2	9
525949	525977	29	11.41	4	103
526374	526401	28	29.71	21	221
527773	527777	5	5.20	6.5	7
529296	529768	473	126.76	26	1342
530117	530118	2	1.00	2	2
530590	530646	57	26.74	2	304
531857	531860	4	95.00	127	128
535866	535931	66	256.35	3	1529
537172	537334	163	12.37	6	41
538800	538819	20	101.40	25	372
539324	539378	55	3.60	1	50
539694	539773	80	1.48	1	2
540164	540201	38	3.82	1	26
543521	543533	13	3.85	4.5	5
551543	551601	59	5.49	5	12
552055	552330	276	55.86	5	431
559122	559124	3	23.67	35.5	36
560545	560614	70	12.40	3	325
561587	561605	19	1.89	2	2
562140	562243	104	7.90	1	351
562793	562835	43	0.86	1	3
563244	563329	86	240.79	29	671
564200	564263	64	6.75	3	96
566068	566142	75	12.75	3	50
567544	567578	35	1.69	2	3
569580	569616	37	152.03	115	703
573933	574063	131	356.79	41	2327
575755	575759	5	0.80	1	1
576727	577066	340	7.61	4	26
579770	579805	36	1.36	2	3
581535	581924	390	899.43	6	8012
584648	584669	22	27.50	2	127
587701	587702	2	3.00	6	6
589944	590216	273	0.38	0	1
590290	590459	170	115.53	6	535
591714	591722	9	2.00	2	3
595009	595384	376	3.01	2	9
595456	595590	135	104.59	62.5	264
596537	596823	287	38.94	12	190
597688	597865	178	240.03	111	842
598433	598476	44	2.18	2	3
598741	598756	16	17.88	3	125
599204	599210	7	2.57	3	3
599796	599800	5	31.80	39.5	52
601208	601226	19	15.95	17	21
601659	601663	5	579.20	837.5	848
602138	602146	9	6.33	7.5	8
604797	604808	12	9.42	10	11
605208	605216	9	67.22	76	79
606645	606654	10	22.70	27	28
607012	607019	8	9.25	9	13
607434	607437	4	26.75	35	37
607780	608047	268	80.71	2	596
608953	608956	4	7.75	10	11
609428	609436	9	15.89	18	19
609857	609894	38	301.11	81	2108
610609	610622	14	38.14	43	52
610866	610869	4	43.00	57	64
611671	611679	9	23.78	28	29
612733	612785	53	475.42	7	1188
616490	616780	291	7.47	5	19
617789	617803	15	6.67	1	44
618389	618400	12	1.42	1	4
620576	620584	9	8.44	9.5	14
622793	622873	81	370.88	433	1074
623573	623596	24	32.83	15	103
623975	624205	231	375.12	7	3019
624918	624927	10	76.80	6	203
625753	625757	5	8.20	10	11
627906	627925	20	23.25	25	29
628649	628749	101	952.37	22	3606
630129	630133	5	3.40	4	5
630782	630824	43	24.84	1	107
635693	635751	59	6.85	7	9
636376	636419	44	23.57	5	67
636759	636768	10	5.40	6	6
637072	637163	92	16.10	2	235
637261	637593	333	2.03	2	4
638008	638013	6	0.00	0	0
638752	639034	283	7.19	2	29
639117	639119	3	2.67	4	5
640446	640496	51	4.43	5	8
640568	640930	363	1.88	2	6
641036	641070	35	4.69	3	43
641974	641975	2	7.00	14	14
642159	642175	17	66.59	57.5	101
642413	642463	51	15.98	7	141
642550	642879	330	19.74	1	992
644637	644709	73	32.32	9	108
646627	646822	196	3.52	3	18
647076	647430	355	12.76	4	51
647656	647795	140	3.49	2	24
647844	648223	380	8.43	2	64
648311	648345	35	7.49	2	35
648832	648845	14	12.64	13	15
649458	649486	29	4.21	1	35
650486	650695	210	12.08	2	340
651890	651905	16	3.12	1	6
652581	652596	16	2.12	2	3
653068	653091	24	64.46	74	125
655742	655981	240	6.37	4	23
657221	657258	38	6.05	4	13
660394	660622	229	85.21	17	492
660950	660961	12	3.25	3	6
661978	662012	35	3.89	4	7
664514	664566	53	177.55	31	524
664834	664869	36	1.36	1	3
664952	665400	449	0.15	0	6
666079	666135	57	58.26	1	342
666188	666287	100	2.70	2	12
667258	667950	693	0.53	0	2
668593	668737	145	0.00	0	0
670136	670642	507	1.48	1	8
671606	671863	258	2.57	2	21
673807	674104	298	0.09	0	1
674657	674908	252	0.64	1	2
675974	677070	1097	0.90	1	7
677850	677872	23	0.00	0	0
678986	679720	735	0.34	0	2
681298	681477	180	0.34	0	1
682591	682697	107	0.34	0	1
683776	683887	112	4.00	1	30
684197	684469	273	0.39	0	2
685889	687241	1353	1.25	1	7
687903	687978	76	0.30	0	1
688524	688770	247	2.97	1	15
688900	689455	556	3.02	1	20
689972	690130	159	0.36	0	9
690533	691117	585	0.74	1	4
691415	691469	55	0.65	1	1
692133	693359	1227	1.37	0	23
694149	695679	1531	0.29	0	2
697836	697867	32	0.50	1	1
698606	699057	452	0.11	0	9
699832	699833	2	0.50	1	1
700164	700408	245	0.30	0	1
700748	700783	36	0.00	0	0
701516	701524	9	1.78	2	2
702572	702574	3	0.67	1	1
703538	703578	41	0.73	0	12
704500	704510	11	0.00	0	0
705063	705263	201	0.48	0	1
705732	705740	9	0.00	0	0
708021	708092	72	1.33	1	2
708390	708599	210	0.07	0	2
709050	709666	617	1.09	1	5
709970	710061	92	0.15	0	2
710965	711880	916	0.65	0	5
713863	713866	4	2.00	3	3
714545	714738	194	0.58	0	2
715267	715706	440	0.00	0	0
716274	716487	214	0.17	0	1
716788	717063	276	6.05	1	38
718471	718610	140	0.81	1	1
719328	720548	1221	3.46	0	29
721521	722532	1012	0.65	0	8
723913	724197	285	1.32	1	3
724507	724599	93	0.96	1	2
724882	725083	202	0.66	0	3
725312	725326	15	0.60	1	1
725483	725781	299	0.81	1	1
726454	727178	725	0.29	0	1
727758	727823	66	0.00	0	0
728735	728963	229	1.19	1	4
729366	729569	204	5.34	5	14
730518	731108	591	1.80	2	5
732030	732173	144	0.90	1	2
732612	732719	108	0.33	0	1
733017	733202	186	0.33	0	1
735078	735134	57	31.54	37	236
735715	736261	547	67.95	39	473
738299	738413	115	278.50	2	4950
739921	739960	40	27.27	12	98
740285	740475	191	365.04	6	3229
741214	741300	87	5.34	3	48
742983	743016	34	12.79	1	193
745779	745780	2	0.50	1	1
749338	749412	75	3905.47	3244.5	7998
751133	751216	84	202.93	4	1944
751880	751956	77	6.99	5	12
754354	754611	258	2.25	2	4
755692	755721	30	6.27	5	20
756054	756107	54	3.83	3	16
760981	760983	3	19.00	28.5	29
761569	761574	6	1.67	2	2
762319	762339	21	2.76	2	9
768230	768341	112	13.20	5	68
769426	769621	196	39.98	28	243
771996	772003	8	1.50	2	3
774008	774063	56	253.55	278	517
775180	775197	18	13.89	15	16
775975	775995	21	93.48	17.5	348
776822	776889	68	7.19	2	149
778395	778427	33	3.33	2	30
778734	778741	8	5.12	3	24
782345	782381	37	18.59	1	74
783420	783433	14	41.79	44	50
784593	784601	9	2.78	3	4
784968	785042	75	12.25	3	78
786042	786060	19	25.11	9	164
786547	786873	327	46.81	15	774
789467	789676	210	189.55	51	1013
789764	789936	173	15.88	8	401
790007	790180	174	0.68	1	2
792704	792760	57	41.00	6	115
794183	794234	52	1208.23	1296	2840
797461	797496	36	18.94	7	218
797653	797720	68	1379.19	4	7753
798957	798965	9	47.11	53	53
799662	799668	7	3.57	4.5	5
800083	800088	6	255.17	300	331
802490	802674	185	93.42	2	781
803554	803979	426	51.67	16	2642
805913	806138	226	71.21	15	374
807531	807633	103	310.63	151	849
808387	808431	45	2.82	1	13
810389	810523	135	38.28	35	76
811619	811636	18	0.61	1	1
813357	813803	447	4.80	1	268
815457	815474	18	4.61	5	6
815988	816328	341	861.53	9	8013
816647	816730	84	51.32	23	272
817031	817143	113	859.40	9	7680
820876	820923	48	156.42	7	749
820973	820989	17	34.65	2	192
823789	824179	391	10.31	2	95
826561	826591	31	5.13	5	8
829348	829349	2	3.50	7	7
829405	829582	178	8.26	6	22
829638	829695	58	32.66	17	129
830089	830093	5	8.00	10	10
832516	832541	26	3.54	3	7
833409	833435	27	4.33	4.5	5
834231	834344	114	41.68	2	538
834525	834556	32	7.22	6	21
835519	835584	66	5.20	2	119
836968	837018	51	1.18	1	6
837781	838168	388	58.04	3	725
839231	839385	155	3.74	3	60
840742	840743	2	7.00	14	14
841257	841378	122	3.39	3	13
843157	843168	12	7.08	9	10
846197	846233	37	38.27	2	576
847500	847515	16	11.44	12	13
849382	849391	10	21.30	6	92
851024	851272	249	2.26	2	5
852765	852825	61	8.57	9	11
853195	853238	44	2.11	2	6
855524	855568	45	60.53	1	278
856502	856746	245	1.20	1	3
859002	859005	4	7.75	10	11
860778	860973	196	3.82	3	12
863091	863101	11	1.09	1	2
864230	864329	100	0.00	0	0
864957	865034	78	0.46	0	1
866439	867402	964	2.73	1	281
868396	868398	3	2.67	4	4
870046	871667	1622	20.68	3	396
873169	873351	183	125.44	91	663
876398	876819	422	21.18	9	272
877939	878057	119	1.82	2	3
878892	878897	6	2.33	2	4
879252	879263	12	5.17	6	6
884100	884107	8	0.88	1	1
884747	884756	10	3.30	3	5
885717	885727	11	29.36	33	33
885810	886454	645	22.84	1	950
886863	886896	34	1.53	2	2
887593	887649	57	2.60	1	11
889621	889656	36	1.89	2	4
890398	890438	41	1.27	1	2
892417	892442	26	1.08	1	2
894618	895428	811	0.95	1	4
897128	897162	35	2.00	2	6
897493	898276	784	2.28	2	9
898371	898749	379	23.03	24	74
901117	901137	21	29.95	35	38
902132	902134	3	0.67	1	1
904830	904865	36	3.39	4	7
905643	905677	35	1.09	1	5
908300	908304	5	42.80	53.5	54
911554	911794	241	2.20	1	46
913773	914083	311	0.56	0	8
915611	915707	97	2.48	1	55
915779	916859	1081	81.64	4.5	1329
917717	917746	30	6.57	6	17
918720	919105	386	2.03	2	24
919943	919946	4	4.50	6	6
920391	920501	111	14.39	0	160
921531	921817	287	3.91	2	19
922730	922766	37	2.59	3	6
924663	924673	11	10.00	11	11
925193	925268	76	39.75	2	1406
925566	925903	338	4.39	1	33
927845	928013	169	1.88	2	4
928695	929425	731	8.73	7	59
931110	932639	1530	8.69	3	176
933701	933740	40	1.32	1	3
934311	934339	29	5.62	5.5	7
935675	935745	71	1.34	1	11
940118	940120	3	0.67	1	1
940583	940675	93	4.51	2	69
942192	942229	38	5.13	1	72
942548	942576	29	2.45	3	3
946058	946070	13	8.69	9	10
947752	948083	332	3.15	1	222
951907	951998	92	10.21	2	323
952725	952758	34	1.35	1	10
953224	953583	360	10.47	6	169
953881	954090	210	36.80	21	92
954472	954676	205	50.17	1	726
954995	955001	7	2.57	3	3
956855	956909	55	2.38	1	36
957402	957453	52	1.63	1	7
957802	957882	81	3.85	2	72
958258	958387	130	1.86	2	3
959069	959103	35	7.80	1	117
959566	959675	110	1.98	0	104
962662	962666	5	0.80	1	1
966095	966100	6	3.33	4	4
968282	968294	13	2.69	3	4
968694	968853	160	5.43	2	46
969283	969296	14	34.21	37	41
969537	969607	71	364.92	4	2718
970448	970657	210	7.46	3	130
971969	972028	60	6.87	6	20
973133	973250	118	7.89	6	17
975453	975476	24	0.96	1	1
976137	976190	54	3.94	1	52
976704	976831	128	537.05	5	2078
979134	979182	49	0.86	1	1
982990	983162	173	0.68	0	3
984276	984426	151	0.59	1	1
985955	986047	93	1.34	1	14
987335	987575	241	1.51	1	5
988089	988134	46	1.07	1	2
988435	988437	3	0.67	1	1
989461	989494	34	12.68	5	94
989939	990747	809	34.77	2	502
991816	991958	143	1.22	1	2
994601	994636	36	3.69	4	5
996189	996525	337	1.36	1	15
998608	998655	48	4.56	4	11
999295	999551	257	2.58	2	27
1000146	1000635	490	1.50	1	39
1001471	1002142	672	1.20	1	9
1003556	1003828	273	3.32	1	20
1004639	1004865	227	2.59	2	13
1005946	1005977	32	1.19	1	2
1008943	1008946	4	2.25	3	3
1011403	1011603	201	9.81	2	111
1014310	1014319	10	3.70	4	5
1015571	1015609	39	0.85	1	1
1016531	1016715	185	2.35	0	41
1018915	1018988	74	5.80	2	56
1020057	1021401	1345	9.13	3	110
1021930	1022009	80	7.66	3	31
1022277	1022566	290	1.54	1	6
1023254	1023273	20	14.65	12	31
1023526	1023931	406	3.35	2	450
1026741	1027340	600	1.18	1	92
1027896	1027898	3	1.67	2.5	3
1028877	1028928	52	1.46	1	7
1029736	1030271	536	31.44	2	411
1031451	1032028	578	1.85	1	38
1033319	1033727	409	2.75	3	6
1034538	1034565	28	0.96	1	1
1037672	1037674	3	1.33	2	2
1038158	1038737	580	5.52	2	97
1039326	1039798	473	64.13	5	401
1040273	1040299	27	5.00	6	10
1040426	1040569	144	18.71	13	49
1042163	1042797	635	20.19	4	4372
1043695	1043803	109	3.65	1	114
1044323	1044349	27	2.96	2	5
1044692	1044710	19	1.53	0	8
1046756	1046761	6	1.67	2	2
1047591	1047746	156	5.17	1	22
1049811	1050457	647	1.55	1	12
1050911	1050957	47	2.36	3	4
1051855	1051990	136	6.34	2	149
1052477	1053474	998	4.09	1	221
1054087	1054106	20	1.05	1	3
1054866	1055183	318	0.92	1	4
1057006	1057451	446	2.19	1	154
1058928	1058963	36	2.83	3	4
1059648	1059883	236	8.19	0	125
1060970	1061043	74	0.50	1	1
1061848	1061850	3	1.33	2	2
1062742	1062805	64	0.69	1	1
1063811	1063916	106	22.20	2	124
1064334	1064501	168	1.65	1	4
1065714	1065791	78	2.36	1	11
1066596	1066731	136	1.33	1	9
1067662	1067669	8	4.38	5	5
1068102	1068108	7	3.43	4	4
1068836	1068849	14	1.64	2	2
1070436	1070593	158	11.89	12	24
1071340	1071440	101	5.06	3	30
1073277	1073915	639	72.84	7	1029
1074306	1074750	445	1.86	1	8
1074919	1074995	77	1.62	1	5
1075197	1075346	150	12.77	6	357
1076397	1076565	169	23.08	3	187
1077172	1077607	436	2.38	2	9
1078291	1078982	692	2.70	2	10
1080214	1080246	33	1.85	1	13
1080883	1081710	828	3.97	1	227
1083103	1083622	520	2.82	1	42
1084757	1084761	5	3.60	4.5	5
1086207	1087402	1196	2.10	1	10
1087952	1087959	8	1.75	2	2
1088494	1088794	301	0.78	1	1
1089805	1089846	42	2.88	2	22
1091144	1091186	43	0.70	1	3
1092939	1092975	37	4.54	2	52
1095296	1095333	38	7.39	1	53
1096339	1096401	63	2.38	2	33
1099120	1099139	20	18.95	21	22
1100184	1100188	5	2.40	3	3
1103425	1103804	380	1.52	2	3
1104817	1105056	240	2.97	2	22
1106020	1106210	191	0.86	1	2
1110512	1111160	649	1.25	1	4
1111410	1111495	86	1.71	2	3
1111931	1112084	154	0.77	1	2
1112409	1112516	108	0.33	0	1
1113726	1113842	117	1.67	2	4
1116321	1116699	379	3.71	3	12
1118056	1118642	587	3.04	1	34
1120945	1121210	266	7.10	5	47
1121784	1122024	241	7.85	1	702
1122271	1122441	171	3.10	2	8
1122655	1122729	75	2.67	3	4
1123042	1123603	562	1.07	1	24
1124345	1124399	55	1.36	1	2
1126652	1126664	13	1.00	1	2
1127118	1127120	3	1.33	2	2
1128387	1128881	495	186.86	2	2734
1129143	1129535	393	11.62	5	47
1129725	1129862	138	1.33	1	3
1130910	1131242	333	1.17	1	3
1131930	1131949	20	12.25	15	20
1132202	1132568	367	2.08	2	13
1133718	1133724	7	0.86	1	1
1135114	1135218	105	1.84	2	5
1135921	1137334	1414	2.32	1	16
1138070	1138279	210	0.73	1	2
1140803	1140957	155	0.78	1	2
1141759	1141771	13	2.62	3	3
1142555	1142642	88	5.11	2	39
1143345	1143416	72	3.07	3	5
1145004	1145078	75	0.95	1	3
1145877	1146468	592	1.14	1	4
1147538	1147632	95	3.87	3.5	14
1148596	1148853	258	1.31	1	7
1149073	1149104	32	11.16	11	16
1150822	1150917	96	10.89	1	96
1151767	1152136	370	1.71	1	16
1153744	1153788	45	15.11	2	290
1155088	1155469	382	2.12	1	271
1158417	1159033	617	13.00	1	192
1160711	1160737	27	1.67	1	3
1161941	1162423	483	1.02	1	4
1162910	1162935	26	0.50	0	2
1163482	1164086	605	1.94	2	7
1164375	1165247	873	5.28	2	30
1167060	1167836	777	6.07	2	84
1168134	1168339	206	5.13	5	13
1169651	1170114	464	3.93	1	115
1172593	1173069	477	12.40	1	574
1174895	1175014	120	3.10	1	13
1176083	1176147	65	0.88	1	1
1176928	1177034	107	5.74	3	38
1179090	1179192	103	1.76	1	10
1180291	1180703	413	1.40	1	6
1181358	1181781	424	1.15	1	5
1182553	1182821	269	0.92	1	3
1183011	1183171	161	3.08	3	6
1183298	1183388	91	11.66	7	50
1183563	1183990	428	4.90	2	35
1184651	1184787	137	152.72	108.5	453
1186004	1186103	100	11.14	13	23
1186689	1187004	316	7.66	1	116
1187809	1187881	73	0.99	1	2
1191943	1191999	57	2.81	2	19
1192996	1193090	95	0.97	1	2
1194270	1194294	25	3.72	4	4
1194772	1194840	69	0.71	1	2
1195525	1195967	443	3.21	2	20
1196903	1196928	26	0.85	1	2
1198051	1198231	181	1.73	1	11
1199215	1199397	183	1.89	1	5
1200694	1200830	137	2.72	3	12
1201347	1201537	191	0.77	1	3
1202501	1202739	239	2.55	2	15
1203460	1203908	449	1.06	1	6
1205939	1206339	401	1.96	1	19
1206727	1207452	726	1.21	1	5
1207840	1208053	214	5.66	3	15
1208870	1209079	210	1.47	0	109
1209929	1210169	241	0.64	1	2
1212009	1212562	554	2.20	1	14
1213676	1213831	156	2.13	2	4
1214789	1214888	100	2.52	2	6
1216905	1216913	9	3.56	4	4
1220195	1221293	1099	8.73	1	135
1221993	1222321	329	1.12	1	5
1223384	1223836	453	3.82	2	45
1224368	1224792	425	3.53	2	14
1225803	1226115	313	2.48	1	13
1226860	1226886	27	1.93	2	2
1227142	1227356	215	19.76	12	62
1227507	1227572	66	0.95	1	2
1227927	1228220	294	2.06	1	137
1231314	1231761	448	1.94	2	5
1232893	1233465	573	128.83	1	3603
1233488	1233489	2	15.00	30	30
1239957	1240457	501	2.00	2	5
1241896	1242455	560	1.56	1	8
1243726	1244178	453	9.02	3	69
1245271	1245342	72	2.81	4	4
1245874	1246614	741	1.21	1	6
1248038	1248040	3	1.33	2	2
1252070	1252228	159	1.45	1	4
1252532	1252535	4	0.75	1	1
1253592	1253639	48	1.40	1	3
1254423	1254482	60	0.67	1	2
1260450	1262047	1598	47.50	1	3650
1262735	1262754	20	6.30	7	9
1263007	1263896	890	1.64	1	10
1264629	1264837	209	0.66	1	2
1265624	1266098	475	0.91	1	4
1266699	1266752	54	0.00	0	0
1267170	1267333	164	0.12	0	2
1267868	1267916	49	13.43	16.5	20
1268145	1268755	611	6.26	1	50
1269443	1269462	20	9.30	10	13
1269715	1270091	377	2.87	3	82
1271319	1271423	105	1.55	1	3
1273032	1273482	451	1.14	1	15
1274440	1275778	1339	152.82	1	6555
1276310	1276501	192	3.67	3	19
1277291	1277304	14	5.29	6	6
1280667	1280803	137	5.14	4	11
1284836	1284839	4	9.75	13	13
1285596	1286106	511	3.10	1	18
1286689	1287312	624	2.44	2	15
1288249	1288533	285	2.96	2	105
1289443	1289655	213	3.15	3	10
1290517	1290518	2	6.00	12	12
1294519	1294536	18	4.28	5	5
1295949	1296029	81	10.06	7	147
1296639	1297152	514	43.47	6	481
1299143	1299448	306	24.90	1	308
1300160	1300680	521	0.89	1	8
1301845	1302691	847	1.80	1	16
1303471	1303473	3	2.00	3	3
1305240	1305636	397	16.98	2	267
1311639	1312126	488	26.74	3	201
1312544	1313282	739	21.65	1	384
1314540	1315180	641	1.25	1	6
1317627	1318062	436	2.41	0	71
1320903	1321235	333	1.36	1	3
1321557	1321631	75	0.91	1	1
1322883	1322990	108	0.81	0	3
1325178	1325624	447	2.11	1	20
1326588	1327715	1128	1.57	1	10
1328946	1330172	1227	1.71	1	63
1331037	1331703	667	2.30	1	24
1332587	1333043	457	3.47	2	38
1333431	1333432	2	1.00	2	2
1334006	1334724	719	1.57	1	15
1336361	1336463	103	1.33	2	2
1336905	1336990	86	1.22	1	3
1337417	1337631	215	9.66	3	47
1338523	1338700	178	3.22	3	9
1339658	1339736	79	1.51	1	4
1339956	1340549	594	27.31	2	332
1340994	1341274	281	10.86	10	26
1341776	1341996	221	12.18	6	47
1342945	1343007	63	2.81	2	16
1343344	1343470	127	3.35	2	38
1344272	1344570	299	5.01	3	24
1345081	1345826	746	4.65	3	26
1346139	1346284	146	3.42	3	7
1347398	1347607	210	2.17	2	57
1347929	1347992	64	4.25	4	8
1348293	1348772	480	1.20	1	3
1349343	1350090	748	1.29	1	7
1350415	1350853	439	683.06	2	8021
1351187	1351269	83	10.34	9	19
1352470	1352554	85	5.66	5	15
1355672	1355906	235	2.99	2	11
1356588	1357487	900	2.28	2	14
1358019	1358058	40	3.00	3	4
1359232	1360280	1049	1.54	1	50
1361544	1361670	127	3.43	2	17
1362560	1362913	354	5.82	3	28
1364006	1364186	181	2.12	2	3
1366794	1366798	5	77.60	98.5	102
1367606	1368466	861	3.40	1	24
1368935	1369372	438	3.25	1	372
1370435	1370640	206	1.99	2	6
1371161	1371296	136	15.03	13	50
1371621	1371860	240	45.40	11	4261
1372683	1373304	622	1.20	1	9
1373656	1373675	20	3.30	3	4
1374216	1374296	81	3.14	3	6
1374576	1374679	104	1.61	2	4
1375359	1375602	244	2.19	1	8
1376839	1377376	538	1.47	1	35
1378373	1378386	14	7.64	8	9
1379359	1379368	10	11.00	13	14
1381003	1381019	17	7.94	8	10
1381551	1381826	276	1.95	1	22
1383180	1383857	678	0.60	1	3
1384881	1384982	102	5.60	2	44
1386135	1386467	333	1.31	1	3
1387890	1388375	486	1.89	1	21
1389021	1389058	38	1.71	2	3
1389866	1390101	236	0.81	1	2
1391332	1391825	494	2.97	1	72
1393116	1393122	7	26.71	31	34
1394733	1395997	1265	9.03	3	84
1397066	1397546	481	7.20	1	73
1398414	1398675	262	9.61	8	27
1399429	1399794	366	2.40	2	9
1401977	1402588	612	43.09	3	534
1403123	1403474	352	4.23	4	12
1403712	1403745	34	0.97	1	2
1404603	1404714	112	11.89	8	23
1405743	1406045	303	5.74	2	19
1406913	1407805	893	1.27	1	6
1408667	1408757	91	2.66	2	4
1409187	1409603	417	1.42	1	5
1410177	1410328	152	4.57	2	101
1411697	1412209	513	1.35	1	9
1414078	1414219	142	1.04	1	2
1414563	1414940	378	6.19	4	22
1415145	1415375	231	1.08	1	4
1416304	1416336	33	0.55	1	1
1416718	1417061	344	0.87	1	2
1418664	1418931	268	2.42	2	10
1419895	1420045	151	1.66	1.5	3
1420628	1420803	176	0.55	1	1
1421209	1421342	134	1.27	1	2
1422708	1422716	9	0.89	1	1
1424693	1424701	9	0.89	1	1
1427852	1428129	278	0.58	1	1
1430014	1430038	25	0.96	1	1
1430930	1431060	131	5.21	2	75
1432558	1432889	332	32.24	16	135
1433739	1433919	181	93.86	0	1738
1434829	1434982	154	1.20	1	3
1435292	1435332	41	1.37	1	2
1435552	1435679	128	1.48	1	25
1437071	1437079	9	1.78	2	2
1439053	1439191	139	60.50	4	225
1439732	1439907	176	5.53	1	148
1441333	1441518	186	1.81	1	4
1443067	1443074	8	0.88	1	1
1444713	1445388	676	1.50	1	9
1446271	1446517	247	1.09	1	3
1448021	1448023	3	6.67	10	10
1448891	1448950	60	0.93	1	4
1449355	1449399	45	3.20	4	5
1449634	1449665	32	5.03	4	13
1450005	1450054	50	6.70	7	9
1450571	1450616	46	3.76	4	5
1450818	1451467	650	0.67	1	3
1452038	1452324	287	6.72	3	36
1453126	1453218	93	2.98	3	4
1453846	1453924	79	1.29	1	8
1454180	1454483	304	0.55	1	1
1455122	1455421	300	0.80	0	6
1455707	1455739	33	1.21	1	2
1456025	1456111	87	0.83	1	2
1456301	1457988	1688	1.87	1	13
1458433	1458557	125	0.75	1	1
1459362	1460175	814	20.54	1	403
1461097	1461286	190	0.42	0	3
1461953	1461979	27	0.19	0	1
1463003	1463137	135	0.47	0	2
1464671	1464741	71	1.61	2	3
1465699	1465988	290	1.59	2	3
1467850	1467985	136	0.46	0	1
1469009	1469359	351	1.48	1	5
1470575	1470613	39	1.69	1	35
1471625	1472102	478	0.76	1	4
1473360	1473379	20	0.00	0	0
1474496	1474710	215	0.89	1	9
1476118	1476857	740	3.02	1	40
1477506	1477946	441	0.98	1	3
1479009	1479403	395	1.58	1	4
1480376	1480657	282	0.79	1	1
1482068	1482199	132	1.39	1	7
1484359	1484422	64	2.47	2	4
1484909	1486445	1537	4.76	1	138
1487180	1487905	726	4.58	1	29
1489451	1489636	186	0.46	0	1
1489979	1489986	8	0.88	1	1
1492474	1492952	479	6.49	1	72
1493196	1493219	24	10.88	11	15
1493847	1493961	115	1.20	1	2
1494684	1495463	780	2.89	2	55
1496427	1496720	294	0.80	1	3
1497681	1497687	7	1.71	2	2
1500630	1501089	460	1.40	1	3
1501561	1501632	72	2.25	2	4
1502695	1502701	7	7.86	9	10
1503113	1503302	190	1.42	1	10
1503696	1504336	641	6.51	2	39
1505561	1506158	598	13.83	1	103
1508565	1508572	8	24.50	28	29
1509536	1509685	150	1.90	2	5
1510058	1510059	2	1.50	3	3
1510711	1511956	1246	2.22	1	580
1512540	1512756	217	2.97	2	89
1514582	1515234	653	5.34	2	51
1516984	1516988	5	0.80	1	1
1519038	1519237	200	6.47	0	117
1519715	1519886	172	1.11	1	3
1521629	1521635	7	2.57	3	3
1525268	1525315	48	1.38	1	3
1526501	1527104	604	2.40	1	71
1527797	1528089	293	2.17	2	11
1530951	1531377	427	0.86	1	4
1532341	1532571	231	16.70	2	94
1533598	1534378	781	2.98	2	14
1534676	1535272	597	16.38	5.5	135
1535603	1535773	171	1.77	1	11
1536593	1536594	2	2.00	4	4
1537020	1537651	632	13.35	3	128
1537916	1538099	184	18.14	8	49
1538880	1539640	761	2.44	1	310
1540334	1540628	295	1.47	1	3
1541262	1541629	368	1.95	1	7
1542279	1542450	172	1.13	1	2
1543102	1543261	160	1.16	1	3
1545242	1545395	154	0.92	0	7
1546782	1547519	738	1.58	1	8
1548414	1548838	425	12.07	6	53
1549067	1549198	132	8.02	4	24
1550071	1550385	315	4.06	3	16
1550773	1551294	522	11.13	4	93
1552048	1552365	318	22.43	1	353
1553095	1553114	20	10.30	11	20
1554482	1554738	257	1.43	2	3
1555336	1555337	2	0.50	1	1
1556730	1557187	458	0.61	1	17
1557623	1558010	388	0.64	1	2
1559349	1559571	223	6.00	1	26
1560046	1560254	209	27.03	24	70
1560483	1560501	19	9.26	9	15
1561027	1561034	8	4.00	5	5
1561485	1561585	101	88.48	2	4282
1562455	1563181	727	4.75	2	33
1563752	1563916	165	2.25	1	9
1565334	1565428	95	2.23	2	3
1570358	1570607	250	2.69	2	8
1571556	1571733	178	14.11	13	38
1572226	1572324	99	13.49	2	42
1574227	1575172	946	3.39	2	21
1575506	1575539	34	126.88	142	177
1576485	1577009	525	53.01	3	482
1577280	1578606	1327	11.16	2	243
1579063	1579813	751	1.72	1	13
1580875	1581264	390	5.35	1	164
1582049	1582628	580	37.64	2	574
1583022	1583347	326	2.76	1	12
1583687	1584093	407	4.29	3	60
1585566	1585641	76	4.57	2	17
1586119	1587104	986	4.83	1	1654
1588095	1589035	941	3.04	2	13
1589732	1590344	613	2.94	1	454
1591353	1592484	1132	2.56	1	17
1592818	1594042	1225	26.11	1	817
1595180	1595236	57	3.14	3	4
1595477	1595910	434	4.61	1	418
1596493	1596568	76	7.91	3	139
1598329	1598377	49	0.98	1	1
1598816	1598846	31	3.68	4	8
1599285	1599438	154	0.99	1	5
1599592	1599777	186	1.81	2	4
1600216	1600301	86	2.56	3	4
1600551	1601030	480	1.51	1	7
1601931	1601949	19	0.95	1	1
1603072	1603298	227	10.22	7.5	31
1604330	1604962	633	8.73	2	49
1605758	1606107	350	1.50	1	3
1606948	1606985	38	7.34	7	10
1607253	1607646	394	5.43	3	23
1608772	1609059	288	5.37	1	43
1609852	1610212	361	0.49	0	2
1611176	1611933	758	6.35	1	105
1613338	1614043	706	0.91	1	4
1616011	1616015	5	3.20	4	4
1616637	1617121	485	1.36	1	4
1617745	1618383	639	1.45	1	6
1619434	1619723	290	3.25	2	12
1619997	1620613	617	168.48	3	3073
1621043	1621251	209	1.84	1	38
1621975	1621976	2	1.00	2	2
1622481	1622938	458	0.70	1	1
1624331	1624332	2	1.00	2	2
1624930	1625186	257	1.09	1	3
1626554	1626573	20	460.65	19	4453
1627303	1627620	318	26.14	1	461
1628374	1628411	38	27.71	29	33
1629025	1629185	161	1.09	1	2
1629624	1629709	86	1.20	1	2
1629959	1630289	331	1.43	1	3
1630515	1630938	424	70.57	2	800
1631896	1632137	242	2.35	2	7
1632357	1632857	501	2.63	1	18
1633278	1633732	455	2.65	2	11
1634240	1634299	60	0.23	0	1
1634711	1634877	167	0.89	1	2
1635061	1635125	65	2.25	2	4
1635654	1635711	58	2.78	2	9
1637692	1638040	349	2.71	2	6
1638668	1638946	279	4.28	3	25
1639643	1639887	245	2.70	1	34
1640419	1640454	36	0.36	0	1
1641640	1641642	3	1.33	2	2
1642831	1642892	62	8.95	1	157
1643490	1644215	726	1.66	1	12
1644784	1645052	269	4.07	2	12
1646010	1646066	57	1.39	1	3
1646847	1646871	25	5.00	7	8
1648300	1648542	243	5.93	4	22
1649679	1650235	557	3.74	1	58
1651220	1651485	266	16.71	10	151
1652525	1652623	99	13.19	2	43
1653488	1653671	184	4.62	1	153
1655256	1655767	512	2.04	1	7
1656209	1656294	86	2.24	1	7
1656721	1657249	529	55.86	4	386
1657835	1658047	213	5.08	3	47
1659861	1660008	148	12.61	4	276
1660525	1660612	88	12.61	9	27
1660979	1661198	220	7.77	1	52
1661895	1662174	280	3.26	2	8
1662926	1663147	222	1.56	1	4
1663382	1663617	236	1.48	1	11
1663746	1663852	107	1.49	1	4
1664750	1664859	110	3.03	2	48
1665346	1665409	64	17.39	22	31
1667569	1667700	132	1.97	1	45
1669111	1669309	199	19.46	7	107
1670438	1670733	296	3.11	3	8
1671337	1671466	130	1.25	1	9
1672632	1672676	45	1.67	2	2
1673160	1673440	281	9.28	2	45
1674492	1674960	469	1.62	2	6
1675588	1675626	39	41.77	5	343
1676368	1676421	54	1.81	1	3
1677355	1677377	23	1.48	0	17
1678212	1678370	159	1.43	1	13
1679211	1679249	39	1.18	1	3
1681321	1681748	428	2.19	1	46
1682560	1682954	395	313.11	8	3213
1683300	1683319	20	6.10	6	19
1683932	1684223	292	3.00	3	7
1684497	1684620	124	3.53	1	149
1685149	1685256	108	0.54	1	1
1685935	1686030	96	1.74	1	8
1686988	1687136	149	2.71	2	7
1687512	1687601	90	0.87	1	9
1688792	1688967	176	0.98	1	3
1689493	1689572	80	1.76	1	13
1690341	1690350	10	8.50	9	10
1690561	1690647	87	11.85	11	59
1691005	1691384	380	1.69	1	7
1692492	1692723	232	0.47	0	1
1695505	1695923	419	2.98	1	68
1696443	1696451	9	9.22	10	11
1696971	1697283	313	35.01	13	218
1697485	1697509	25	2.80	3	4
1697747	1698058	312	2.54	2	8
1698332	1698488	157	3.37	2	11
1699446	1699693	248	4.28	2	17
1700036	1700447	412	1.20	1	4
1701318	1701326	9	0.89	1	1
1702995	1703138	144	1.34	2	3
1704036	1704102	67	4.27	3	45
1705132	1705196	65	17.86	1	305
1706968	1707092	125	1.21	1	2
1710354	1710445	92	0.50	0	7
1711082	1711161	80	1.68	2	3
1712173	1712367	195	1.10	1	20
1712938	1713562	625	47.96	2	392
1714085	1714871	787	113.70	3	1903
1715064	1715786	723	45.56	2	963
1717452	1717571	120	0.76	1	12
1718370	1718630	261	1.34	1	4
1719180	1720017	838	2.02	1	9
1721389	1721544	156	1.12	1	2
1722508	1722737	230	4.10	3	50
1722960	1722999	40	0.42	0	1
1724464	1724860	397	0.65	0	5
1726709	1727018	310	0.54	1	2
1728279	1728310	32	152.44	185	196
1728611	1728730	120	2.12	1	51
1730147	1730364	218	0.44	0	1
1730713	1730725	13	0.92	1	1
1731969	1731988	20	1.25	1	4
1732766	1733372	607	0.86	1	6
1733784	1734674	891	27.59	2	623
1736512	1736781	270	2.86	2	11
1737100	1737368	269	12.06	1	101
1738629	1738903	275	1.00	1	3
1739228	1739503	276	18.28	13	48
1739986	1740012	27	0.00	0	0
1740421	1740914	494	89.22	3	1166
1741209	1742292	1084	8.38	1	147
1742686	1744016	1331	1.79	1	23
1744416	1745028	613	1.89	1	11
1745557	1745702	146	5.37	2	49
1746774	1746839	66	0.29	0	2
1747378	1747526	149	15.07	8	54
1748905	1749075	171	2.30	2	53
1749764	1749833	70	0.53	0	2
1751136	1751337	202	0.46	0	5
1752222	1752575	354	1.77	2	3
1753428	1753658	231	4.77	2	58
1755376	1756302	927	3.12	2	22
1756747	1756847	101	1.61	2	3
1757976	1758105	130	1.43	1	12
1759267	1759303	37	9.70	3	47
1760603	1760647	45	2.38	3	3
1761644	1761915	272	4.32	2	56
1762987	1763429	443	1.25	1	5
1763835	1764008	174	1.17	1	4
1764930	1765073	144	0.31	0	1
1765524	1765997	474	1.18	1	5
1767981	1768043	63	2.44	1	21
1769046	1769352	307	28.59	6	198
1770301	1770643	343	7.26	2	48
1771823	1771848	26	1.15	1	2
1772326	1772462	137	1.34	0	45
1774118	1774143	26	0.96	1	1
1775266	1775364	99	0.70	1	1
1775839	1775884	46	198.54	10	3756
1777146	1777541	396	1.29	1	4
1778313	1778570	258	1.72	1	6
1778994	1779282	289	38.03	2	298
1779679	1779714	36	1.97	2	3
1780663	1780811	149	7.79	7	16
1782310	1782459	150	1.30	1	3
1783106	1783692	587	61.44	1	772
1784089	1784693	605	25.63	7	284
1785084	1785259	176	13.88	10	45
1786203	1786308	106	3.12	3	6
1787455	1787733	279	1.22	1	47
1788109	1788559	451	34.59	2	385
1788902	1789207	306	1.04	1	3
1789604	1789958	355	5.21	1	24
1790712	1790734	23	115.48	116.5	141
1791977	1792067	91	2.07	2	5
1792356	1792374	19	4.74	5	6
1794079	1794084	6	0.83	1	1
1796005	1796524	520	3.20	2	9
1796972	1797061	90	2.23	2	4
1797641	1798336	696	10.52	3	94
1798928	1798943	16	1.69	2	2
1800331	1800333	3	1.33	2	2
1801735	1801738	4	0.75	1	1
1806666	1806773	108	0.99	1	1
1807260	1807378	119	2.81	3	7
1808363	1808761	399	2.04	2	9
1809727	1809771	45	2.27	2.5	4
1815545	1815580	36	1.42	1	3
1816930	1816947	18	2.11	2	3
1820891	1820892	2	1.00	2	2
1821760	1821973	214	1.25	1	2
1822298	1822317	20	541.50	10	1350
1823141	1823351	211	0.76	1	1
1826813	1827012	200	4.46	3	20
1827821	1828144	324	1.48	1	5
1829066	1830099	1034	1.62	1	8
1830340	1830356	17	2.24	3	3
1831512	1831628	117	1.33	1	3
1832439	1832441	3	0.67	1	1
1833210	1833313	104	1.74	1	7
1834016	1834087	72	1.88	2	23
1835680	1835794	115	1.05	1	3
1836593	1836632	40	4.25	1	42
1837317	1837865	549	15.00	3	157
1838172	1838291	120	0.00	0	0
1839957	1840169	213	39.40	4	319
1840362	1841136	775	152.82	5	3809
1841665	1841760	96	2.18	2	3
1842328	1842408	81	0.80	1	3
1843045	1843118	74	0.97	1	1
1843755	1843881	127	4.72	5	7
1846421	1846927	507	2.16	2	8
1847456	1847555	100	1.29	1	2
1848453	1848517	65	1.46	1	2
1849706	1849775	70	2.01	1	5
1852558	1852562	5	1.60	2	2
1853433	1853781	349	0.56	0	5
1855063	1855074	12	2.83	3	4
1856299	1856347	49	0.00	0	0
1857842	1857848	7	0.86	1	1
1859325	1859722	398	0.73	1	2
1861571	1861880	310	1.20	1	3
1863141	1863428	288	2.21	2	6
1866054	1866418	365	3.84	2	14
1866719	1866839	121	5.07	1	154
1868256	1869366	1111	19.33	2	365
1869715	1869726	12	2.50	3	3
1870692	1870809	118	1.81	2	3
1871596	1871634	39	0.44	0	1
1874055	1874109	55	2.58	1	5
1874575	1874632	58	2.95	2	37
1876109	1876242	134	1.05	1	2
1878733	1878835	103	6.34	2	46
1879949	1880013	65	3.23	3	6
1882332	1882344	13	3.00	3	4
1882840	1882842	3	16.33	24.5	25
1884176	1884321	146	0.49	0	2
1889004	1889746	743	1.06	1	68
1890488	1890521	34	1.53	2	3
1891191	1891233	43	0.86	0	13
1892332	1892522	191	3.63	1	15
1893895	1893969	75	3.80	2	60
1894846	1895172	327	25.36	2	528
1895737	1895791	55	2.13	2	3
1896649	1896686	38	8.21	2	54
1897188	1897232	45	1.84	1	20
1898181	1898385	205	1.24	1	3
1899349	1899746	398	3.65	3	14
1900518	1900583	66	2.74	1	59
1902402	1902459	58	1.71	1	7
1903078	1903243	166	1.30	1	30
1904255	1904281	27	15.07	2	358
1906920	1906942	23	2.13	2	3
1908626	1908796	171	20.85	2	100
1913146	1914353	1208	75.50	4	1057
1914723	1915473	751	4.81	4	22
1919206	1920785	1580	1.01	1	5
1921743	1921899	157	1.91	2	4
1922230	1922325	96	0.95	0	3
1923406	1924212	807	9.91	3	100
1924774	1925129	356	1.60	1	4
1925313	1925541	229	1.81	1	5
1926149	1927492	1344	19.63	2	512
1929293	1930060	768	3.67	1	23
1930382	1931080	699	3.79	1	1189
1931444	1931906	463	2.13	2	7
1933068	1934807	1740	7.40	2	429
1935948	1936373	426	1.08	1	3
1937181	1937244	64	0.22	0	1
1938823	1939145	323	0.72	1	3
1940053	1940055	3	2.00	3	3
1940827	1940927	101	1.52	1	20
1941750	1941982	233	1.18	1	2
1942934	1942986	53	0.89	1	1
1943716	1944278	563	1.81	1	15
1945242	1945702	461	16.68	1	758
1946348	1946371	24	4.42	6	9
1947884	1948090	207	7.27	3	29
1949299	1950200	902	343.26	3	8009
1950711	1951497	787	380.42	2	8007
1953088	1953501	414	0.69	1	2
1954792	1955002	211	1.10	1	3
1957336	1957356	21	3.86	3.5	7
1958371	1958424	54	1.48	1	6
1958890	1959054	165	1.67	2	4
1960066	1960695	630	1.20	1	71
1962193	1962696	504	2.96	2	15
1963966	1964021	56	3.04	2	25
1966290	1967021	732	3.33	1	773
1968207	1968237	31	1.48	1	5
1968658	1968667	10	3.00	3	4
1970375	1970711	337	3.30	1	23
1971039	1971176	138	2.41	2	10
1971816	1971906	91	2.16	2	3
1972300	1972728	429	3.09	2	68
1973692	1974140	449	12.25	1	570
1974573	1974672	100	12.51	5	71
1975054	1975088	35	4.60	4	9
1977276	1977527	252	1.67	2	8
1977867	1978216	350	87.37	3	431
1978628	1978699	72	2.06	2	3
1979762	1980261	500	1.13	1	6
1982617	1982668	52	0.46	0	1
1983017	1983027	11	2.73	3	3
1984904	1985100	197	5.93	5	12
1985767	1985780	14	16.07	2	68
1986826	1986906	81	1.22	1	5
1989907	1989945	39	46.15	11	113
1990363	1990522	160	2.89	2	22
1991293	1992147	855	8.63	2	137
1993248	1993636	389	2.44	2	6
1995480	1995865	386	18.40	2	236
1996391	1996401	11	0.91	1	1
1998117	1998651	535	7.12	4	49
1998919	1998932	14	1.43	2	2
2000381	2000417	37	0.78	1	1
2001147	2001585	439	1.79	1	20
2002654	2002688	35	0.43	0	1
2003484	2003858	375	15.61	10	54
2007090	2007305	216	34.27	2	162
2008545	2009007	463	1.81	1	7
2009308	2009384	77	5.45	5	9
2010567	2010927	361	1.99	2	6
2012112	2012180	69	2.22	2	4
2013397	2013432	36	1.83	2	5
2014234	2015156	923	2.14	1	71
2015985	2016254	270	29.48	6	213
2016627	2016661	35	1.14	1	4
2017991	2018017	27	27.15	43.5	50
2018819	2018851	33	260.94	43.5	597
2019941	2020614	674	10.76	4	62
2023651	2023657	7	2.00	2	3
2025269	2025293	25	13.00	12	19
2026738	2026796	59	7.24	2	39
2029622	2029636	15	1.87	2	2
2030354	2030356	3	2.00	3	3
2032368	2032421	54	1.30	1	15
2033478	2033603	126	2641.79	591	8002
2034165	2034191	27	1.63	2	2
2035963	2036094	132	2.80	2	8
2037136	2037177	42	1.19	1	2
2040351	2040410	60	2.23	2	10
2041618	2041720	103	2.23	1	17
2043117	2043205	89	15.62	1	117
2045900	2045923	24	5.29	5	17
2047149	2047755	607	33.73	2	442
2049472	2049578	107	6.45	3	57
2050750	2050755	6	1.67	2	2
2051161	2051219	59	8.36	1	173
2053459	2053504	46	1.52	1	3
2054480	2054625	146	4.21	4	7
2054950	2054953	4	14.25	19	19
2056715	2056840	126	52.55	1	1838
2057267	2057279	13	0.92	1	1
2057532	2058348	817	1.50	1	15
2059654	2059759	106	19.86	5	270
2060890	2061574	685	1.65	1	6
2067137	2067141	5	4.80	6	6
2068642	2068736	95	16.60	15	82
2069292	2069454	163	18.98	5	623
2069507	2069542	36	1.97	1	18
2071487	2071569	83	10.72	1	125
2074568	2074576	9	0.89	1	1
2075819	2075954	136	0.90	1	2
2078535	2079511	977	9.56	3	101
2080070	2080156	87	2988.98	50	7390
2080676	2081152	477	2.15	2	8
2082032	2082334	303	1.38	1	3
2082587	2082844	258	1.87	2	5
2083259	2083298	40	1.07	1	2
2084166	2084230	65	4419.28	7960	8001
2085615	2085728	114	4.90	1	36
2087214	2087489	276	3.92	4	9
2090634	2090648	15	59.20	75	91
2091967	2092021	55	2.84	1	34
2093345	2093421	77	1.97	1	14
2096367	2096393	27	6.44	3	81
2098779	2098819	41	3.29	2	11
2099597	2099609	13	1.85	2	2
2102007	2102239	233	0.70	1	4
2104260	2104399	140	2.24	2	5
2104802	2104863	62	3.32	3	25
2107312	2107320	9	19.22	22	23
2108583	2108585	3	9.00	13.5	19
2111377	2112166	790	3.01	2	19
2113199	2113414	216	1.82	1	7
2114231	2114646	416	2.79	2	13
2115103	2115364	262	11.37	3	62
2116313	2116375	63	2.52	2	14
2116727	2117136	410	1.68	1	5
2120081	2120085	5	1.60	2	2
2121258	2121600	343	2.10	2	6
2122564	2122900	337	3.00	3	7
2123657	2123733	77	11.01	10	23
2124655	2124779	125	58.74	2	453
2126716	2127090	375	1.76	1	7
2127490	2127574	85	4.02	1	106
2128385	2128400	16	0.31	0	1
2129066	2130105	1040	1.71	1	14
2130256	2130377	122	12.20	7	34
2130882	2131091	210	2.17	2	7
2131860	2132279	420	0.94	1	29
2134056	2134089	34	2.24	2	3
2135156	2135270	115	1.08	1	2
2135541	2136181	641	1.32	1	4
2137169	2137262	94	221.33	54	532
2138334	2138336	3	2.67	4	4
2138967	2139053	87	8.99	1	63
2140610	2140628	19	9.47	10	10
2141472	2141704	233	13.16	4	60
2142395	2142444	50	765.50	802	1539
2143899	2143908	10	58.40	49	96
2144419	2144478	60	11.57	1	67
2145307	2145309	3	2.00	3	3
2146080	2146175	96	1.31	1	8
2146557	2146764	208	10.40	8	23
2149546	2149578	33	6.00	6	11
2150648	2150697	50	22.82	16	255
2152396	2152399	4	17.25	23	23
2154226	2154228	3	22.33	33.5	34
2154592	2154681	90	53.70	15	126
2157183	2157621	439	427.12	2	8011
2158344	2158359	16	32.12	38	55
2160010	2160250	241	2.68	2.5	5
2163127	2163266	140	8.46	1	62
2164272	2164304	33	1.82	1	6
2166134	2166138	5	12.00	15	15
2166463	2166512	50	1899.58	10	5055
2167704	2167741	38	5.39	4	21
2169005	2169052	48	53.96	3	351
2172166	2172217	52	12.37	1	199
2174066	2174073	8	18.38	20	23
2176028	2177034	1007	20.40	13	105
2178828	2178846	19	227.21	332	341
2179393	2179412	20	2.90	1	9
2181437	2181476	40	8.78	9	21
2187090	2187139	50	8.96	3	59
2189074	2189108	35	1.71	2	4
2189340	2189401	62	5.21	5	21
2189454	2189568	115	212.54	66.5	3420
2189881	2190032	152	992.79	2	7999
2190839	2190849	11	1.09	1	2
2191891	2192041	151	118.13	112.5	305
2192654	2192667	14	0.93	1	1
2193615	2193649	35	16.43	2	254
2194557	2194602	46	1.15	1	2
2196500	2196593	94	0.21	0	2
2200122	2200205	84	4.15	1	30
2201760	2201885	126	6.09	6	16
2205260	2205317	58	1.40	1	17
2205744	2205819	76	202.45	2	2134
2206348	2206362	15	1.87	2	2
2206885	2206948	64	1224.70	27	4108
2208518	2208914	397	3.26	2	12
2209332	2209360	29	15.66	1	209
2211247	2211481	235	7.83	2	44
2212208	2212209	2	1.50	3	3
2212795	2213037	243	97.02	11	609
2213863	2213910	48	10.92	2	63
2215793	2215992	200	3.82	2	28
2217268	2217270	3	2.67	4	4
2221879	2222037	159	1763.59	6	8010
2223513	2223551	39	1.59	2	3
2224116	2224120	5	1.00	1	2
2224907	2224987	81	16.38	16	36
2226037	2226043	7	0.86	1	1
2226659	2226669	11	2.73	3	3
2228340	2228373	34	1.09	1	2
2229511	2229622	112	0.58	0	5
2231258	2231617	360	19.19	2	165
2233763	2233901	139	1.17	1	3
2235471	2235497	27	4.33	6	7
2237537	2237963	427	437.30	1	5811
2240278	2240676	399	2.27	1	11
2241172	2241174	3	2.00	3	3
2242423	2242505	83	0.89	1	1
2243805	2243887	83	4.24	0	170
2245724	2245816	93	0.76	1	1
2246210	2246228	19	2.95	2	5
2246514	2246663	150	14.19	0	909
2247396	2247724	329	4.24	4	13
2249240	2249305	66	1.45	1	3
2250047	2250304	258	227.03	143	3099
2251016	2252491	1476	21.20	2	455
2254307	2254374	68	17.88	18	26
2255386	2255472	87	2.67	1	74
2256154	2256155	2	0.50	1	1
2257110	2257163	54	1.70	2	4
2258799	2258838	40	1.23	1	4
2259292	2259612	321	1.35	1	4
2260396	2260443	48	2.96	2	6
2261206	2261251	46	1.07	0	9
2262233	2262236	4	1.50	2	2
2262681	2262816	136	0.65	0	4
2263420	2263552	133	0.87	0	5
2264468	2264547	80	0.86	1	1
2266729	2266769	41	9.41	3.5	20
2267667	2267673	7	1.71	2	2
2268598	2268689	92	1.25	1	24
2269446	2269482	37	33.03	0.5	597
2270527	2270812	286	0.28	0	27
2271215	2271279	65	1.58	2	3
2272669	2273465	797	1.41	1	175
2274933	2275199	267	1.24	0	20
2275794	2275797	4	31.50	42	42
2276239	2276631	393	1.26	1	50
2278143	2278487	345	82.75	4	401
2280144	2280181	38	5.87	8	12
2281292	2281311	20	1.65	2	2
2283301	2283384	84	3.90	1	81
2284315	2284523	209	0.32	0	1
2285988	2286280	293	1.36	1	4
2287034	2287041	8	0.88	1	1
2288101	2288110	10	2.70	3	3
2289035	2289079	45	2.20	0	12
2290963	2290999	37	18.95	19	26
2291942	2292022	81	2.19	1	42
2293700	2293754	55	0.36	0	1
2294199	2294203	5	4.00	5	5
2295539	2295957	419	1.24	1	7
2297179	2297188	10	6.20	8	9
2298467	2299077	611	2.49	2	18
2299812	2300017	206	0.98	1	2
2300588	2300631	44	5.27	7	10
2302000	2302376	377	5.68	2	37
2303115	2303253	139	2.21	1	19
2304295	2304366	72	0.97	1	2
2306176	2306711	536	0.83	1	10
2308107	2308154	48	37.25	16	277
2308746	2309084	339	2.09	1	9
2310048	2310330	283	2.65	2	18
2311162	2311925	764	5.27	1	56
2312874	2313546	673	2.07	2	8
2313838	2313849	12	8.92	2	45
2314378	2314424	47	24.47	6.5	63
2315124	2315128	5	2.40	3	3
2319942	2320223	282	1.10	1	43
2320428	2320572	145	7.46	2	79
2324497	2324503	7	0.86	1	1
2327315	2327352	38	3.34	3	4
2328640	2328679	40	4.20	1	47
2329433	2329561	129	2.69	1	34
2329937	2330290	354	3.03	1	21
2331248	2331432	185	2.10	2	6
2332597	2332632	36	0.78	1	1
2333860	2333934	75	1.67	1	4
2335151	2335697	547	9.83	6	45
2336553	2336559	7	14.14	15	26
2337622	2337817	196	3.02	2	58
2338775	2338952	178	2.07	2	3
2339184	2340174	991	11.66	3	109
2341240	2341281	42	1.90	2	3
2342272	2342278	7	2.57	3	3
2343101	2343118	18	1.78	2	2
2343839	2344186	348	259.54	3	2420
2344784	2344827	44	2.41	2	3
2345215	2345413	199	9.43	1	321
2345726	2345761	36	3.39	4	4
2347280	2347620	341	11.00	6	41
2348137	2348372	236	2.01	2	13
2348655	2349523	869	5.27	1	80
2349902	2350287	386	10.57	6	41
2351053	2351113	61	51.64	15	270
2351711	2351775	65	2.52	2	4
2352943	2353035	93	7.49	7	13
2354017	2354059	43	1.09	1	2
2356197	2356223	27	0.96	1	1
2356650	2356651	2	92.50	185	185
2357783	2357819	37	2.38	2	13
2358683	2358712	30	1.67	2	2
2359394	2359680	287	3.29	3	9
2360059	2360493	435	2.38	2	24
2361016	2361441	426	155.38	4	1813
2362594	2362610	17	2.18	2	5
2363283	2363400	118	1.18	0	26
2364109	2364143	35	0.97	1	1
2366249	2366252	4	0.75	1	1
2369223	2369803	581	401.52	3	6046
2370176	2370189	14	2.07	2	4
2371678	2371899	222	1.15	1	27
2373741	2373789	49	1.02	1	3
2374861	2375510	650	6.58	2	46
2377403	2377461	59	1.54	1	4
2377960	2378159	200	0.80	1	10
2379051	2379110	60	2.40	2	5
2379579	2379965	387	221.69	2	2547
2381902	2381904	3	1.33	2	2
2383823	2383914	92	2.46	2	5
2386093	2386239	147	2.84	1	23
2387185	2387229	45	18.82	3	241
2388238	2388349	112	13.59	0	136
2388713	2388718	6	0.83	1	1
2390250	2390313	64	4.30	1	19
2391475	2391483	9	1.78	2	2
2392119	2392153	35	1.94	2	4
2393171	2393229	59	1.10	1	2
2393590	2393761	172	204.20	1	2921
2393993	2394007	15	76.47	86	89
2395163	2395166	4	12.75	17	17
2396672	2396743	72	2.62	2	14
2397095	2397386	292	15.43	8	78
2397807	2397948	142	1.06	0	4
2399344	2399551	208	5.53	3	19
2400398	2400400	3	10.67	16	16
2403136	2403260	125	6.02	1	142
2404048	2404132	85	379.75	26	2925
2404565	2404566	2	10.00	20	20
2406880	2406949	70	32.50	2	318
2408671	2408847	177	27.81	1	2066
2409283	2409367	85	14.01	10	70
2411633	2411864	232	1051.32	306	5677
2412354	2412367	14	16.57	5	87
2413025	2413437	413	4.32	2	16
2413558	2413573	16	6.00	6	9
2417279	2417636	358	2.26	1	52
2418057	2418080	24	12.75	1	36
2419898	2420008	111	53.25	7	247
2420573	2420870	298	0.54	0	4
2421627	2421629	3	3.33	5	5
2422809	2422874	66	3.91	1	84
2423852	2423998	147	1.58	1	3
2424998	2425097	100	0.78	1	12
2427177	2427249	73	3.01	4	5
2431204	2431275	72	1.53	2	4
2433220	2433255	36	4.58	1	44
2435608	2435614	7	5.14	6	6
2438379	2438415	37	0.97	1	1
2441930	2441974	45	1.16	1	6
2442392	2442421	30	1.87	2	6
2442809	2442814	6	4.17	5	5
2443223	2443315	93	0.63	0	2
2444084	2444147	64	148.50	10	926
2444457	2444754	298	44.84	4	357
2445100	2445400	301	66.11	39	330
2446760	2446902	143	2.77	2	8
2447269	2447406	138	2.66	3	4
2449578	2449610	33	27.09	18	248
2450484	2450947	464	12.78	4	73
2452076	2452341	266	2.99	3	9
2453568	2453676	109	0.94	1	11
2455868	2456187	320	6.39	4	28
2456581	2456672	92	1.60	1	39
2458374	2458403	30	5.13	2	35
2459259	2459291	33	1.33	1	2
2460000	2460252	253	1.42	2	3
2460652	2460869	218	0.42	0	21
2462788	2462909	122	0.84	0	11
2463537	2463616	80	44.04	1	285
2465051	2465095	45	2.33	1	9
2467677	2467763	87	1.13	1	8
2470117	2470121	5	2.40	3	3
2471379	2471735	357	3.90	1	25
2472939	2473022	84	2.67	1	31
2474355	2474668	314	3.57	1	18
2475161	2475172	12	1.67	2	2
2476445	2476621	177	54.21	8	533
2476874	2477056	183	2.40	3	4
2478185	2478238	54	2.59	3	4
2479211	2479292	82	2.00	1	49
2480880	2481491	612	42.17	2	317
2482812	2482889	78	1.51	1	5
2484450	2484458	9	1.78	2	2
2486489	2486526	38	1.24	1	2
2487442	2488486	1045	43.64	1	1080
2489144	2489183	40	5.58	1	24
2489768	2489889	122	2.78	1	29
2491106	2491145	40	1.90	2	3
2492457	2492588	132	0.95	1	9
2494095	2494348	254	4.16	4	11
2495099	2495134	36	1.92	1	14
2495666	2495766	101	1.00	0	9
2497510	2497534	25	2.36	1	14
2499499	2499503	5	2.40	3	3
2499840	2500049	210	11.84	1	158
2501319	2501458	140	9.67	5	107
2502245	2502318	74	3.07	3	8
2504161	2504397	237	1.65	1	6
2505745	2505749	5	5.40	7	7
2506248	2506487	240	1.33	1	35
2507652	2507710	59	1.46	1	3
2508251	2508252	2	0.50	1	1
2510005	2510371	367	1.25	1	22
2511683	2511688	6	4.00	5	5
2514558	2514623	66	13.88	2	52
2515851	2516118	268	6.86	2	35
2519598	2519625	28	6.89	2	50
2520487	2520490	4	6.75	9	9
2521217	2521315	99	1.10	1	27
2523197	2523282	86	0.98	1	4
2524258	2524287	30	0.97	1	1
2526240	2526653	414	2.74	1	11
2527578	2527606	29	7.86	6	26
2528837	2528876	40	0.97	1	1
2529501	2529508	8	2.38	3	3
2530421	2530454	34	1.29	1	3
2532048	2532075	28	2.18	1	17
2533123	2533142	20	15.15	14	28
2534630	2534651	22	26.18	11	195
2535006	2535035	30	45.83	6	602
2535453	2535489	37	5.62	2	76
2536366	2537367	1002	33.53	2	408
2538308	2538936	629	1.71	1	9
2539009	2539306	298	39.88	3	257
2540429	2540536	108	4.64	2	118
2541192	2541231	40	2.25	2	4
2542028	2542070	43	0.98	1	1
2542254	2542598	345	1.45	1	6
2543796	2544428	633	1.37	1	24
2545044	2545151	108	6.34	1	31
2545734	2546259	526	4.33	1	48
2546650	2547174	525	2.76	1	20
2548708	2548794	87	1.95	1	41
2551255	2551256	2	0.50	1	1
2551905	2551935	31	0.97	1	1
2557067	2557149	83	0.84	1	1
2557972	2558084	113	0.96	1	3
2559159	2559324	166	0.75	1	1
2561832	2561971	140	0.86	1	2
2564350	2564388	39	4.77	1	16
2565355	2565390	36	0.42	0	1
2567017	2567030	14	1.21	1	2
2567322	2568205	884	37.42	4	428
2568560	2568806	247	0.63	0	3
2570328	2570373	46	1.96	2	2
2571328	2571426	99	4.43	3	26
2572660	2572958	299	3.08	2	10
2573757	2574050	294	3.80	2	190
2574531	2574656	126	6.66	2	105
2574957	2575302	346	24.92	1	781
2578103	2578273	171	6.21	1	101
2580104	2580108	5	6.80	8.5	10
2582513	2582576	64	1.89	1	16
2586582	2586858	277	6.42	2	19
2587949	2588672	724	1.97	1	8
2589063	2589076	14	9.07	10	11
2589491	2589586	96	0.93	1	6
2590460	2590633	174	11.48	2	56
2592269	2592468	200	5.66	6	9
2594224	2594589	366	1.10	1	18
2595669	2596139	471	133.74	2	1728
2597103	2597332	230	1.53	1	6
2598416	2598438	23	1.52	2	3
2599183	2599191	9	4.44	5	5
2599900	2599908	9	0.89	1	1
2600824	2600825	2	1.00	2	2
2601861	2602251	391	2.80	2	7
2602819	2603269	451	3.20	1	10
2603684	2603720	37	13.54	14	20
2603880	2603912	33	2.91	3	3
2604069	2604097	29	1.86	2	3
2604386	2604654	269	1.01	1	3
2605618	2605842	225	3.51	2.5	23
2606194	2606452	259	3.20	1	122
2608115	2608308	194	6.52	2	180
2610015	2610020	6	2.50	3	3
2611080	2611120	41	1.66	2	2
2612459	2612717	259	0.96	1	11
2613489	2613639	151	1.10	1	3
2613784	2613810	27	3.48	3	6
2614684	2614966	283	8.66	1.5	53
2615375	2615379	5	2.20	3	3
2615794	2615995	202	10.43	2	51
2617920	2617971	52	3.88	2	37
2618413	2618489	77	1.79	1	9
2620488	2620565	78	8.00	1	212
2621142	2621173	32	0.47	0	1
2621486	2621545	60	0.78	1	1
2622235	2622247	13	1.54	2	2
2623070	2623144	75	0.77	1	2
2624893	2624902	10	2.70	3	3
2626013	2626021	9	3.22	4	4
2627740	2627765	26	8.08	3	72
2629377	2629413	37	4.14	2	53
2630614	2630799	186	1.29	1	24
2631730	2631763	34	2.15	1	20
2632565	2632767	203	0.77	0	24
2633437	2633492	56	2.66	3	3
2634999	2635574	576	7.36	2	71
2635794	2635872	79	1.43	1	2
2636830	2637007	178	2.38	2	6
2637896	2638134	239	2.98	3	6
2638552	2638612	61	5.57	1	36
2639525	2639600	76	3.95	1	103
2640186	2640861	676	48.04	4	385
2641084	2641292	209	1.86	1	9
2641596	2641646	51	4.02	3	7
2642772	2642978	207	1.94	2	5
2643780	2643849	70	1.33	2	2
2645292	2645760	469	1.55	1	116
2646701	2647128	428	7.18	3	34
2649214	2649267	54	0.52	0	7
2649649	2649689	41	9.78	10.5	27
2649936	2650495	560	2.54	2	7
2650748	2650760	13	1.85	2	2
2651187	2651809	623	0.95	1	3
2652341	2652594	254	1.66	1	12
2654297	2654424	128	3.06	1	8
2654764	2654941	178	0.90	1	2
2656968	2657100	133	1.08	1	5
2657554	2657555	2	4.50	9	9
2658918	2659248	331	0.75	1	3
2662543	2662645	103	2.17	1	36
2663864	2663866	3	12.67	19	19
2665021	2665267	247	2.66	2	8
2666204	2666238	35	2.20	2	4
2666623	2666794	172	1.21	1	3
2667236	2667274	39	0.97	1	1
2667706	2667809	104	0.97	1	1
2668308	2668479	172	1.45	2	4
2669971	2670384	414	7.14	1	67
2671348	2672369	1022	2.72	1	58
2672778	2673080	303	5.89	4	20
2673606	2673613	8	2.62	3	3
2674064	2674427	364	31.64	5	4429
2674725	2674751	27	5.37	4	15
2675358	2675377	20	11.75	13	26
2676360	2676673	314	6.01	5	15
2677085	2677188	104	2.12	2	20
2681009	2681353	345	115.82	1	1382
2682668	2684188	1521	3.51	2	34
2684915	2684975	61	2.00	1	18
2685681	2686212	532	1.00	1	3
2687077	2687184	108	2.49	2	55
2689237	2689555	319	1.46	1	172
2691390	2691717	328	2.77	2	10
2692441	2692951	511	2.99	3	9
2693477	2693484	8	3.75	5	5
2693935	2693996	62	148.55	6	4416
2696082	2696578	497	1.80	1	5
2696981	2697812	832	1.62	1	23
2698392	2698864	473	2.01	1	12
2699363	2699420	58	0.78	1	1
2700585	2701001	417	12.85	2	115
2701233	2701375	143	1.28	1.5	3
2701958	2702085	128	1.30	1	2
2702338	2702680	343	5.91	1	389
2703062	2703095	34	1.85	2	4
2703817	2703906	90	1.82	1	3
2704936	2704944	9	6.67	8	8
2706601	2707148	548	3.44	1	156
2707323	2707413	91	1.16	1	2
2707993	2708081	89	8.84	1	219
2708853	2708911	59	2.69	4	5
2709119	2709180	62	2.45	1	29
2710978	2711058	81	1.40	2	3
2711815	2711846	32	1.91	2	3
2712285	2712483	199	1.44	1	15
2712928	2712931	4	1.50	2	2
2715640	2715782	143	2.60	2	11
2716374	2716492	119	1.68	2	6
2718863	2718874	12	21.58	18	42
2719475	2719812	338	56.58	3	266
2721177	2721224	48	1.06	1	6
2722323	2722377	55	2.47	1	44
2723734	2723875	142	0.98	1	2
2724785	2724867	83	1.25	1	2
2725078	2725125	48	0.75	1	1
2727278	2727467	190	5.85	1	33
2727984	2728216	233	1.73	2	4
2729180	2729404	225	3.59	2	31
2729705	2730187	483	13.44	1	1764
2730794	2730847	54	21.02	2	212
2731817	2731823	7	4.29	5	5
2732799	2732819	21	8.29	5.5	28
2733501	2733829	329	1.60	1	19
2734391	2734442	52	2.58	1	14
2734647	2734688	42	2.71	3	4
2735699	2735716	18	1.89	2	2
2737573	2737692	120	10.03	3	233
2738845	2738910	66	1.94	2	2
2740168	2740215	48	4.79	2	62
2741833	2741924	92	29.47	9	231
2743335	2743531	197	0.81	1	2
2744630	2744888	259	18.37	1	1520
2745786	2745788	3	6.67	10	10
2748693	2748747	55	3.76	2	53
2750539	2750582	44	1.09	1	2
2751810	2752143	334	57.80	2	501
2754313	2754393	81	1.86	2	3
2755525	2755697	173	1.71	1	4
2759353	2759450	98	3.77	1	72
2761439	2761901	463	29.05	3	247
2763819	2764031	213	0.85	1	2
2765181	2765405	225	3.43	2	26
2766369	2766636	268	0.97	1	2
2769888	2769913	26	2.38	2	5
2772107	2772218	112	1.18	1	13
2773106	2773246	141	3.50	2	11
2774033	2774113	81	22.01	10.5	66
2775242	2775505	264	5.36	3	25
2776463	2777609	1147	1.57	1	6
2778414	2778648	235	1.29	1	6
2778830	2779044	215	0.92	1	3
2779473	2779558	86	1.34	1	2
2779979	2780328	350	2.23	2	7
2782591	2783208	618	2.94	2	22
2784172	2784327	156	1.03	1	2
2784901	2784952	52	0.90	1	5
2785859	2785981	123	2.57	2	4
2787692	2787811	120	2.15	0	57
2788289	2788618	330	1.50	1	4
2789537	2789621	85	1.40	1	2
2792031	2792117	87	1.33	0	5
2794130	2794176	47	3.60	4	5
2796307	2796466	160	13.66	1	105
2800254	2800799	546	3.14	1	30
2801913	2802083	171	1.35	1	5
2804868	2805290	423	13.76	1	513
2805921	2806120	200	0.66	1	6
2808284	2808422	139	34.81	1	407
2809527	2809609	83	1.00	1	2
2811461	2811642	182	4.03	1	106
2812540	2812734	195	5.93	1	28
2814659	2815261	603	1.11	1	3
2816471	2816502	32	0.97	1	1
2816746	2816851	106	0.87	1	2
2817587	2817590	4	0.75	1	1
2817852	2818015	164	1.28	1	7
2818385	2818965	581	1.59	1	5
2820031	2820275	245	0.89	1	2
2821815	2822073	259	2.23	1	32
2823934	2823971	38	1.84	0	5
2824827	2824835	9	1.78	2	2
2825721	2825728	8	8.00	9	10
2826842	2826963	122	0.89	1	6
2828575	2828614	40	14.62	2	253
2829374	2830466	1093	1.55	1	14
2831319	2831758	440	8.93	4	52
2832646	2832734	89	45.38	52	116
2832915	2833112	198	23.01	11	74
2833717	2833967	251	7.60	1	758
2834106	2834187	82	5.01	4	10
2834446	2834501	56	0.27	0	1
2834730	2834842	113	0.47	0	1
2836112	2836232	121	3.14	1	10
2838759	2838795	37	4.43	5	6
2840660	2840665	6	3.33	4	4
2840912	2840995	84	20.55	0	125
2841723	2841729	7	0.14	0	1
2842702	2843002	301	1.29	1	13
2847344	2847638	295	0.94	1	16
2849295	2849347	53	0.38	0	14
2850745	2850830	86	45.58	1	1077
2852475	2852583	109	5.61	1	75
2853325	2853691	367	6.77	1	52
2854655	2855306	652	0.88	1	3
2856093	2856162	70	1.40	1	7
2856694	2856787	94	567.94	10	2060
2858189	2858221	33	29.03	3	433
2859896	2860118	223	8.40	2	112
2860392	2860404	13	25.85	28	31
2861272	2861324	53	2.42	2	5
2861940	2861985	46	2.78	2	5
2862508	2862613	106	1.06	0	29
2862881	2862883	3	0.67	1	1
2865141	2866032	892	1.25	1	24
2866240	2866354	115	0.70	1	1
2867285	2867347	63	1.54	1	3
2868782	2868857	76	6.91	2	208
2869752	2869776	25	0.96	1	1
2871226	2871527	302	0.89	1	4
2874158	2874195	38	1.47	1	4
2875315	2875392	78	3.49	2	70
2876632	2876705	74	1.69	2	3
2878653	2878898	246	3.11	2	56
2879521	2879783	263	4.16	1	313
2881245	2881291	47	21.11	1	179
2883333	2883399	67	9.79	1	164
2884027	2885075	1049	19.24	2.5	278
2886072	2886390	319	5.62	4	49
2887367	2887378	12	0.75	1	1
2890986	2891045	60	7.42	3	89
2892447	2892478	32	1.78	2	2
2893823	2893926	104	1.68	1	49
2896204	2896246	43	2.02	2	3
2897033	2897099	67	1.87	2	2
2898351	2898514	164	3.15	3	7
2898773	2899165	393	28.08	11	136
2899427	2899439	13	22.85	24.5	31
2899599	2900315	717	38.16	2	351
2901366	2901510	145	6.39	2	263
2902588	2902629	42	2.36	1	7
2903236	2903720	485	2.18	2	22
2904684	2905140	457	1.70	1	29
2905402	2905604	203	1.36	0	16
2907430	2907618	189	13.39	2	719
2908950	2908987	38	3.24	3	13
2909231	2909236	6	3.00	3	5
2913281	2913355	75	22.23	8	158
2915094	2915193	100	3.18	3	5
2916070	2916100	31	31.26	1	146
2916578	2916830	253	4.49	2	24
2918380	2918394	15	1.27	0	11
2918767	2918802	36	6.83	2	177
2920625	2920753	129	6.95	2	38
2921147	2921282	136	2.63	3	4
2922684	2922726	43	2.91	2	39
2923093	2923350	258	2.50	2	98
2923837	2924257	421	2.95	2	13
2924582	2924590	9	1.44	2	2
2925368	2925573	206	9.37	6	132
2925700	2925962	263	0.97	1	3
2926158	2926179	22	0.95	1	1
2927593	2927726	134	5.31	1	68
2928885	2928940	56	2.23	2	18
2930846	2930866	21	1.81	2	2
2931257	2931357	101	14.72	5	373
2932757	2932954	198	58.02	1	736
2933270	2933309	40	17.30	1	130
2934694	2934748	55	3.91	2	58
2935118	2935329	212	0.47	0	2
2936875	2937141	267	1.03	1	2
2937303	2937942	640	2.10	1	11
2939053	2939132	80	599.30	54	1402
2940069	2940119	51	2.94	2	12
2941647	2941688	42	33.10	3	640
2942628	2942639	12	5.92	4	20
2944712	2944750	39	9.59	3	137
2946085	2946136	52	8.06	2	164
2947922	2948036	115	0.77	0	12
2951064	2951575	512	4.46	3	185
2952407	2952433	27	2.78	3	5
2952812	2953036	225	300.83	101	1427
2955044	2955189	146	5.75	5	92
2955985	2955989	5	13.60	17	17
2957619	2957759	141	6.04	1	650
2959445	2959530	86	1.29	1	38
2962642	2962647	6	13.50	23	26
2963270	2963285	16	4.38	5	7
2964720	2964928	209	3.68	4	6
2965628	2965910	283	2.05	2	4
2966115	2966937	823	47.31	3.5	401
2967832	2967850	19	11.26	7	51
2968610	2968705	96	1.79	1	25
2969603	2969723	121	2.17	2	8
2971062	2971122	61	3.62	1	11
2972239	2972252	14	0.93	1	1
2973069	2973080	12	4.58	4	10
2974391	2974650	260	2.12	2	7
2975119	2975458	340	1.18	1	3
2976434	2976436	3	4.00	6	6
2977538	2977558	21	4.76	2	16
2978954	2978991	38	3.37	1	29
2981607	2981650	44	1.32	1	5
2982197	2982207	11	11.45	13	13
2984338	2984343	6	1.67	2	2
2985795	2985857	63	17.70	2	473
2988289	2988381	93	1.48	1	6
2988733	2988755	23	65.00	10	447
2989224	2989273	50	2.48	2	4
2990938	2990966	29	28.69	14	110
2991216	2992245	1030	9.36	4	562
