#start	end	length	mean	median	max
1	40	40	0.88	1	2
1133	1140	8	2.75	3	4
2233	2235	3	2.67	4	4
2680	2705	26	4.38	5	5
3472	3808	337	1.20	1	12
5168	5316	149	0.14	0	3
5876	5890	15	2.47	2.5	4
6506	6519	14	0.00	0	0
6937	6942	6	0.83	1	1
7282	7284	3	0.67	1	1
7720	7819	100	0.42	0	2
8096	8101	6	0.00	0	0
8564	8571	8	1.75	2	2
8710	8823	114	0.00	0	0
10582	10593	12	10.00	11	12
11302	11472	171	0.47	0	6
12831	12925	95	0.33	0	1
13247	13258	12	0.92	1	1
14612	14696	85	0.00	0	0
15942	15949	8	0.00	0	0
16520	16544	25	0.00	0	0
17190	17340	151	0.16	0	2
17836	17910	75	0.00	0	0
20417	20669	253	0.44	0	3
22567	22721	155	0.15	0	2
24804	24814	11	0.91	1	1
24941	24966	26	0.77	1	2
25516	25730	215	1.05	1	3
26271	26379	109	0.04	0	1
28141	28281	141	0.76	0	3
31997	32039	43	0.00	0	0
32607	32809	203	0.23	0	1
33833	34032	200	0.96	0	12
34576	34690	115	1.16	0	16
34832	34998	167	647.39	5.5	2253
36103	36514	412	12.16	0	135
37610	37765	156	1.40	0	7
37991	37995	5	4.00	5	6
38371	38385	15	1.67	2	2
39046	39080	35	2.09	2	3
39834	39978	145	0.50	0	4
40567	40614	48	1.02	1	2
41185	41257	73	1.12	1	4
42035	42138	104	3.05	1	9
42802	42809	8	2.75	3	4
44527	44729	203	0.63	0	5
46197	46224	28	0.07	0	1
46693	46872	180	1.68	0	7
47947	48503	557	11.54	1	61
48816	49033	218	3.71	3	8
49619	49773	155	1.42	1	4
50140	50152	13	0.92	1	1
53306	53484	179	0.72	0	5
54118	54220	103	1.33	1	4
54338	54340	3	0.00	0	0
55592	55596	5	0.00	0	0
57145	57194	50	0.36	0	1
57825	57985	161	0.46	0	3
59087	59204	118	5.33	5	14
59832	60156	325	4.74	3	21
61210	61431	222	4.49	3	17
63025	63074	50	7.98	8	11
65319	65437	119	1.53	2	3
66407	66441	35	2.49	3	4
68294	68365	72	0.22	0	1
68951	68956	6	0.83	1	1
69743	70091	349	10.69	10	28
70407	70415	9	0.00	0	0
71370	71393	24	1.75	2	2
72687	72702	16	0.94	1	1
72814	72879	66	0.50	1	1
73657	73663	7	2.57	3	3
74180	74264	85	0.00	0	0
74353	74435	83	0.60	0	2
75976	76014	39	2.56	3	3
76768	76849	82	5.04	1	22
78320	78441	122	1.80	2	6
79051	79174	124	0.00	0	0
81832	82075	244	6.16	0	33
83753	84016	264	84.73	3	400
85502	85548	47	1.53	1	3
86569	86575	7	0.86	1	1
88177	88297	121	3.02	1	9
89180	89316	137	6.62	4	27
89584	89772	189	3.39	0	26
90928	90949	22	10.32	11	14
92528	92555	28	3.29	3	6
93030	93059	30	3.23	4	5
93585	93648	64	2.14	2	6
94162	94323	162	0.91	1	3
94855	94899	45	2.38	2	3
96358	96389	32	0.41	0	1
96807	97280	474	5.46	5	28
105957	106278	322	7.05	1	25
107683	107837	155	2.51	1	15
108258	108337	80	1.84	2	3
110684	110700	17	7.41	8	9
112132	112281	150	0.75	0	4
112690	112776	87	1.46	1	5
113583	113607	25	12.68	11	21
113980	114323	344	0.83	0	27
116304	116436	133	19.68	19	42
116935	117010	76	6.47	1	34
118157	118345	189	0.77	0	3
120203	120425	223	1.95	0.5	9
120741	120979	239	1.05	0	20
127588	127595	8	0.00	0	0
128364	128368	5	0.80	1	1
128855	128974	120	0.00	0	0
130291	130404	114	0.59	0	5
130804	130879	76	1.32	1	3
133217	133347	131	0.01	0	1
136030	136206	177	1.68	1	6
137101	137103	3	4.67	7	7
138418	138579	162	2.84	3	7
139018	139025	8	3.50	4	4
139890	139923	34	1.32	2	2
140632	140763	132	0.74	0	4
141364	141372	9	0.89	1	1
143056	143119	64	1.17	2	2
143837	143956	120	1.39	0	12
145265	145287	23	1.61	2	2
146347	146538	192	2.81	1	11
147172	147261	90	1.40	0	12
147946	148010	65	0.00	0	0
148731	148815	85	1.12	1	9
149122	149396	275	5.69	0	62
151110	151206	97	53.09	37	150
151318	151495	178	0.54	1	1
152183	152386	204	1.71	0	5
154298	154333	36	2.28	2	4
156413	156524	112	1.63	2	4
156867	156889	23	4.00	4	8
159344	159353	10	2.20	2	4
160644	160793	150	1.76	1	9
162972	163263	292	4.22	0	22
164617	164720	104	0.95	0	4
165603	165679	77	0.42	0	1
167063	167108	46	1.74	2	3
167856	167859	4	0.75	1	1
168805	168945	141	0.00	0	0
170449	170773	325	9.31	2	47
171389	171489	101	20.29	1	87
171826	171972	147	0.59	0	3
172819	173054	236	3.92	1	22
173139	173242	104	1.12	1	3
173855	173874	20	4.45	5	7
174904	174936	33	1.73	2	2
177149	177255	107	0.77	0	4
177949	178056	108	0.23	0	3
178471	178577	107	1.32	0	4
178761	178989	229	14.50	18.5	39
179449	179545	97	12.45	14.5	21
179783	179866	84	7.31	6	24
180053	180453	401	17.90	13	72
180931	181167	237	1.22	0	12
182637	182683	47	2.77	3	4
183416	183528	113	0.63	0	3
185038	186338	1301	2.96	3	10
186468	186490	23	1.48	2	2
186857	186916	60	10.47	11	17
187868	187985	118	1.06	1	5
188424	188442	19	4.95	5	6
189001	189018	18	4.33	5	7
189196	189464	269	1.57	0	8
190095	190264	170	1.64	0	18
190712	190726	15	2.53	3	4
192269	192417	149	2.93	0	29
192973	192993	21	16.19	15.5	23
194167	194436	270	0.00	0	0
195304	195368	65	2.09	2	5
197046	197076	31	1.84	3	3
199383	199598	216	2.51	2	6
200346	200584	239	0.54	0	3
201257	201328	72	1.89	2	8
204020	204189	170	3.59	3	8
206950	207057	108	1.69	2	4
209797	210011	215	0.34	0	1
211314	211328	15	3.07	3	4
213006	213165	160	1.12	1	2
214453	214461	9	2.67	3	3
214684	214910	227	0.86	0.5	5
216431	216471	41	1.54	2	2
216976	217061	86	1.53	0	13
218508	218608	101	0.00	0	0
220175	220274	100	0.00	0	0
223479	223516	38	4.45	4	6
224846	224960	115	0.83	1	2
225915	225995	81	3.69	4	6
227043	227168	126	3.87	3	11
228708	228738	31	3.68	3.5	6
229177	229212	36	0.17	0	1
230421	230849	429	0.50	1	1
231996	232051	56	2.41	2	6
232892	232960	69	3.74	4	6
233159	234016	858	3.84	1	31
234623	234656	34	29.47	30	41
235743	235782	40	0.12	0	1
238051	238132	82	0.12	0	1
240934	240938	5	3.20	4	4
243651	243772	122	0.38	0	2
243896	243987	92	5.08	6	10
244609	244705	97	1.93	2	5
245639	245788	150	0.11	0	2
246191	246203	13	4.31	5	6
248268	248437	170	1.81	0	7
248729	249035	307	0.57	0	18
249639	249685	47	16.94	17.5	26
251834	251977	144	0.21	0	2
253985	254303	319	0.77	0	8
255537	255576	40	0.93	1	1
256141	256243	103	1.24	0	5
256769	257062	294	4.38	3	17
258752	258877	126	0.16	0	1
259895	260327	433	4.59	4	14
261012	261093	82	3.32	3	5
261460	261527	68	3.40	4	8
262401	262487	87	9.08	11	18
263151	263210	60	1.43	1	4
263334	263360	27	0.89	1	2
264276	264334	59	0.22	0	1
267098	267322	225	0.84	0	8
268772	268986	215	0.80	0	5
270307	270466	160	1.44	0	6
272009	272180	172	0.12	0	1
273717	273854	138	0.21	0	2
275415	275439	25	4.96	5	6
276910	277069	160	2.58	1	41
278747	278789	43	33.40	36.5	42
279633	279799	167	2.93	0	15
280373	280496	124	2.27	1	10
283424	283552	129	0.96	1	3
284285	284540	256	0.04	0	1
285147	285156	10	0.90	1	1
286054	286114	61	0.74	0	6
286844	286896	53	0.91	0	8
291754	292005	252	0.29	0	1
292225	292269	45	1.27	1	2
293056	293191	136	0.88	0	8
293969	294095	127	1.60	1	13
295161	295284	124	3.14	3	9
296263	296306	44	2.59	4	4
297845	297854	10	1.80	2	2
299118	299261	144	0.77	0	3
300603	300674	72	3.69	1	16
300879	301116	238	19.51	1	95
301209	301526	318	0.87	0	5
301599	301779	181	0.33	0	3
303661	304110	450	2.71	3	7
305302	305432	131	0.33	0	3
306051	306403	353	0.31	0	3
308836	309279	444	0.95	1	4
310129	310226	98	0.53	0	2
311376	311482	107	0.00	0	0
311600	311760	161	0.00	0	0
319315	319851	537	22.94	0	284
320392	320394	3	23.33	35	36
321220	321241	22	0.18	0	1
321989	322123	135	6.33	2	28
322328	322336	9	35.67	39.5	43
324618	324743	126	2.29	0	9
325221	325398	178	6.60	0	41
326026	326152	127	5.52	6	8
327032	327122	91	0.13	0	1
327504	327623	120	1.13	0	5
328995	329008	14	5.21	6	7
330014	330052	39	0.21	0	2
330662	330687	26	4.00	5	5
331429	331615	187	0.52	0	3
332207	332309	103	1.16	0	8
332436	332449	14	0.00	0	0
332585	332599	15	0.00	0	0
332865	332983	119	0.00	0	0
333872	334138	267	0.33	0	5
334778	334889	112	1.24	1	5
335898	335998	101	1.83	0	7
336113	336298	186	0.51	0	18
338223	338361	139	0.88	0	4
339868	340078	211	2.58	1	30
340820	341004	185	7.22	8	12
342388	343423	1036	8.73	8	19
346270	346332	63	0.52	1	1
348028	348043	16	4.75	5	6
348362	348389	28	4.82	5	6
349203	349363	161	3.88	1	26
351843	351960	118	1.77	2	4
352087	352110	24	0.92	0	4
352466	352663	198	0.88	1	3
353993	354035	43	1.02	0	5
354507	354521	15	16.00	18	19
354825	355099	275	26.89	1	172
355664	355809	146	8.80	6	39
357652	357855	204	0.58	0	5
358138	358145	8	1.75	2	2
359777	359895	119	0.39	0	3
360934	361201	268	0.51	0	3
361862	361897	36	2.19	2	3
363536	363765	230	2.23	0	13
364696	364758	63	0.14	0	2
366283	366388	106	0.00	0	0
367142	367170	29	0.93	1	2
367864	367969	106	1.81	0	9
368258	368438	181	0.24	0	3
369789	369860	72	0.51	1	1
371124	371135	12	5.25	6	6
372561	372562	2	0.50	1	1
373883	373910	28	5.71	5	8
374571	374672	102	0.77	0	3
375090	375211	122	4.07	0	32
376433	376465	33	9.67	9.5	12
377774	377784	11	1.91	2	3
378076	378597	522	161.63	58	752
379957	380408	452	5.69	1	40
380535	380549	15	4.60	5	6
383481	384045	565	24.09	1	147
384694	384883	190	3.94	4	8
386168	386207	40	4.55	5	7
386949	387119	171	0.27	0	5
388152	388220	69	0.65	1	2
388974	389143	170	2.15	1	7
390191	390236	46	1.26	2	3
391440	391606	167	0.00	0	0
391724	391730	7	0.00	0	0
392058	392168	111	1.06	1	3
393285	393297	13	8.15	9	12
393562	393843	282	6.85	0	25
394132	394197	66	38.98	39	57
395845	395960	116	2.07	1	6
396645	396649	5	0.80	1	1
397484	397505	22	1.86	1	4
397899	398149	251	2.56	1	18
398417	398648	232	0.16	0	1
398760	399176	417	11.72	10	27
400590	400823	234	2.05	0	16
401937	402007	71	3.45	1	16
403202	403350	149	0.25	0	1
403480	403491	12	0.92	1	1
405925	405996	72	0.86	1	2
407773	407778	6	4.00	5	5
411110	411192	83	4.80	5	9
411772	411822	51	2.78	3	6
413035	413365	331	0.19	0	1
413990	414137	148	0.00	0	0
414975	415075	101	0.00	0	0
415148	415194	47	0.00	0	0
416653	416800	148	0.18	0	2
417029	417045	17	2.94	3	5
417598	417606	9	0.33	0	1
418858	418887	30	0.00	0	0
419014	419085	72	4.89	5	6
420528	420535	8	13.88	16	17
420956	421055	100	2.31	0	9
423619	423708	90	0.43	0	2
423910	423924	15	4.73	5	7
424882	424896	15	15.53	17	19
426103	426213	111	1.38	0	7
427807	427815	9	0.33	0	1
428608	428696	89	0.78	1	2
429018	429120	103	0.15	0	1
429716	429859	144	19.71	14	47
430280	430379	100	3.89	3	12
432363	432519	157	1.20	1	2
433036	433049	14	3.71	4	4
434031	434170	140	0.93	0	5
437351	437354	4	0.75	1	1
438729	438828	100	0.32	0	1
438903	439087	185	0.24	0	1
440462	440512	51	0.00	0	0
442015	442033	19	1.95	2	3
442841	442932	92	1.18	1	2
443218	443320	103	0.81	0	3
445298	445310	13	1.85	2	3
445641	445848	208	0.85	0	8
448397	448625	229	1.26	1	5
449508	449536	29	4.00	4	6
449945	450046	102	1.69	0	5
450455	450481	27	1.22	1	2
451037	451063	27	1.11	1	2
451544	451637	94	1.26	2	3
452625	452644	20	1.60	2	2
453674	453774	101	0.45	0	3
455424	455462	39	2.26	2	3
457035	457072	38	3.42	5	6
459223	459313	91	4.02	4	9
460643	460808	166	3.70	3	24
461124	461138	15	10.20	11	12
461394	461643	250	3.50	0	17
462250	462312	63	1.17	1	2
464360	464369	10	0.00	0	0
465699	465704	6	3.33	4	4
467931	468310	380	0.55	0	2
470966	471140	175	0.52	0	4
471597	471716	120	1.37	0	5
472371	472428	58	2.64	3	4
472906	472982	77	0.96	1	2
473511	474077	567	186.56	95	844
475560	475717	158	29.28	12	94
475792	475807	16	7.62	8	9
475881	476062	182	487.92	410	1569
478801	478936	136	68.17	22	206
479050	479195	146	0.36	0	11
479547	479693	147	0.50	1	1
479768	479945	178	0.52	0	2
481266	481330	65	0.43	0	2
481859	481874	16	0.81	1	1
482271	482403	133	0.03	0	1
482563	482572	10	0.00	0	0
485234	485257	24	0.38	0	1
485738	485746	9	0.00	0	0
487698	487734	37	0.00	0	0
489118	489286	169	2.14	0	9
489983	490152	170	2.42	0	14
491074	491368	295	2.93	1	20
492983	493109	127	0.27	0	2
495260	495346	87	1.39	1	3
496532	496588	57	0.00	0	0
498938	499280	343	11.97	10	42
499803	499920	118	13.43	13	26
500606	500618	13	7.08	8	8
501483	501551	69	0.54	1	1
501741	501799	59	0.00	0	0
504419	504558	140	1.91	1	5
505632	505813	182	3.27	2	10
506201	506281	81	1.20	1	3
507209	507335	127	1.84	2	4
507914	508085	172	0.33	0	2
510163	510168	6	0.00	0	0
511033	511095	63	0.87	1	2
512426	512443	18	0.83	0	2
513452	513469	18	0.94	1	1
514127	514320	194	1.25	0	9
516388	516413	26	1.58	1	3
517242	517375	134	0.12	0	3
519497	519586	90	0.89	0	4
521366	521436	71	0.00	0	0
523113	523220	108	5.05	0	28
524547	524599	53	1.38	1	2
525518	525531	14	0.00	0	0
526450	526600	151	2.48	0	20
527162	527252	91	0.66	1	2
527802	527860	59	0.88	0	5
529208	529212	5	2.40	3	3
529876	530286	411	2.29	0	16
531316	531376	61	0.72	0	5
532721	532824	104	1.04	0	5
534054	534086	33	8.18	8.5	11
534705	534724	20	3.95	4	5
535601	535815	215	28.20	1	130
536335	536363	29	67.55	67	101
538370	538504	135	5.25	2	22
540428	540436	9	6.22	7	7
541796	541861	66	1.44	0	6
542894	543066	173	1.13	0	13
543337	543452	116	2.66	0	18
544743	544869	127	1.03	1	2
547015	547029	15	3.67	4	4
547549	547680	132	6.91	1	39
548239	548241	3	2.67	4	4
548782	548793	12	7.25	8	10
550138	550539	402	88.92	1	787
550777	550837	61	14.82	5	62
551387	551539	153	2.24	2	5
552434	552492	59	8.24	8	11
553930	553967	38	4.84	4	7
554622	554751	130	1.88	2	4
556006	556024	19	3.58	4	4
557630	557631	2	0.50	1	1
558604	558612	9	1.78	2	2
559570	559638	69	2.84	1	14
560611	560682	72	8.12	6	17
561433	561835	403	1.42	0	17
562076	562276	201	0.00	0	0
562655	562889	235	0.40	0	2
563217	563233	17	0.00	0	0
563873	563889	17	0.00	0	0
565815	565825	11	0.00	0	0
567494	567495	2	0.00	0	0
571188	571237	50	0.00	0	0
571655	571779	125	0.06	0	1
572704	572768	65	0.54	1	1
574673	574678	6	1.17	1	2
575845	575876	32	2.44	3	4
576867	576930	64	1.11	1	2
577600	577668	69	0.00	0	0
581957	582257	301	1.14	1	3
582549	583352	804	10.43	3	58
586961	586963	3	0.00	0	0
587249	587634	386	0.10	0	1
587902	587974	73	0.00	0	0
588098	588206	109	0.34	0	1
588402	588583	182	0.85	0	3
588806	589070	265	0.58	0	2
589512	589562	51	0.00	0	0
589818	590035	218	0.39	0	1
590669	590670	2	0.00	0	0
591280	591463	184	2.47	1	13
592043	592092	50	0.00	0	0
592213	592281	69	0.00	0	0
592735	592833	99	0.18	0	1
593315	593376	62	0.00	0	0
594460	594463	4	0.00	0	0
595502	595527	26	0.00	0	0
596779	597044	266	0.00	0	0
597906	597976	71	0.42	0	1
598400	598401	2	0.50	1	1
598762	598763	2	1.00	2	2
598965	599206	242	0.61	0	2
599327	599513	187	0.00	0	0
600009	600010	2	0.00	0	0
600784	600812	29	0.00	0	0
601620	601687	68	0.10	0	1
601760	601870	111	0.86	0	3
602225	602352	128	0.35	0	1
603325	603433	109	0.34	0	1
604493	604590	98	0.33	0	3
607122	607514	393	7.46	4	37
608637	608706	70	2.97	3	5
610744	610961	218	0.05	0	1
612546	612562	17	2.88	3	5
614045	614047	3	0.00	0	0
614372	614439	68	0.00	0	0
614513	614620	108	0.00	0	0
615860	615864	5	2.40	3	3
616429	616447	19	2.16	2.5	3
616664	616741	78	0.00	0	0
618478	618573	96	2.33	3	3
619192	619197	6	0.67	1	1
619363	619563	201	0.10	0	1
619636	619653	18	1.56	2	2
621117	621118	2	1.50	3	3
621934	622025	92	0.16	0	1
622500	622508	9	3.11	3.5	4
623433	623587	155	0.59	0	7
626134	626139	6	0.83	1	1
626767	626768	2	1.50	3	3
627108	627204	97	0.32	0	3
628444	628552	109	2.15	2	4
631489	631494	6	2.33	3	3
632680	632687	8	6.25	7	8
632868	632915	48	6.44	7	10
635267	635346	80	0.29	0	1
636709	636713	5	1.60	2	2
637801	637946	146	3.61	1	14
639069	639092	24	0.25	0	1
640068	640215	148	3.44	0	14
641236	641357	122	4.18	4	7
643518	643611	94	1.01	0	8
644938	644960	23	26.48	31	35
645390	645428	39	23.23	23	31
646308	646437	130	1.75	0	10
647017	647040	24	15.88	17	18
647662	647838	177	3.92	1	16
650740	650800	61	1.80	2	3
652131	652206	76	0.00	0	0
653527	653566	40	1.52	0	18
654560	654744	185	0.27	0	2
656594	656661	68	2.79	1	16
657742	657943	202	5.08	0	27
659339	659389	51	1.04	1	2
661051	661173	123	3.15	2	17
661486	661635	150	6.20	0	30
661969	662091	123	1.24	0	7
662746	662802	57	1.42	0	6
665470	665474	5	0.80	1	1
666429	666436	8	0.00	0	0
666923	667056	134	1.74	0	10
667900	668072	173	3.10	1	14
668628	668690	63	3.62	4	6
670239	670315	77	14.57	16	20
671225	671311	87	5.66	6	8
671711	671812	102	6.17	2	16
673232	673236	5	20.40	25.5	28
673486	673499	14	14.36	16	16
673923	674056	134	2.00	0	11
674624	674712	89	1.91	2	4
677783	677917	135	2.59	1	12
678254	678401	148	117.26	0	447
678513	678529	17	1.88	2	2
680843	680972	130	3.27	0	20
681249	681262	14	2.43	2	4
682149	682229	81	1.56	1	3
683016	683020	5	0.00	0	0
683288	683304	17	8.12	8	10
683983	684000	18	36.00	33	63
684373	684899	527	9.09	1.5	43
686376	686502	127	0.25	0	3
688552	688628	77	3.06	2	11
689370	689531	162	1.11	0	9
690159	690171	13	3.54	4	4
691186	691384	199	0.61	0	8
691805	692097	293	0.19	0	4
694021	694063	43	0.26	0	1
695090	695188	99	2.01	1	13
695537	695609	73	10.23	4	48
695787	695821	35	20.91	21	30
696170	696352	183	2.46	0	12
697034	697099	66	8.88	9	14
697523	697610	88	1.08	1	2
698925	698951	27	7.56	9.5	11
699579	699763	185	3.52	1	17
700628	700636	9	1.67	2	2
701000	701156	157	2.10	0	10
701793	701811	19	12.37	14	14
703246	703261	16	2.56	2	4
704159	704291	133	0.17	0	1
704907	705008	102	0.00	0	0
705861	705869	9	0.00	0	0
706320	706422	103	0.67	0	2
708271	708287	17	0.76	0.5	2
708639	708753	115	1.33	1	8
708967	709122	156	5.56	0	52
709369	709498	130	0.35	0	1
710348	710357	10	0.00	0	0
711955	712115	161	44.54	0	265
712671	712705	35	0.06	0	1
713321	713489	169	1.38	0	7
714681	714759	79	1.71	1	8
715495	715639	145	1.27	0	4
716438	716548	111	2.94	2	13
717587	717589	3	0.00	0	0
718688	718908	221	0.33	0	2
720424	720525	102	1.28	1	5
721324	721328	5	0.00	0	0
721926	722668	743	1.60	1	8
725104	725108	5	0.80	1	1
725925	725926	2	0.50	1	1
727733	727851	119	1.87	1	5
729352	729395	44	1.82	2	3
730473	730648	176	0.86	0	5
731822	731856	35	0.17	0	1
735063	735075	13	0.15	0	1
735628	735667	40	0.00	0	0
736634	736639	6	5.33	6	10
737345	737664	320	6.02	0	32
738691	738695	5	0.00	0	0
739782	739789	8	0.88	1	1
741029	741156	128	0.13	0	1
742507	742523	17	1.76	2	2
742953	742955	3	0.00	0	0
744936	745010	75	0.51	0.5	2
747105	747280	176	2.12	1	6
747959	748120	162	2.98	1	9
748955	748961	7	7.71	9	10
750033	750164	132	4.26	0	20
751080	751272	193	0.05	0	1
753310	753555	246	1.17	1	3
754444	754505	62	5.55	0	32
754812	754858	47	27.77	28.5	39
756266	756373	108	2.01	2	4
757247	757280	34	6.79	7	11
757638	757655	18	5.28	6	7
758391	758414	24	16.67	18	21
759429	759454	26	10.77	11	14
761096	761519	424	2.59	2	12
761631	761906	276	27.31	33	57
762273	762475	203	3.67	0	34
762605	762628	24	2.21	2	4
763464	763603	140	7.28	2	26
763745	763856	112	0.00	0	0
764019	764032	14	167.29	149	334
765782	765936	155	77.18	61.5	281
766060	766279	220	0.95	1	2
768974	768984	11	2.18	2	3
770592	770610	19	0.00	0	0
771577	771714	138	0.41	0	2
772261	772349	89	1.70	0	8
774114	774222	109	2.08	2	8
774727	774735	9	0.33	0	1
775795	775818	24	1.17	2	2
776485	776581	97	1.25	1	8
777809	778047	239	1.28	1	6
778942	778945	4	3.00	4	4
779123	779202	80	3.56	0	22
780303	780445	143	0.74	1	2
782096	782190	95	0.47	0	2
782494	782567	74	0.53	1	1
782997	783119	123	2.21	3	4
785031	785138	108	0.21	0	2
785769	785873	105	1.90	2	5
786342	786507	166	0.02	0	1
788050	788277	228	0.23	0	2
789121	789212	92	0.42	0	2
790281	790337	57	0.00	0	0
792237	792239	3	0.00	0	0
792927	792928	2	0.00	0	0
794816	795221	406	1.71	2	5
796134	796176	43	6.91	7	9
796405	796597	193	4.74	0	35
796766	796876	111	6.67	2	33
797804	797870	67	2.10	1	5
799143	799179	37	0.41	0	1
800056	800202	147	0.90	0	11
802244	802449	206	0.24	0	2
803844	804068	225	2.89	0	15
804567	804652	86	3.24	0	10
806714	806804	91	0.82	1	2
807336	807343	8	0.00	0	0
808775	808808	34	3.79	4	5
811119	811392	274	1.23	0	7
811807	811813	7	0.86	1	1
812285	812316	32	0.00	0	0
812401	813075	675	0.50	0	3
814060	814094	35	11.80	11	16
815594	815668	75	1.09	0.5	4
817130	817332	203	0.00	0	0
819083	819084	2	0.00	0	0
820138	820241	104	0.00	0	0
821556	821669	114	0.27	0	1
824231	824305	75	0.85	1	3
825035	825124	90	0.48	0	2
826574	826720	147	0.95	1	5
827072	827103	32	15.72	17	20
828676	828704	29	4.45	5	7
829659	829667	9	1.78	2	2
830040	830068	29	1.93	2	2
830867	830935	69	0.55	0	3
831815	831890	76	3.18	0	18
832515	832604	90	5.46	0	20
833421	833480	60	0.85	0	5
833763	833775	13	3.77	4	5
835480	835487	8	2.62	3	3
837632	837770	139	1.68	2	4
839139	839149	11	5.27	6	7
839889	839911	23	1.91	2	2
840710	840788	79	0.05	0	1
842079	842119	41	0.02	0	1
843146	843150	5	1.00	1	2
843643	843792	150	0.12	0	1
844360	844522	163	2.21	2	4
846362	846434	73	2.10	2	3
848625	848794	170	0.27	0	3
849965	850056	92	1.89	2	5
850225	850306	82	10.01	9	16
851444	851445	2	0.00	0	0
852196	852250	55	1.47	0	9
852659	852759	101	5.66	5	9
853192	853215	24	1.04	2	2
853687	853826	140	0.61	0	4
854688	854690	3	1.33	2	2
855069	855103	35	0.20	0	1
855605	855779	175	0.29	0	7
856914	856951	38	5.74	5	10
857356	857579	224	0.00	0	0
858201	858227	27	0.00	0	0
859644	859981	338	3.44	3	9
860327	860340	14	1.57	2	2
861046	861285	240	0.92	0	4
862204	862215	12	0.00	0	0
862870	862871	2	0.00	0	0
863427	863598	172	1.72	0	15
863881	863920	40	0.53	1	1
865040	865132	93	1.01	0	8
865592	865601	10	6.30	8	8
867855	868012	158	1.15	0	15
868967	868973	7	0.00	0	0
870000	870005	6	0.00	0	0
870999	871170	172	0.68	0	10
872776	873021	246	1.57	1	4
874689	874794	106	1.00	1	3
876730	876829	100	0.72	1	3
877727	877834	108	2.86	3	5
879014	879128	115	0.45	0	3
879477	879669	193	1.21	0	10
883135	883270	136	0.44	0	2
885002	885005	4	0.00	0	0
886822	886890	69	1.32	0	12
887704	887737	34	0.21	0	1
889598	889649	52	0.87	1	1
889809	890005	197	274.28	290.5	364
890279	890525	247	7.09	2	56
894549	894605	57	1.40	0	12
896745	896860	116	9.77	3	37
897833	897846	14	7.36	8	11
898882	898883	2	6.50	13	13
900093	900389	297	10.37	9	27
902697	902870	174	4.35	0	30
903561	903789	229	0.48	0	4
906156	906313	158	0.37	0	2
906992	907075	84	0.18	0	1
907164	907776	613	36.18	1	226
911453	911459	7	0.00	0	0
911856	911961	106	3.20	3	7
912145	912211	67	38.15	51.5	71
912713	912905	193	10.18	2	45
913683	913692	10	1.80	2	2
914233	914393	161	0.00	0	0
915987	915988	2	2.50	5	5
916991	917063	73	0.12	0	1
918272	918395	124	1.60	0	15
919050	919144	95	1.39	2	3
920806	920864	59	1.14	1	2
921435	921460	26	4.38	5	6
922028	922036	9	0.89	1	1
923162	923426	265	0.23	0	2
924736	924854	119	1.40	1	6
925263	925363	101	1.24	1	3
926201	926213	13	4.08	4	5
926712	926725	14	1.79	2	2
927032	927268	237	0.19	0	3
928256	928273	18	5.94	6	8
930971	931058	88	1.86	1	6
931995	932152	158	14.99	0	65
932789	932912	124	4.02	2	19
933501	933515	15	0.93	1	1
934620	934731	112	0.26	0	1
935779	935909	131	0.31	0	2
936813	936931	119	1.25	0	3
938968	939084	117	0.00	0	0
939442	939516	75	4.39	2	11
939976	940217	242	11.00	0	122
943434	943521	88	3.42	3	6
944443	944458	16	5.94	6	7
945161	945207	47	2.23	1	11
946660	946775	116	6.70	3	36
947682	947894	213	9.37	0	59
947968	948254	287	3.20	1	11
948822	949072	251	3.22	2	11
950033	950053	21	5.24	5	7
951386	951566	181	1.18	1	2
954696	954950	255	0.85	0	4
956754	956810	57	1.23	0.5	4
957363	957503	141	16.77	1	62
958623	958734	112	2.47	0	13
959944	959961	18	6.11	6	9
960685	960710	26	2.42	2	4
961251	961374	124	2.42	1	8
964957	964963	7	6.00	7	7
965171	965174	4	8.25	11	11
966573	966720	148	3.59	2	10
966919	967102	184	1.59	0	8
968180	968188	9	10.22	13	14
968717	968916	200	1.91	0	24
970684	970834	151	4.15	2	13
971420	971484	65	0.32	0	1
972232	972489	258	0.94	0	7
974701	974851	151	0.30	0	3
975896	975915	20	3.00	3	4
976780	976838	59	2.00	2	3
978483	978722	240	0.80	1	2
979827	979975	149	6.48	0	23
980450	980472	23	9.83	9	16
981010	981024	15	0.47	0.5	1
983029	983030	2	1.50	3	3
983694	983702	9	4.44	5	5
984519	984533	15	4.27	5	5
985737	985808	72	0.61	0	5
986013	986084	72	0.96	1	3
986523	986674	152	2.58	2	7
987923	987945	23	1.00	0	3
988423	988454	32	2.22	2	3
988941	989061	121	0.08	0	2
990112	990447	336	11.54	0	88
990931	991164	234	23.00	2	102
993265	993553	289	3.16	0	72
995425	995501	77	2.55	1	11
996096	996123	28	7.57	8	12
996751	996915	165	8.24	1	51
997093	997224	132	8.17	3	26
998281	998350	70	1.14	1	3
999272	999499	228	3.90	0	23
999794	999851	58	34.71	37	44
1000467	1000552	86	3.70	3	11
1000627	1000669	43	0.00	0	0
1001777	1001985	209	0.35	0	3
1003125	1003225	101	0.00	0	0
1004198	1004286	89	7.39	7	12
1005355	1005359	5	8.80	11	11
1007244	1007249	6	1.67	2	2
1008177	1008182	6	8.67	10	11
1009483	1009487	5	3.20	4	4
1011819	1012129	311	1.99	2.5	5
1012430	1012436	7	1.71	2	2
1013193	1013230	38	2.45	2	5
1014634	1015257	624	1.44	1	6
1015426	1015433	8	0.00	0	0
1017730	1017731	2	0.00	0	0
1020025	1020026	2	1.00	2	2
1021188	1021191	4	1.50	2	2
1023193	1023196	4	1.50	2	2
1024268	1024341	74	2.27	2	4
1025434	1025493	60	0.65	0	5
1026805	1027017	213	7.69	4	30
1027477	1027504	28	58.82	61	72
1027991	1028077	87	0.89	0	4
1029343	1029442	100	1.15	0	5
1031291	1031371	81	1.38	1	4
1032629	1032766	138	3.51	0	12
1033718	1033742	25	7.16	8	9
1035039	1035098	60	1.33	2	3
1035498	1035557	60	3.78	3	9
1035963	1036237	275	1.14	0	6
1037198	1037304	107	0.07	0	2
1039326	1039742	417	1.17	1	3
1039816	1039927	112	0.00	0	0
1041764	1041771	8	1.88	2	3
1042249	1042426	178	4.76	0	37
1042619	1042705	87	7.74	0	34
1044172	1044980	809	3.36	3	12
1045070	1045277	208	9.00	6	28
1045680	1045704	25	2.28	2	3
1047378	1047414	37	3.35	3	5
1048051	1048052	2	3.50	7	7
1049541	1049555	15	15.80	17	18
1049841	1049908	68	1.26	0	4
1050672	1050910	239	1.09	1	3
1051676	1051839	164	0.95	1	3
1053223	1053397	175	1.19	0	12
1054364	1054507	144	0.29	0	3
1055801	1055860	60	0.25	0	1
1056389	1056451	63	0.76	1	1
1056752	1057229	478	0.70	0	4
1058259	1058366	108	1.81	0	15
1058760	1058899	140	0.28	0	3
1059350	1059373	24	2.62	3	3
1060556	1060573	18	3.50	4	5
1061911	1062051	141	0.00	0	0
1063061	1063062	2	3.00	6	6
1064614	1064689	76	2.72	3	5
1065134	1065138	5	0.00	0	0
1065475	1065539	65	2.52	0	8
1066077	1066171	95	0.61	1	2
1066535	1066828	294	0.25	0	1
1068404	1068443	40	0.12	0	1
1069209	1069368	160	0.29	0	2
1070356	1070407	52	1.40	1	6
1070576	1070853	278	1.84	0	14
1071304	1071312	9	1.56	2	2
1072768	1072814	47	5.19	4	15
1073715	1073815	101	3.04	3	6
1074210	1074217	8	0.88	1	1
1076698	1076781	84	13.79	9	48
1077579	1077589	11	5.91	6.5	7
1077944	1078026	83	17.90	12	71
1078192	1078208	17	46.47	50	57
1078794	1078823	30	3.27	4	4
1079436	1079625	190	0.73	0	5
1080628	1081272	645	0.75	1	3
1081792	1081924	133	1.80	1	4
1082915	1082931	17	1.71	2	2
1083337	1083487	151	1.20	0	18
1084007	1084014	8	8.75	10	10
1085257	1085307	51	8.43	9	11
1086118	1086174	57	2.19	0	7
1086574	1086639	66	4.39	5	7
1087387	1087479	93	2.84	2	13
1089625	1089725	101	8.36	9	15
1089873	1089914	42	0.98	1	2
1091404	1091420	17	1.76	3	3
1092054	1092148	95	0.43	0	2
1093901	1094006	106	0.22	0	3
1094772	1094870	99	1.09	1	3
1095066	1095073	8	21.00	24	24
1095338	1095371	34	67.94	67	84
1096311	1096318	8	3.38	4	4
1096763	1096770	8	18.38	21	21
1099411	1099435	25	1.48	1	3
1100138	1100166	29	6.86	7	8
1101673	1101735	63	7.24	7	12
1102246	1102375	130	5.50	5	12
1102733	1102836	104	0.63	0	6
1104792	1104946	155	1.83	0	13
1105448	1105637	190	5.76	1	22
1107213	1107278	66	1.12	2	2
1108236	1108306	71	1.63	2	3
1108823	1108834	12	0.67	0	3
1109813	1110024	212	3.65	1	16
1110955	1111048	94	3.20	2	8
1112339	1112507	169	0.83	0	4
1113441	1113794	354	3.01	2	16
1114287	1114405	119	3.60	3	11
1115927	1116089	163	1.26	1	4
1119969	1120128	160	1.43	0	8
1121768	1121920	153	1.06	0	7
1122857	1122892	36	0.67	1	1
1123862	1124018	157	1.52	1	11
1124289	1124302	14	3.21	3	4
1126073	1126074	2	2.00	4	4
1126915	1127011	97	1.03	1	3
1127477	1127484	8	1.75	2	2
1128826	1128829	4	1.50	2	2
1129319	1129345	27	1.04	1	2
1129420	1129598	179	0.07	0	1
1129782	1129842	61	0.64	1	2
1130149	1130164	16	0.50	1	1
1130239	1130792	554	0.75	0	3
1132826	1132900	75	2.69	4	7
1134050	1134057	8	0.00	0	0
1134211	1134475	265	0.40	0	2
1134665	1134911	247	0.15	0	1
1135056	1135105	50	0.36	0	1
1135298	1135383	86	1.44	2	3
1137038	1137584	547	0.44	0	3
1137657	1137739	83	0.00	0	0
1137811	1138230	420	3.69	3	14
1138888	1138933	46	20.00	16	37
1140620	1140698	79	18.44	13	53
1141329	1141384	56	4.30	4	8
1144043	1144329	287	0.92	0	6
1144570	1144728	159	3.31	1	11
1145824	1145934	111	1.57	0	10
1146166	1146177	12	40.17	44	47
1146730	1146937	208	0.97	0	13
1148453	1148503	51	3.20	4	8
1149512	1149607	96	4.96	2	24
1149800	1150136	337	123.05	61	625
1150818	1150825	8	1.75	2	2
1153620	1153724	105	0.76	1	2
1153851	1154061	211	0.72	0	3
1154248	1154254	7	4.86	6	6
1154606	1154965	360	114.67	12	539
1155518	1155658	141	0.04	0	1
1156475	1156481	7	2.71	3	4
1157046	1157069	24	4.12	5	5
1157706	1157873	168	2.21	2	6
1157985	1157987	3	2.00	3	3
1158738	1158756	19	9.79	11	13
1160936	1160941	6	0.83	1	1
1161344	1161358	15	6.20	6	8
1162160	1162164	5	8.00	10	10
1162606	1162667	62	1.26	1	3
1163643	1163661	19	7.42	7	10
1164991	1165138	148	0.74	0	6
1165685	1165757	73	0.47	0	1
1166925	1166941	17	3.35	3	6
1168448	1168487	40	1.73	2	2
1169703	1169723	21	0.00	0	0
1170165	1170235	71	18.08	20	25
1170497	1170911	415	24.97	24	78
1171527	1171651	125	0.20	0	2
1172141	1172154	14	15.00	16	23
1172788	1172842	55	58.53	60	83
1173065	1173139	75	51.65	46	111
1173887	1173933	47	12.60	12.5	19
1177779	1177829	51	4.14	5	6
1178565	1178570	6	1.67	2	2
1178823	1178863	41	0.83	1	2
1181600	1181665	66	4.64	5	10
1182467	1182569	103	1.23	1	3
1183017	1183053	37	2.84	3	4
1184200	1184252	53	1.17	2	2
1185225	1185227	3	3.33	5	5
1186350	1186609	260	5.19	1	21
1187327	1187341	15	0.60	1	1
1188143	1188261	119	1.50	1	7
1190956	1191111	156	0.29	0	3
1192177	1192258	82	2.00	2	4
1192541	1192589	49	15.29	16.5	26
1192878	1193057	180	3.02	0	29
1194591	1194595	5	0.00	0	0
1195007	1195033	27	0.96	1	1
1196037	1196247	211	0.53	0	2
1198969	1199025	57	0.00	0	0
1202976	1202992	17	0.00	0	0
1204337	1204363	27	0.00	0	0
1205315	1205318	4	0.00	0	0
1205445	1205466	22	1.64	2	2
1206565	1206570	6	0.83	1	1
1209637	1209639	3	0.67	1	1
1210687	1210693	7	1.71	2	2
1212419	1212481	63	1.06	1	2
1213983	1213987	5	0.80	1	1
1215296	1215300	5	0.80	1	1
1216822	1216824	3	0.67	1	1
1217791	1217794	4	0.00	0	0
1218965	1219070	106	0.69	0	2
1220106	1220156	51	2.22	2	3
1220544	1220683	140	0.00	0	0
1222996	1223104	109	0.56	0	3
1224079	1224128	50	16.06	0	59
1224546	1224834	289	20.38	1	104
1226653	1226672	20	1.90	2	2
1229589	1229686	98	0.01	0	1
1230305	1230513	209	1.33	1	10
1231606	1232860	1255	1.58	1	6
1234448	1234453	6	1.67	2	2
1235741	1235753	13	0.54	1	1
1239203	1239219	17	0.41	0	1
1241236	1241325	90	0.00	0	0
1243408	1243696	289	0.00	0	0
1245382	1246146	765	1.54	1	5
1248779	1248792	14	1.43	2	2
1249414	1249440	27	4.93	5	7
1249864	1249882	19	2.63	3	4
1250003	1250112	110	0.78	1	2
1252360	1252412	53	0.02	0	1
1252500	1252591	92	0.83	0	2
1253915	1254193	279	0.13	0	1
1255968	1255999	32	4.12	4	6
1257008	1257136	129	1.84	1	9
1258409	1258417	9	4.33	6	6
1261818	1261821	4	3.00	4	4
1263438	1263660	223	1.11	1	2
1265809	1266022	214	0.11	0	2
1266950	1267044	95	0.52	1	1
1270081	1270195	115	0.11	0	1
1271039	1271044	6	0.00	0	0
1271156	1271157	2	0.50	1	1
1272478	1272490	13	12.23	13	14
1272734	1272868	135	7.07	4.5	22
1274442	1274558	117	0.56	0	2
1275933	1275965	33	1.58	1	3
1277433	1277472	40	0.35	0	2
1279714	1279756	43	0.19	0	1
1279886	1279913	28	2.18	2	3
1281132	1281137	6	0.83	1	1
1282090	1282145	56	2.70	3	4
1283037	1283485	449	0.99	1	4
1284991	1285146	156	0.00	0	0
1286382	1286414	33	3.36	3	7
1287813	1288001	189	0.19	0	2
1289697	1289750	54	0.44	0	2
1290222	1290359	138	2.46	0	16
1290993	1291024	32	7.03	7	10
1291703	1291925	223	0.41	0	4
1292424	1292504	81	0.26	0	1
1293666	1293669	4	1.50	2	2
1294692	1294698	7	3.14	4	4
1295991	1296010	20	18.65	19	25
1297421	1297450	30	7.80	7	11
1298477	1298604	128	2.39	1	9
1298917	1299198	282	0.89	0	4
1299652	1299761	110	1.98	1	12
1301073	1301085	13	9.54	10	11
1301929	1302421	493	0.69	0	5
1303112	1303209	98	0.29	0	1
1304656	1304676	21	0.00	0	0
1305853	1305877	25	1.80	2	3
1307501	1307507	7	0.00	0	0
1307880	1307936	57	5.91	4.5	17
1308702	1308807	106	0.31	0	1
1308922	1309141	220	0.13	0	2
1311062	1311110	49	0.65	0	4
1312116	1312276	161	0.19	0	1
1313072	1313185	114	1.15	1	3
1315268	1315393	126	0.29	0	1
1316783	1316844	62	0.13	0	1
1318081	1318254	174	2.30	0	11
1319557	1319736	180	0.67	0	7
1321830	1321834	5	3.40	4	5
1322639	1322768	130	1.73	1	4
1323231	1323245	15	1.60	2	2
1324260	1324268	9	2.67	3	3
1324932	1324964	33	4.97	5.5	8
1327284	1327309	26	13.85	14	17
1328699	1328725	27	12.48	12.5	16
1330585	1330734	150	0.40	0	2
1331452	1331470	19	8.53	9	10
1332017	1332047	31	6.00	7	9
1332819	1333020	202	2.00	0	14
1333942	1334028	87	11.07	8	35
1334812	1335074	263	13.15	10	49
1335744	1335749	6	2.50	3	3
1339233	1339363	131	0.28	0	1
1341276	1341305	30	3.13	3	7
1341906	1341977	72	1.39	2	2
1343463	1343523	61	16.33	20	24
1344478	1344495	18	13.39	14	15
1344764	1344791	28	3.14	3	4
1346499	1346541	43	0.00	0	0
1347277	1347282	6	1.67	2	2
1350366	1350394	29	4.41	4	8
1352390	1352398	9	5.33	7	7
1352723	1352728	6	4.17	5	5
1353332	1353407	76	5.51	6	11
1353525	1353549	25	43.20	45	52
1354060	1354121	62	3.52	3	12
1354785	1354835	51	0.06	0	1
1355586	1355746	161	0.16	0	3
1356230	1356244	15	4.40	4	10
1357250	1357269	20	3.25	4	6
1357627	1357639	13	12.54	13	16
1361715	1361716	2	1.00	2	2
1362368	1362389	22	4.91	5	9
1362822	1362823	2	4.50	9	9
1364042	1364043	2	2.00	4	4
1364713	1364736	24	6.79	6	11
1365250	1365318	69	6.12	4	14
1365688	1365904	217	0.86	0	14
1368980	1369152	173	0.00	0	0
1369227	1369355	129	0.03	0	1
1370766	1370956	191	0.71	0	3
1372439	1372612	174	2.16	2	6
1374065	1374205	141	4.11	4	12
1375325	1375454	130	1.12	0	16
1377411	1377598	188	1.43	0	7
1377671	1377820	150	0.83	0	7
1378094	1378280	187	27.24	26	61
1380702	1380941	240	5.69	4	18
1381590	1381799	210	4.17	0	22
1383162	1383208	47	3.02	2	7
1383291	1383358	68	0.66	0	2
1384862	1384901	40	0.90	1	1
1384975	1385369	395	2.62	0	24
1386798	1387130	333	0.93	0	15
1387587	1387624	38	2.74	3	5
1389136	1389172	37	1.68	1	3
1391424	1391478	55	8.40	9.5	19
1392076	1392210	135	3.79	0	32
1393750	1393756	7	2.86	3	4
1395995	1396141	147	1.26	1	3
1397609	1397877	269	2.23	2	6
1398151	1398261	111	0.64	1	1
1398499	1398513	15	1.47	2	2
1399474	1399664	191	0.49	0	2
1400868	1400989	122	1.66	1	6
1402016	1402059	44	0.00	0	0
1402627	1402813	187	0.50	0	6
1404125	1404138	14	7.50	9	9
1406233	1406290	58	0.93	0	5
1407719	1407799	81	5.33	0	22
1408793	1408856	64	0.00	0	0
1411664	1411764	101	1.71	1	6
1412092	1412135	44	2.14	2	3
1412508	1412509	2	3.50	7	7
1413602	1413829	228	3.15	3	6
1414391	1414688	298	46.38	10	241
1414893	1415056	164	65.35	50	197
1417004	1417101	98	0.93	1	4
1419293	1419306	14	4.43	5	6
1420138	1420349	212	1.12	0	5
1420695	1420730	36	8.50	8	16
1421040	1421096	57	0.35	0	2
1421697	1421716	20	0.95	1	1
1422104	1422181	78	0.62	1	1
1424792	1425104	313	3.03	1	15
1425453	1425473	21	24.48	26.5	29
1425600	1425780	181	6.50	2	24
1427190	1427251	62	1.42	1	3
1428311	1428448	138	0.03	0	1
1430119	1430231	113	1.58	2	3
1431300	1431500	201	1.59	1	6
1432251	1432259	9	1.78	2	2
1433490	1433552	63	0.10	0	1
1434777	1434873	97	0.23	0	1
1436231	1436243	13	2.92	3	4
1437498	1437625	128	4.34	5	10
1438554	1438557	4	0.25	0	1
1439200	1439278	79	1.23	1	3
1439462	1439463	2	1.50	3	3
1443228	1443236	9	1.56	2	2
1443996	1444108	113	1.02	0	5
1444856	1444877	22	0.73	0	2
1445589	1445590	2	0.00	0	0
1447965	1447990	26	1.35	1	2
1448720	1448724	5	0.00	0	0
1449583	1449675	93	0.01	0	1
1450902	1450981	80	5.92	4	14
1452071	1452382	312	4.62	0	23
1455934	1455940	7	3.57	4	5
1457213	1457224	12	1.08	1	2
1458323	1458324	2	0.50	1	1
1458883	1459039	157	0.94	0	6
1459169	1459195	27	7.89	8	9
1461014	1461125	112	93.72	92	142
1462020	1462159	140	11.14	2	37
1463102	1463118	17	1.88	2	2
1463554	1463615	62	0.00	0	0
1465137	1465377	241	1.13	0	6
1465870	1465977	108	0.00	0	0
1466353	1466421	69	6.84	8.5	12
1466974	1467084	111	1.96	2	4
1468057	1468058	2	4.00	8	8
1469919	1469981	63	0.00	0	0
1472062	1472226	165	4.07	3	10
1473151	1473288	138	1.74	1	4
1475701	1475970	270	1.21	1	5
1476316	1476331	16	8.44	9	11
1476776	1476890	115	3.04	2	9
1477167	1477189	23	1.52	1	3
1477751	1477755	5	0.00	0	0
1478167	1478400	234	12.30	4	94
1479694	1479895	202	6.20	0	28
1480856	1480864	9	11.00	12	13
1482293	1482294	2	1.50	3	3
1483231	1483361	131	0.89	1	4
1484310	1484377	68	1.66	1	6
1484714	1484954	241	6.00	2	20
1485531	1485659	129	3.53	0	17
1485774	1485866	93	0.00	0	0
1486797	1486983	187	88.43	7	369
1487869	1487929	61	38.92	16	170
1488365	1488368	4	3.75	5	5
1489854	1489875	22	2.27	2	4
1490911	1491028	118	3.92	5	10
1491869	1491891	23	3.39	4	6
1493092	1493212	121	0.68	0.5	2
1494344	1494659	316	5.24	2	21
1494948	1495066	119	1.68	0	7
1496168	1496174	7	3.00	4	4
1497318	1497410	93	0.78	1	2
1498917	1499049	133	0.56	0	2
1500160	1500237	78	0.00	0	0
1501021	1501148	128	0.20	0	2
1501389	1501474	86	0.21	0	2
1502120	1502147	28	1.57	2	2
1503402	1503534	133	9.72	0	132
1503796	1503882	87	92.26	72	152
1504033	1504047	15	4.40	5	5
1504633	1504640	8	0.88	1	1
1506053	1506139	87	2.86	2	10
1506365	1506413	49	1.49	2	2
1507432	1507495	64	0.00	0	0
1507655	1507847	193	0.00	0	0
1509339	1509388	50	53.74	63	88
1509827	1509901	75	7.28	5	30
1511655	1511753	99	2.93	3.5	6
1511898	1511981	84	34.79	22	65
1512477	1512595	119	3.93	3	10
1512806	1512858	53	9.08	10	12
1513204	1513438	235	4.24	1	19
1514852	1514866	15	7.67	8	10
1515392	1515396	5	1.80	2	3
1516138	1516181	44	4.98	6	8
1516782	1516895	114	2.24	2	5
1518015	1518543	529	6.60	0	198
1519285	1519799	515	13.38	0	174
1520868	1520873	6	0.83	1	1
1521636	1521651	16	2.94	3	5
1522420	1522529	110	1.17	0	4
1524408	1524588	181	3.81	1	14
1525681	1525715	35	7.66	9	12
1526904	1527035	132	3.55	3	8
1527858	1527881	24	0.67	1	1
1529469	1529621	153	4.18	0	13
1530318	1530409	92	7.27	8	17
1533504	1533509	6	5.83	8	8
1534728	1534785	58	3.60	3	7
1536712	1536928	217	3.11	0	13
1537553	1537561	9	1.11	1	2
1538492	1538513	22	0.64	1	1
1540143	1540246	104	0.36	0	1
1542131	1542385	255	2.22	1	9
1543067	1543106	40	2.35	2	5
1543803	1543911	109	0.06	0	1
1544937	1544963	27	0.00	0	0
1545038	1545120	83	0.00	0	0
1545235	1545422	188	1.56	0	9
1546656	1546809	154	1.29	0	15
1546884	1547070	187	2.05	0	24
1547848	1548053	206	4.28	1	22
1548801	1548865	65	4.98	4.5	11
1549799	1550008	210	1.24	1	5
1550822	1550838	17	3.24	3	4
1551667	1551717	51	4.18	2.5	11
1551955	1552165	211	2.61	1	15
1553018	1553035	18	9.94	11	12
1553402	1553569	168	2.53	2	8
1554857	1554859	3	0.67	1	1
1556746	1556748	3	0.67	1	1
1557907	1558047	141	0.26	0	1
1559437	1559451	15	1.00	1	2
1561036	1561111	76	1.46	1	3
1562789	1563009	221	0.56	0	3
1564357	1564475	119	1.52	1	7
1565247	1565317	71	1.38	1	5
1565573	1565654	82	2.00	1	8
1566957	1566965	9	0.00	0	0
1567332	1567440	109	2.46	0	20
1568056	1568240	185	10.88	0	48
1569003	1569111	109	0.00	0	0
1571017	1571136	120	2.45	1	10
1572523	1572622	100	1.00	0	4
1572697	1572717	21	0.00	0	0
1573840	1573854	15	5.40	6	7
1576348	1576419	72	3.22	2	10
1578394	1578557	164	1.70	0	29
1578924	1579028	105	4.34	0	22
1579524	1579569	46	5.22	3	12
1580773	1580844	72	0.68	0	4
1581604	1581751	148	0.70	1	3
1585079	1585088	10	5.40	6	6
1585206	1585234	29	0.00	0	0
1587086	1587097	12	0.92	1	1
1587582	1587742	161	0.30	0	1
1588214	1588293	80	1.56	1	6
1588501	1588514	14	5.00	6	7
1588749	1588858	110	0.49	0	2
1589330	1589481	152	0.99	1	3
1590433	1590513	81	3.11	2	14
1591501	1591536	36	4.92	5	7
1592425	1592652	228	0.18	0	2
1592863	1592888	26	1.19	1	2
1594158	1594322	165	0.91	0	3
1596069	1596209	141	0.40	0	2
1597425	1597457	33	1.27	1	6
1598430	1598636	207	0.71	0	4
1599756	1599773	18	8.61	10	10
1600188	1600277	90	3.46	2	18
1601631	1601721	91	0.13	0	1
1605259	1605479	221	0.59	0	4
1606269	1606287	19	0.00	0	0
1607203	1607301	99	0.62	0	3
1607716	1607797	82	1.94	2	3
1608074	1608120	47	0.00	0	0
1610254	1610336	83	1.30	0	8
1611189	1611266	78	0.94	0	7
1613878	1613895	18	1.67	2	2
1614601	1614997	397	1.53	1	8
1617327	1618037	711	7.92	7	31
1618341	1618489	149	1.55	1	8
1618691	1618710	20	24.35	26	30
1618784	1618982	199	5.22	3	18
1619502	1619509	8	2.00	2	3
1619960	1619961	2	1.50	3	3
1622701	1622869	169	0.52	0	3
1623320	1623401	82	1.05	0	7
1624368	1624454	87	0.00	0	0
1625325	1625344	20	0.95	1	1
1625966	1626037	72	1.88	1	8
1626521	1626756	236	0.82	0	4
1629271	1629479	209	0.11	0	1
1631985	1632136	152	1.59	0	10
1634996	1635263	268	1.48	1	9
1636251	1636255	5	4.40	5.5	6
1637234	1637286	53	1.45	0	4
1637701	1637781	81	0.40	0	3
1639015	1639073	59	0.56	0	6
1639156	1639234	79	0.00	0	0
1641011	1641025	15	3.13	3	5
1643006	1643068	63	6.83	6	13
1644200	1644214	15	6.20	6.5	9
1651247	1651358	112	44.07	45	71
1652679	1653202	524	31.60	10	183
1653830	1654022	193	4.84	0	29
1654670	1654875	206	5.25	0	52
1655230	1655269	40	105.00	116	144
1655837	1656041	205	3.56	3	13
1656693	1656847	155	0.00	0	0
1657709	1657833	125	1.61	1	4
1658161	1658166	6	3.83	5	5
1659255	1659321	67	0.28	0	2
1660576	1660611	36	0.00	0	0
1660738	1660745	8	0.00	0	0
1661511	1661625	115	2.20	2	5
1664233	1664367	135	0.84	0	3
1665301	1665326	26	2.27	3	3
1665762	1665880	119	1.22	0	6
1666925	1666961	37	1.43	1	3
1667145	1667231	87	1.37	2	2
1668192	1668329	138	1.60	0	7
1669023	1669097	75	16.03	8	149
1669290	1669781	492	89.63	0	510
1671394	1671486	93	2.10	2	4
1673239	1673454	216	2.57	2	8
1674004	1674043	40	7.83	8	10
1674317	1674468	152	1.32	0	8
1675234	1675254	21	28.62	30	37
1676524	1676556	33	16.64	14	24
1677112	1677268	157	5.78	0	26
1677755	1677822	68	1.09	1	2
1678750	1678857	108	0.80	1	2
1679578	1679602	25	4.56	5	6
1680833	1680843	11	0.00	0	0
1681324	1681334	11	0.00	0	0
1681461	1681466	6	0.00	0	0
1682460	1682467	8	0.88	1	1
1686163	1686166	4	0.00	0	0
1688255	1688260	6	21.33	26	26
1688939	1689081	143	10.52	5.5	32
1691167	1691244	78	2.79	3	5
1692647	1692706	60	0.42	0	2
1693427	1693575	149	1.89	1	18
1694725	1694762	38	3.32	2	10
1694880	1694915	36	0.28	0	1
1695378	1695574	197	3.04	0	16
1696178	1696188	11	0.00	0	0
1698721	1698774	54	0.61	1	1
1699843	1699850	8	2.62	3	3
1700625	1700628	4	1.25	2	2
1700893	1700898	6	1.67	2	2
1701016	1701029	14	4.14	5	6
1701315	1701391	77	15.06	9.5	42
1701809	1701849	41	3.34	4	5
1702294	1702325	32	2.66	3	4
1702713	1702852	140	0.31	0	3
1703855	1703951	97	0.49	0	3
1705563	1705670	108	1.39	1	4
1708662	1708702	41	1.73	2	4
1710288	1710302	15	7.80	8	9
1711050	1711088	39	2.87	3	5
1711662	1711666	5	3.20	4	4
1712774	1712865	92	3.70	4	7
1713451	1713823	373	0.66	0	5
1714544	1714585	42	1.79	2	4
1715369	1715390	22	2.73	4	4
1716360	1716406	47	2.17	2	4
1717169	1717385	217	5.15	5.5	12
1717677	1717707	31	0.00	0	0
1718400	1718525	126	5.21	5	11
1718976	1719272	297	4.80	0	41
1720398	1720413	16	2.56	3	4
1721238	1721288	51	2.37	2	4
1722981	1722996	16	1.50	1	3
1723753	1723844	92	3.95	3	11
1725897	1725960	64	6.56	6	13
1727671	1727844	174	15.18	8	60
1728355	1728473	119	1.23	0	12
1730022	1730211	190	5.56	0	37
1730620	1730682	63	8.32	5	21
1731190	1731207	18	0.00	0	0
1732174	1732206	33	0.70	1	1
1732966	1733146	181	0.25	0	6
1733711	1733735	25	0.00	0	0
1734792	1735001	210	0.69	0	3
1735275	1735418	144	1.50	1	5
1735493	1735630	138	0.00	0	0
1735979	1736097	119	7.37	7	10
1736299	1736568	270	6.66	1	82
1737202	1737333	132	6.43	0	60
1737631	1737636	6	3.33	4	4
1738792	1738822	31	2.71	2.5	5
1739360	1739361	2	0.00	0	0
1739764	1739765	2	2.00	4	4
1742700	1742759	60	0.13	0	1
1744323	1744325	3	1.33	2	2
1746077	1746084	8	0.00	0	0
1746814	1746957	144	0.22	0	2
1748059	1748181	123	1.31	0	6
1749004	1749048	45	3.11	3	6
1749679	1749742	64	1.41	1	2
1750253	1750281	29	1.45	1	3
1750786	1751002	217	5.78	1	28
1752947	1753048	102	2.90	3	7
1754219	1754252	34	0.47	0	1
1754803	1754846	44	2.30	3	3
1756317	1756379	63	0.00	0	0
1757013	1757016	4	0.75	1	1
1757647	1757662	16	16.12	12	28
1758383	1758638	256	10.97	9	36
1760535	1760614	80	0.00	0	0
1761381	1761391	11	0.00	0	0
1762223	1762466	244	0.00	0	0
1763199	1763307	109	0.00	0	0
1763858	1763988	131	0.00	0	0
1764124	1764649	526	0.37	0	4
1765127	1765253	127	1.22	1	3
1765554	1766354	801	0.26	0	2
1766559	1766892	334	0.43	0	3
1770781	1772349	1569	6.18	6	15
1772632	1773309	678	1.51	1	6
1774519	1774615	97	0.85	1	3
1774700	1774798	99	2.30	2	4
1775591	1775738	148	1.89	2	5
1777258	1777383	126	0.01	0	1
1778686	1778819	134	1.72	0	9
1779156	1779376	221	5.02	4	14
1779887	1780105	219	21.74	1	125
1782493	1782626	134	1.42	0	15
1783815	1784138	324	1.58	0	33
1785086	1785105	20	2.05	2	4
1785805	1786145	341	56.26	0	626
1786503	1786748	246	130.30	78	562
1787021	1787031	11	1.36	2	2
1787308	1787519	212	1.75	0	10
1788171	1788175	5	1.00	1	2
1788497	1788568	72	1.04	1	2
1788815	1789042	228	0.73	0	12
1789598	1789862	265	3.63	3	11
1790832	1791058	227	0.70	1	2
1792196	1792435	240	0.76	0	7
1793366	1793379	14	0.93	1	1
1795168	1795336	169	0.20	0	1
1796432	1796485	54	1.07	1	3
1799267	1799539	273	5.14	0	28
1799807	1799907	101	0.17	0	1
1800541	1800546	6	1.67	2	2
1801210	1801216	7	2.57	3	3
1801946	1802039	94	0.00	0	0
1804551	1804555	5	0.00	0	0
1806746	1806796	51	1.61	1	3
1807550	1807671	122	1.05	0	9
1807978	1807990	13	10.77	11	14
1808852	1808922	71	0.35	0	2
1809937	1810070	134	1.25	0	4
1811133	1811239	107	1.20	0	6
1812299	1812321	23	3.48	5	6
1815132	1815262	131	1.21	1	4
1816589	1816592	4	0.00	0	0
1817493	1817756	264	0.62	1	4
1817982	1817986	5	1.60	2	2
1818560	1818697	138	0.00	0	0
1819181	1819184	4	0.00	0	0
1819506	1819513	8	0.00	0	0
1821316	1821342	27	0.00	0	0
1823368	1823448	81	2.10	0	13
1823953	1824121	169	0.36	0	6
1824641	1824642	2	0.00	0	0
1827111	1827329	219	0.17	0	1
1827573	1827611	39	0.54	1	1
1828437	1828936	500	2.88	0	23
1829318	1829420	103	1.64	0	17
1830195	1830230	36	0.94	1	2
1830435	1830456	22	0.00	0	0
1832059	1832060	2	0.00	0	0
1832325	1832363	39	0.00	0	0
1833134	1833375	242	0.39	0	2
1834018	1834120	103	1.37	1	4
1834640	1834646	7	2.00	2	3
1835622	1835782	161	0.20	0	1
1836026	1836042	17	0.41	0	1
1836727	1836728	2	0.00	0	0
1837485	1837489	5	2.40	3	3
1838387	1838422	36	1.94	2	3
1839308	1839432	125	1.01	0	11
1839751	1840272	522	3.01	0	28
1840759	1840855	97	4.61	3	18
1841093	1841136	44	15.77	13	24
1841473	1841541	69	3.14	2	10
1843102	1843145	44	4.14	5	5
1844277	1844278	2	1.00	2	2
1846250	1846278	29	6.00	7	7
1846723	1846742	20	3.10	3	5
1847602	1848021	420	6.30	6	17
1849060	1849224	165	5.27	1	22
1849348	1849480	133	3.35	1	20
1849871	1850067	197	1.36	0	6
1851307	1851435	129	0.60	0	4
1851556	1851570	15	9.40	10	12
1855132	1855137	6	7.17	9	9
1857393	1857401	9	0.00	0	0
1862334	1862542	209	0.09	0	1
1864259	1864264	6	2.50	3	3
1864532	1864570	39	4.82	5	9
1865966	1866105	140	4.54	1	21
1866487	1866789	303	6.74	2	38
1867882	1867985	104	1.19	0	9
1868988	1869020	33	1.30	1	2
1869273	1869278	6	2.50	3	3
1871349	1871445	97	0.38	0	1
1873117	1873137	21	1.67	2	2
1874014	1874083	70	0.00	0	0
1875059	1875260	202	1.15	1	4
1876194	1876429	236	0.86	0	9
1878245	1878301	57	72.93	82.5	109
1879429	1879474	46	0.00	0	0
1880741	1880766	26	2.42	2	4
1881484	1881560	77	1.48	1.5	2
1882557	1882593	37	7.62	8	12
1883578	1883588	11	0.91	1	1
1885032	1885035	4	3.00	4	4
1886188	1886264	77	0.35	0	1
1891340	1891428	89	1.93	2	4
1895132	1895133	2	0.00	0	0
1896600	1896833	234	0.74	0	4
1897014	1897226	213	0.35	0	1
1897356	1897417	62	0.00	0	0
1897885	1897927	43	0.63	1	1
1898687	1898695	9	1.89	2	3
1899575	1899576	2	0.50	1	1
1900909	1900976	68	0.79	0	9
1901941	1902000	60	0.25	0	2
1902430	1902474	45	14.33	15	18
1903270	1903457	188	5.12	2	15
1903833	1903923	91	2.98	2	10
1904857	1905039	183	1.23	0	8
1905229	1905289	61	1.33	1	5
1907078	1907092	15	9.80	11	12
1907489	1907505	17	8.59	8	12
1907941	1908080	140	2.05	1	6
1908537	1908683	147	2.24	0	8
1909179	1909289	111	1.41	1	3
1910298	1910401	104	0.19	0	1
1912733	1912881	149	2.47	2	8
1913653	1913744	92	2.95	3	17
1914480	1914560	81	18.59	15	63
1915089	1915282	194	4.68	5	11
1916276	1916282	7	21.86	25.5	27
1917501	1917580	80	0.12	0	1
1919420	1919434	15	11.13	11	14
1921064	1921081	18	5.22	5	8
1922864	1922865	2	6.50	13	13
1923427	1923523	97	0.35	0	4
1924028	1924036	9	0.89	1	1
1925258	1925261	4	1.50	2	2
1926168	1926188	21	3.29	3	5
1927742	1927852	111	0.00	0	0
1929104	1929212	109	0.00	0	0
1930029	1930031	3	0.00	0	0
1930341	1930537	197	0.73	0	4
1933190	1933229	40	0.00	0	0
1934241	1934282	42	2.88	3	4
1934937	1934948	12	0.00	0	0
1935331	1935449	119	0.00	0	0
1937793	1937860	68	5.82	6	9
1939610	1939774	165	1.13	0	15
1939979	1940046	68	4.71	7	8
1941472	1941491	20	8.30	9	10
1941864	1942025	162	3.72	1	13
1943013	1943309	297	0.27	0	1
1944162	1944454	293	1.58	0	8
1945274	1945489	216	33.35	30	84
1945994	1946075	82	3.90	1	14
1947885	1948072	188	1.28	0	20
1948667	1948742	76	2.68	1	8
1949898	1949968	71	0.73	1	1
1950398	1950505	108	1.40	1	6
1951166	1951188	23	3.74	4	5
1952194	1952260	67	0.60	1	1
1955825	1955968	144	1.80	0	6
1956170	1956357	188	0.48	0	7
1959733	1959784	52	0.48	0	1
1960205	1960456	252	2.63	0	10
1961309	1961359	51	2.94	2	7
1961696	1961757	62	0.47	0	1
1961869	1961874	6	1.17	2	3
1964545	1964651	107	0.79	1	2
1966980	1967074	95	0.78	1	1
1967930	1968077	148	1.87	2	5
1969689	1969765	77	60.39	45.5	126
1971668	1971714	47	0.96	1	2
1972618	1972635	18	0.67	1	1
1974778	1975104	327	1.13	0	5
1975177	1975529	353	0.10	0	1
1977287	1977916	630	1.00	0	9
1978070	1978092	23	0.87	1	1
1978399	1978705	307	0.12	0	1
1980035	1980516	482	1.35	1	4
1980652	1982548	1897	17.73	12	66
1982726	1983084	359	1.98	1	6
1983286	1983445	160	1.01	1	3
1986789	1987056	268	1.53	2	3
1987312	1987954	643	0.57	0	3
1988945	1988948	4	0.00	0	0
1991287	1991288	2	0.00	0	0
1991922	1992910	989	1.20	1	8
1993211	1993974	764	0.85	0	5
1995889	1996274	386	0.00	0	0
1997145	1997158	14	0.93	1	1
1997609	1997680	72	1.60	2	3
2000000	2000267	268	0.34	0	2
2002206	2002214	9	1.78	2	2
2003547	2003729	183	0.00	0	0
2004432	2004440	9	0.89	1	1
2004978	2005099	122	1.54	2	3
2006465	2006488	24	3.67	4	4
2007371	2007699	329	0.42	0	7
2008924	2009164	241	2.68	0	15
2009672	2009733	62	0.00	0	0
2010313	2010323	11	0.00	0	0
2011281	2011293	13	0.00	0	0
2013316	2013342	27	1.00	1	2
2014087	2014336	250	1.78	0	15
2014652	2014676	25	12.28	13	14
2017418	2017511	94	0.07	0	3
2024508	2024893	386	0.95	0	9
2026622	2026691	70	2.20	0	13
2028543	2028698	156	0.35	0	1
2029326	2029451	126	7.16	6	20
2030673	2030808	136	0.27	0	1
2034330	2034363	34	0.91	1	3
2035249	2035273	25	1.40	1	2
2036402	2036403	2	2.50	5	5
2039576	2039602	27	4.30	5	5
2040182	2040224	43	1.42	2	2
2040588	2040682	95	1.92	0	10
2042399	2042799	401	14.27	0	226
2046759	2046761	3	0.00	0	0
2048720	2048865	146	1.76	0	7
2052175	2052235	61	0.69	1	1
2053229	2053358	130	1.48	0	11
2053959	2054024	66	0.17	0	1
2055009	2055256	248	1.42	1	5
2056145	2056146	2	1.00	2	2
2057868	2057873	6	0.00	0	0
2059145	2059221	77	1.77	2	3
2059438	2059545	108	4.02	4	7
2061352	2061357	6	2.50	3	3
2062267	2062380	114	1.33	0	7
2062795	2062908	114	0.00	0	0
2064389	2064397	9	0.00	0	0
2067064	2067289	226	0.33	0	2
2068151	2068299	149	0.62	0	3
2069083	2069130	48	6.96	7	11
2069758	2069899	142	0.39	0	3
2070617	2070679	63	0.98	1	4
2072435	2072614	180	1.12	0	7
2073701	2074028	328	0.36	0	17
2074293	2074352	60	1.67	1	4
2075352	2075362	11	0.91	1	1
2076482	2076549	68	6.63	6	12
2077804	2077869	66	0.50	1	1
2081134	2081186	53	0.11	0	1
2081664	2081730	67	2.31	1	14
2082409	2082612	204	1.51	0	6
2083747	2083762	16	0.88	1	2
2084102	2084210	109	0.60	0	2
2085858	2085919	62	0.19	0	2
2087123	2087126	4	0.75	1	1
2087841	2088066	226	0.00	0	0
2088130	2088224	95	1.13	1	3
2088298	2088418	121	0.41	0	2
2091392	2092342	951	2.68	1	23
2092577	2092627	51	0.61	1	1
2094332	2095117	786	0.67	0	5
2096291	2096468	178	0.90	1	2
2096661	2097239	579	3.51	3	9
2099046	2099330	285	0.87	1	3
2099706	2099870	165	7.52	0	77
2100384	2100503	120	22.22	20	47
2100984	2100986	3	11.00	16.5	17
2101707	2101832	126	1.03	1	3
2103020	2103080	61	0.36	0	1
2106089	2106097	9	4.44	5	5
2107189	2107261	73	2.41	1	7
2108153	2108202	50	0.70	1	1
2113581	2113695	115	1.00	0	4
2114974	2115037	64	0.58	1	1
2116862	2116863	2	1.00	2	2
2117377	2117380	4	3.00	4	4
2119793	2119900	108	0.67	1	2
2121364	2121365	2	0.00	0	0
2122701	2122787	87	0.87	1	2
2124222	2124232	11	0.00	0	0
2125370	2125474	105	1.55	0	6
2126072	2126267	196	31.85	31	50
2127282	2127382	101	26.67	29	55
2127779	2127800	22	108.45	108	136
2128182	2128493	312	17.75	2	90
2128935	2129013	79	0.42	0	1
2129638	2129639	2	5.50	11	11
2130981	2131233	253	0.83	0	6
2131756	2131793	38	50.16	51	63
2132028	2132063	36	62.69	65	68
2132727	2132757	31	46.52	50.5	55
2133133	2133160	28	77.04	77	99
2133698	2133719	22	54.50	63	74
2134116	2134190	75	30.24	32	47
2134476	2134526	51	67.10	65	84
2135073	2135093	21	82.67	87	92
2135418	2135419	2	32.50	65	65
2135786	2135841	56	33.20	33	46
2136223	2136253	31	66.48	69	86
2136497	2136528	32	46.12	48	54
2136940	2136980	41	77.12	81.5	107
2137665	2137716	52	56.67	62	75
2138092	2138133	42	50.38	54	64
2138407	2138430	24	44.38	48	58
2139253	2139294	42	54.76	54	79
2139613	2139633	21	116.19	115.5	139
2140255	2140290	36	64.56	55	108
2141023	2141061	39	89.67	89	138
2141380	2141404	25	82.08	90	98
2142581	2142647	67	127.70	121.5	168
2144742	2144768	27	66.81	68	92
2145249	2145272	24	84.50	89	106
2145594	2145633	40	60.38	57	89
2145829	2145970	142	9.24	1	29
2146106	2146381	276	1.00	0	33
2150573	2150658	86	15.86	15	34
2155000	2155213	214	5.89	5	17
2155328	2155390	63	0.73	1	2
2156027	2156245	219	1.29	0	7
2156609	2156650	42	93.62	96	105
2157245	2157508	264	18.57	4	59
2157737	2157815	79	4.18	3	9
2158173	2158270	98	4.20	3	17
2158982	2158989	8	43.50	49	52
2159317	2159616	300	19.50	21	51
2159992	2160059	68	0.72	1	2
2160195	2160245	51	0.75	0	2
2160777	2160830	54	8.15	8	10
2161026	2161276	251	1.34	0	7
2162243	2162331	89	1.27	1	2
2162405	2162534	130	0.00	0	0
2164188	2164274	87	8.47	9	20
2165730	2165905	176	10.48	10	18
2167985	2168069	85	0.14	0	2
2168181	2168193	13	44.23	48	48
2168740	2168741	2	0.00	0	0
2169369	2169601	233	34.86	1	192
2170493	2170676	184	1.51	1	6
2171466	2171470	5	4.00	5	5
2173151	2173549	399	0.70	0	13
2175770	2175784	15	4.87	5	6
2179214	2180217	1004	1.94	1	8
2180788	2181297	510	0.07	0	1
2181607	2181686	80	0.09	0	1
2184541	2184865	325	0.34	0	2
2185073	2185426	354	0.21	0	1
2186414	2186823	410	1.53	1	4
2186895	2187054	160	0.33	0	5
2187871	2187890	20	1.95	2	3
2188827	2188956	130	0.00	0	0
2189773	2189798	26	4.23	4	6
2190588	2190590	3	2.00	3	3
2191563	2191564	2	0.50	1	1
2192483	2192581	99	0.82	0	7
2195660	2195734	75	5.57	7	14
2196869	2197090	222	7.65	4	33
2198297	2198320	24	2.42	3	3
2200921	2201098	178	1.15	1	4
2201938	2202010	73	0.62	0	3
2202356	2202426	71	0.94	0	6
2203204	2203235	32	3.28	3	4
2203854	2203919	66	7.23	4	20
2204979	2205005	27	28.89	30	34
2205363	2205469	107	2.25	0	27
2205818	2205839	22	2.23	2	4
2207214	2207295	82	0.72	0	4
2209907	2209992	86	0.34	0	1
2211529	2211537	9	0.00	0	0
2213115	2213139	25	0.04	0	1
2215359	2215407	49	0.00	0	0
2217420	2217468	49	0.00	0	0
2218738	2218741	4	1.50	2	2
2219420	2219558	139	0.00	0	0
2220540	2220599	60	0.00	0	0
2220909	2220952	44	0.00	0	0
2221160	2221317	158	0.34	0	3
2222536	2222849	314	1.17	1	4
2224695	2224877	183	0.85	1	4
2225151	2225398	248	2.92	3	7
2225915	2225931	17	0.00	0	0
2229064	2229134	71	0.00	0	0
2230410	2230416	7	1.71	2	2
2231701	2232247	547	2.40	1	12
2232683	2232690	8	5.62	7	7
2232961	2233441	481	0.60	0	8
2235326	2235662	337	1.34	1	5
2235825	2235856	32	0.00	0	0
2235940	2236045	106	0.64	0	4
2237549	2237691	143	1.31	0	15
2238301	2238476	176	0.28	0	1
2239734	2239941	208	0.25	0	2
2241421	2241471	51	0.67	0	3
2244298	2244308	11	0.27	0	1
2245092	2245112	21	0.00	0	0
2245791	2245938	148	14.08	1	94
2246602	2246704	103	1.57	1	8
2247305	2247429	125	1.34	1	4
2248270	2248421	152	43.22	1	165
2248683	2248684	2	42.00	84	84
2249060	2249176	117	3.97	0	28
2250233	2250331	99	0.41	0	2
2251421	2251697	277	0.17	0	4
2253008	2253164	157	1.02	0	9
2254278	2254292	15	1.27	1	2
2255643	2255744	102	1.51	1	11
2258160	2258334	175	0.41	0	4
2259412	2259469	58	1.95	0	11
2261267	2261487	221	0.18	0	1
2261614	2261641	28	3.36	3	7
2262212	2262391	180	4.32	5	12
2262926	2263242	317	1.85	0	12
2264859	2264866	8	0.00	0	0
2265710	2265786	77	2.58	2	7
2266207	2266368	162	0.34	0	1
2266480	2266499	20	0.65	1	2
2267634	2267655	22	1.64	2	2
2268853	2268916	64	3.78	4	6
2271451	2271473	23	2.00	2	3
2273643	2273755	113	0.86	0	5
2274170	2274524	355	35.45	1	256
2275191	2275269	79	5.72	2	35
2276608	2276632	25	4.32	4	6
2277083	2277180	98	1.35	1	6
2277613	2277615	3	4.00	6	6
2278108	2278120	13	2.00	2	3
2278763	2278816	54	13.76	14	19
2279597	2279637	41	7.56	5.5	15
2281012	2281075	64	2.20	2	4
2281421	2281490	70	3.34	4	6
2282121	2282170	50	0.24	0	1
2282921	2283103	183	0.40	0	2
2284705	2284787	83	0.33	0	1
2285034	2285071	38	0.45	0	1
2285621	2285801	181	11.91	1	158
2286177	2286205	29	36.31	39.5	42
2287622	2287742	121	0.61	1	1
2288418	2288606	189	0.21	0	3
2288976	2289139	164	0.29	0	3
2290118	2290183	66	0.53	1	1
2291816	2292505	690	0.84	1	3
2292656	2292770	115	2.30	3	5
2293623	2293784	162	0.59	0	8
2294919	2295167	249	3.68	0	19
2295369	2295448	80	7.21	7	10
2295587	2295637	51	0.71	1	1
2296571	2296693	123	8.65	1	29
2296835	2296860	26	0.00	0	0
2298271	2298330	60	0.57	1	1
2299591	2299614	24	2.96	3	4
2300248	2300489	242	1.81	1	7
2301633	2301644	12	1.83	2	2
2302239	2302259	21	1.90	2	2
2304828	2304896	69	0.57	1	1
2305998	2306092	95	0.72	0	3
2306768	2306776	9	1.56	2	3
2308324	2308492	169	0.99	1	2
2309615	2309677	63	0.48	0	1
2310446	2310478	33	0.00	0	0
2311982	2312170	189	14.92	0	79
2312870	2312894	25	99.68	96	136
2313300	2313301	2	36.50	73	73
2313659	2313814	156	29.94	29	101
2313959	2314035	77	1.05	1	4
2314897	2315013	117	3.56	1	19
2315855	2315887	33	1.79	2	4
2316830	2317057	228	1.93	0	17
2318877	2319083	207	4.65	3	16
2319819	2319820	2	0.50	1	1
2320496	2320552	57	0.77	0	6
2321291	2321535	245	18.37	0	219
2321773	2321918	146	7.91	4	50
2323158	2323171	14	1.93	2	3
2324207	2324304	98	0.22	0	1
2324584	2324601	18	0.94	1	1
2324905	2324981	77	0.74	0	2
2325054	2325156	103	0.78	1	2
2325430	2325435	6	5.83	7	8
2325679	2325817	139	1.81	0	22
2326364	2326371	8	3.50	4	4
2327506	2327587	82	4.62	4	10
2328269	2328303	35	2.17	2	3
2328487	2328506	20	4.70	5	7
2329674	2329892	219	0.00	0	0
2330568	2330665	98	0.57	0	3
2331185	2331265	81	1.44	1	3
2332296	2332334	39	5.44	6	7
2332740	2332988	249	5.29	1	33
2333889	2334040	152	8.87	0	47
2334941	2335024	84	9.25	2	32
2335466	2335634	169	0.66	0	3
2337419	2337421	3	0.00	0	0
2337545	2337566	22	0.00	0	0
2338299	2338354	56	0.95	0	4
2340722	2340941	220	1.38	0	13
2343240	2343409	170	2.51	2	7
2343866	2343948	83	3.30	1	8
2344084	2344150	67	35.06	52.5	62
2344652	2344990	339	5.91	0	59
2346437	2346453	17	5.12	5	9
2347285	2347290	6	4.17	5	5
2347978	2347990	13	1.31	1	3
2348765	2348783	19	10.63	9.5	19
2349444	2349575	132	3.42	1	12
2352188	2352269	82	2.11	1	5
2352744	2352762	19	2.63	3	4
2353195	2353248	54	0.54	1	2
2353981	2354165	185	4.17	0	20
2355996	2356282	287	2.01	1	6
2356595	2356625	31	1.16	2	2
2357190	2357272	83	0.72	1	2
2358710	2359189	480	2.52	1	11
2361710	2361718	9	0.00	0	0
2362979	2363043	65	1.28	1	3
2364277	2364289	13	0.00	0	0
2365565	2365570	6	0.00	0	0
2366441	2366742	302	10.79	1	37
2367760	2367944	185	2.22	0	11
2369907	2370055	149	8.93	3	37
2372234	2372316	83	11.57	7	23
2372743	2372795	53	2.70	4	6
2373429	2373818	390	7.04	3	46
2374575	2374732	158	9.08	0	47
2375357	2375385	29	0.83	1	1
2375683	2375924	242	7.64	0	60
2377221	2377313	93	4.01	1	19
2377869	2377874	6	4.83	6	6
2378175	2378227	53	2.87	0.5	10
2378900	2379042	143	0.07	0	1
2380834	2380867	34	3.00	3	6
2381879	2381883	5	0.00	0	0
2382181	2382189	9	4.67	5	7
2382982	2382999	18	5.11	5	8
2385454	2385738	285	4.02	2	16
2387035	2387273	239	6.26	3	29
2388399	2388570	172	4.98	0	20
2388688	2388695	8	6.50	7	9
2389122	2389124	3	12.00	18	18
2390088	2390290	203	0.18	0	1
2395103	2395114	12	5.17	6	7
2395904	2396125	222	3.38	3	11
2396780	2396820	41	1.15	0	3
2396935	2396936	2	0.00	0	0
2399325	2399494	170	1.07	0	16
2401322	2401341	20	4.50	5	5
2401717	2401787	71	1.30	1	2
2403144	2403220	77	0.22	0	1
2403335	2403341	7	1.71	2	2
2405167	2405199	33	1.21	1.5	2
2406052	2406078	27	1.81	2	2
2407971	2408058	88	0.55	1	1
2409549	2409554	6	0.83	1	1
2410509	2410512	4	4.50	6	6
2411044	2411097	54	2.94	2	9
2412307	2412364	58	0.71	0	5
2413067	2413072	6	2.50	3	3
2415634	2415830	197	0.72	0.5	3
2416490	2416550	61	11.07	8	22
2416683	2417025	343	6.00	1	31
2417641	2417779	139	3.17	0	21
2418524	2418526	3	5.33	8	8
2418875	2418990	116	3.18	0	12
2420257	2420265	9	2.67	2.5	5
2421388	2421411	24	5.25	6	8
2421784	2421904	121	2.63	1	10
2422379	2422380	2	1.50	3	3
2425369	2425445	77	2.04	2	4
2426282	2426356	75	11.28	6	44
2426753	2426792	40	176.57	199	296
2427891	2428136	246	16.17	13	57
2429418	2429525	108	3.69	3	7
2432056	2432219	164	6.55	6	12
2433111	2433271	161	3.01	0	22
2434616	2434629	14	12.64	13	18
2435827	2435997	171	0.42	0	2
2438269	2438288	20	0.40	0	1
2439330	2439380	51	2.51	0.5	15
2440815	2441012	198	0.57	1	2
2441313	2441404	92	1.49	1	4
2443390	2443395	6	16.33	20	20
2443912	2444116	205	2.53	1	10
2444531	2444547	17	0.94	1	2
2445547	2445558	12	0.33	0	2
2445676	2445766	91	0.00	0	0
2445884	2445901	18	0.22	0	1
2446760	2446782	23	0.83	1	3
2446924	2446925	2	3.00	6	6
2447499	2447513	15	2.07	2	3
2448546	2448656	111	18.62	0	61
2449368	2449584	217	5.23	1	34
2451235	2451457	223	2.92	2	12
2451531	2451697	167	0.17	0	4
2452934	2453174	241	0.92	1	2
2453289	2453435	147	1.12	1	3
2453568	2453673	106	0.87	1	3
2453848	2455917	2070	0.30	0	4
2456155	2456281	127	0.12	0	1
2459996	2460297	302	0.45	0	2
2460787	2461047	261	16.84	0	84
2461174	2461249	76	45.87	48	66
2461604	2461741	138	1.70	1	6
2463050	2463144	95	6.02	5	12
2464079	2464127	49	2.57	0	12
2465313	2465350	38	4.03	4	10
2466572	2466627	56	1.36	2	2
2467396	2467549	154	2.49	1	14
2468039	2468157	119	1.09	0.5	6
2468665	2468849	185	0.09	0	2
2470797	2470882	86	0.80	1	2
2472875	2473103	229	0.40	0	4
2473806	2473899	94	0.05	0	1
2474323	2474426	104	0.80	1	3
2477462	2477502	41	7.20	8	9
2478661	2478703	43	10.40	10	15
2480144	2480379	236	0.33	0	4
2481004	2481200	197	4.14	2	18
2481615	2481983	369	1.11	1	11
