#start	end	length	mean	median	max
1	40	40	0.00	0	0
1133	1140	8	0.00	0	0
2233	2235	3	0.00	0	0
2680	2705	26	0.00	0	0
3472	3808	337	0.12	0	2
5168	5316	149	0.00	0	0
5876	5890	15	1.33	1	2
6506	6519	14	0.00	0	0
6937	6942	6	0.83	1	1
7282	7284	3	0.00	0	0
7720	7819	100	0.00	0	0
8096	8101	6	0.00	0	0
8564	8571	8	0.00	0	0
8710	8823	114	0.00	0	0
10582	10593	12	0.00	0	0
11302	11472	171	0.00	0	0
12831	12925	95	0.00	0	0
13247	13258	12	0.00	0	0
14612	14696	85	0.00	0	0
15942	15949	8	0.00	0	0
16520	16544	25	0.00	0	0
17190	17340	151	0.00	0	0
17836	17910	75	0.00	0	0
20417	20480	64	0.00	0	0
20510	20669	160	0.00	0	0
22567	22721	155	0.00	0	0
24804	24814	11	0.00	0	0
24941	24966	26	0.77	1	2
25516	25517	2	0.00	0	0
25545	25730	186	0.91	1	3
26271	26379	109	0.00	0	0
28141	28281	141	0.09	0	1
31997	32039	43	0.00	0	0
32607	32809	203	0.00	0	0
33833	33855	23	0.00	0	0
33882	33904	23	0.00	0	0
33932	34032	101	0.07	0	1
34576	34686	111	0.00	0	0
34832	34998	167	1.88	0	5
36103	36514	412	0.00	0	0
37610	37765	156	0.00	0	0
37991	37995	5	0.80	1	1
38371	38385	15	0.00	0	0
39046	39080	35	0.37	0	1
39834	39978	145	0.00	0	0
40567	40614	48	0.77	1	1
41185	41257	73	1.12	1	4
42035	42138	104	0.26	0	1
42802	42809	8	1.62	2	2
44527	44729	203	0.00	0	0
46197	46224	28	0.00	0	0
46693	46872	180	0.00	0	0
47947	48503	557	9.18	0	57
48816	49033	218	3.21	3	7
49619	49773	155	1.16	1	3
50140	50152	13	0.00	0	0
53306	53484	179	0.00	0	0
54118	54220	103	0.00	0	0
54338	54340	3	0.00	0	0
55592	55596	5	0.00	0	0
57145	57194	50	0.00	0	0
57825	57985	161	0.00	0	0
59087	59204	118	1.81	2	3
59832	60156	325	2.09	2	7
61210	61431	222	2.70	0	10
63025	63074	50	7.98	8	11
65319	65437	119	0.54	1	1
66407	66441	35	0.00	0	0
68294	68365	72	0.00	0	0
68951	68956	6	0.00	0	0
69743	70091	349	9.64	8	28
70407	70415	9	0.00	0	0
71370	71393	24	0.00	0	0
72687	72702	16	0.00	0	0
72814	72879	66	0.00	0	0
73657	73663	7	0.00	0	0
74180	74264	85	0.00	0	0
74353	74435	83	0.00	0	0
75976	76014	39	0.31	0	1
76768	76849	82	1.06	1	4
78320	78441	122	0.20	0	2
79051	79174	124	0.00	0	0
81832	82075	244	6.15	0	33
83753	84016	264	46.56	2	323
85502	85548	47	1.53	1	3
86569	86575	7	0.86	1	1
88177	88297	121	0.00	0	0
89180	89316	137	0.22	0	1
89584	89772	189	0.09	0	1
90928	90949	22	0.00	0	0
92528	92555	28	0.00	0	0
93030	93059	30	0.00	0	0
93585	93648	64	1.19	1	3
94162	94323	162	0.00	0	0
94855	94899	45	0.00	0	0
96358	96389	32	0.00	0	0
96807	97280	474	0.00	0	0
105957	106278	322	0.23	0	1
107683	107837	155	0.00	0	0
108258	108337	80	0.00	0	0
110684	110700	17	0.24	0	1
112132	112159	28	0.00	0	0
112188	112209	22	0.00	0	0
112236	112281	46	0.00	0	0
112690	112776	87	1.02	1	2
113583	113607	25	12.68	11	21
113980	114323	344	0.46	0	27
116304	116436	133	0.00	0	0
116935	117010	76	0.00	0	0
118157	118345	189	0.00	0	0
120203	120226	24	0.04	0	1
120254	120275	22	0.00	0	0
120302	120425	124	0.30	0	1
120741	120979	239	0.44	0	9
127588	127595	8	0.00	0	0
128364	128368	5	0.00	0	0
128855	128974	120	0.00	0	0
130291	130404	114	0.59	0	5
130804	130879	76	0.51	0	2
133217	133347	131	0.00	0	0
136030	136206	177	0.21	0	1
137101	137103	3	0.00	0	0
138418	138579	162	0.00	0	0
139018	139025	8	0.50	1	1
139890	139923	34	0.00	0	0
140632	140763	132	0.28	0	1
141364	141372	9	0.00	0	0
143056	143119	64	0.58	1	1
143837	143956	120	0.00	0	0
145265	145287	23	0.00	0	0
146347	146538	192	0.19	0	1
147172	147261	90	0.50	0	4
147946	148010	65	0.00	0	0
148731	148815	85	0.08	0	1
149122	149396	275	0.13	0	1
151110	151206	97	0.00	0	0
151318	151495	178	0.00	0	0
152183	152386	204	0.36	0	2
154298	154333	36	0.08	0	1
156413	156524	112	1.32	1	4
156867	156889	23	3.83	4	8
159344	159353	10	1.20	1	2
160644	160793	150	0.49	0	3
162972	163263	292	3.09	0	21
164617	164720	104	0.53	0	4
165603	165679	77	0.42	0	1
167063	167108	46	0.00	0	0
167856	167859	4	0.00	0	0
168805	168945	141	0.00	0	0
170449	170482	34	0.00	0	0
170512	170773	262	5.31	2	20
171389	171489	101	14.06	0	63
171826	171972	147	0.08	0	1
172819	173054	236	0.31	0	2
173139	173242	104	0.00	0	0
173855	173874	20	0.00	0	0
174904	174936	33	0.00	0	0
177149	177160	12	0.00	0	0
177191	177255	65	0.05	0	1
177949	178006	58	0.00	0	0
178034	178056	23	0.00	0	0
178471	178577	107	0.00	0	0
178761	178989	229	14.49	18.5	39
179449	179545	97	12.45	14.5	21
179783	179866	84	6.70	5	24
180053	180453	401	17.63	13	72
180931	181167	237	0.00	0	0
182637	182683	47	0.00	0	0
183416	183528	113	0.00	0	0
185038	186338	1301	0.00	0	0
186468	186490	23	0.00	0	0
186857	186916	60	0.00	0	0
187868	187879	12	0.92	1	1
187907	187921	15	0.00	0	0
187949	187985	37	0.00	0	0
188424	188442	19	0.95	1	1
189001	189018	18	0.00	0	0
189196	189464	269	0.00	0	0
190095	190184	90	0.00	0	0
190212	190264	53	0.00	0	0
190712	190726	15	0.00	0	0
192269	192417	149	0.00	0	0
192973	192993	21	0.00	0	0
194167	194436	270	0.00	0	0
195304	195368	65	0.00	0	0
197046	197076	31	0.00	0	0
199383	199598	216	0.00	0	0
200346	200584	239	0.15	0	1
201257	201328	72	0.62	0	5
204020	204189	170	2.67	2	8
206950	207057	108	0.57	0	3
209797	210011	215	0.17	0	1
211314	211328	15	0.00	0	0
213006	213165	160	0.36	0	2
214453	214461	9	1.00	1	2
214684	214910	227	0.29	0	2
216431	216471	41	0.00	0	0
216976	217061	86	0.00	0	0
218508	218529	22	0.00	0	0
218558	218580	23	0.00	0	0
218603	218608	6	0.00	0	0
220175	220274	100	0.00	0	0
223479	223516	38	0.00	0	0
224846	224960	115	0.75	1	2
225915	225995	81	0.35	0	1
227043	227168	126	0.00	0	0
228708	228738	31	0.00	0	0
229177	229212	36	0.00	0	0
230421	230849	429	0.10	0	1
231996	232051	56	0.00	0	0
232892	232960	69	0.00	0	0
233159	234016	858	0.25	0	2
234623	234656	34	0.26	0	1
235743	235782	40	0.00	0	0
238051	238132	82	0.00	0	0
240934	240938	5	0.00	0	0
243651	243772	122	0.00	0	0
243896	243987	92	0.00	0	0
244609	244705	97	0.00	0	0
245639	245788	150	0.00	0	0
246191	246203	13	0.00	0	0
248268	248437	170	0.00	0	0
248729	249035	307	0.17	0	2
249639	249685	47	2.96	3	4
251834	251977	144	0.11	0	2
253985	254303	319	0.12	0	1
255537	255576	40	0.25	0	1
256141	256243	103	0.00	0	0
256769	257062	294	0.52	0	3
258752	258877	126	0.00	0	0
259895	260327	433	0.00	0	0
261012	261093	82	0.00	0	0
261460	261527	68	0.00	0	0
262401	262487	87	0.00	0	0
263151	263210	60	0.00	0	0
263334	263360	27	0.00	0	0
264276	264334	59	0.00	0	0
267098	267322	225	0.00	0	0
268772	268986	215	0.00	0	0
270307	270466	160	0.00	0	0
272009	272180	172	0.00	0	0
273717	273854	138	0.00	0	0
275415	275439	25	0.00	0	0
276910	277069	160	0.00	0	0
278747	278789	43	0.00	0	0
279633	279799	167	0.00	0	0
280373	280496	124	0.00	0	0
283424	283552	129	0.00	0	0
284285	284540	256	0.00	0	0
285147	285156	10	0.00	0	0
286054	286114	61	0.00	0	0
286844	286896	53	0.00	0	0
291754	292005	252	0.00	0	0
292225	292269	45	0.00	0	0
293056	293191	136	0.00	0	0
293969	294095	127	0.00	0	0
295161	295184	24	0.00	0	0
295214	295234	21	0.00	0	0
295255	295284	30	0.00	0	0
296263	296306	44	0.00	0	0
297845	297854	10	0.00	0	0
299118	299261	144	0.00	0	0
300603	300674	72	0.00	0	0
300879	301116	238	0.00	0	0
301209	301526	318	0.00	0	0
301599	301779	181	0.00	0	0
303661	304110	450	0.00	0	0
305302	305432	131	0.00	0	0
306051	306403	353	0.00	0	0
308836	309279	444	0.00	0	0
310129	310226	98	0.00	0	0
311376	311482	107	0.00	0	0
311600	311760	161	0.00	0	0
319315	319851	537	22.68	0	284
320392	320394	3	23.33	35	36
321220	321241	22	0.00	0	0
321989	322123	135	0.89	1	2
322328	322336	9	1.33	1.5	2
324618	324743	126	0.02	0	1
325221	325398	178	1.49	0	8
326026	326152	127	5.52	6	8
327032	327122	91	0.04	0	1
327504	327623	120	0.22	0	2
328995	329008	14	0.86	1	1
330014	330052	39	0.21	0	2
330662	330687	26	1.08	1	2
331429	331615	187	0.00	0	0
332207	332309	103	0.09	0	1
332436	332449	14	0.00	0	0
332585	332599	15	0.00	0	0
332865	332983	119	0.00	0	0
333872	334138	267	0.19	0	1
334778	334889	112	1.24	1	5
335898	335998	101	1.83	0	7
336127	336298	172	0.00	0	0
338223	338361	139	0.00	0	0
339868	340078	211	1.55	0	30
340820	341004	185	2.46	1	9
342388	343423	1036	0.25	0	2
346270	346332	63	0.00	0	0
348028	348043	16	0.00	0	0
348362	348389	28	0.00	0	0
349203	349363	161	3.68	0	26
351843	351960	118	0.31	0	1
352087	352110	24	0.92	0	4
352466	352663	198	0.00	0	0
353993	354035	43	0.00	0	0
354507	354521	15	0.00	0	0
354825	355099	275	26.47	0	172
355664	355686	23	28.39	36	39
355716	355809	94	3.65	3	8
357652	357855	204	0.00	0	0
358138	358145	8	0.00	0	0
359777	359895	119	0.00	0	0
360934	361201	268	0.00	0	0
361862	361897	36	0.00	0	0
363536	363614	79	0.00	0	0
363645	363765	121	0.00	0	0
364696	364758	63	0.00	0	0
366283	366388	106	0.00	0	0
367142	367170	29	0.00	0	0
367864	367969	106	0.00	0	0
368258	368438	181	0.00	0	0
369789	369860	72	0.00	0	0
371124	371135	12	0.00	0	0
372561	372562	2	0.00	0	0
373883	373910	28	0.00	0	0
374571	374672	102	0.00	0	0
375090	375211	122	0.71	0	4
376433	376465	33	0.00	0	0
377774	377784	11	0.91	1	1
378076	378597	522	0.28	0	2
379957	380408	452	0.76	0	5
380535	380549	15	0.00	0	0
383481	384045	565	19.51	1	124
384694	384883	190	0.86	1	3
386168	386207	40	4.55	5	7
386949	386980	32	0.00	0	0
387009	387119	111	0.00	0	0
388152	388220	69	0.00	0	0
388974	389143	170	0.56	0	5
390191	390236	46	0.00	0	0
391440	391606	167	0.00	0	0
391724	391730	7	0.00	0	0
392058	392168	111	0.00	0	0
393285	393297	13	7.38	8	12
393562	393843	282	3.20	0	25
394132	394197	66	1.64	2	3
395845	395960	116	0.00	0	0
396645	396649	5	0.00	0	0
397484	397505	22	0.00	0	0
397899	398149	251	0.15	0	1
398417	398648	232	0.00	0	0
398760	399176	417	0.00	0	0
400590	400823	234	0.00	0	0
401937	402007	71	0.00	0	0
403202	403350	149	0.25	0	1
403480	403491	12	0.92	1	1
405925	405996	72	0.00	0	0
407773	407778	6	0.00	0	0
411110	411192	83	0.05	0	1
411772	411822	51	1.75	2	4
413035	413365	331	0.13	0	1
413990	414137	148	0.00	0	0
414975	415075	101	0.00	0	0
415148	415194	47	0.00	0	0
416653	416800	148	0.16	0	2
417029	417045	17	2.94	3	5
417598	417606	9	0.00	0	0
418858	418887	30	0.00	0	0
419014	419085	72	4.04	5	5
420528	420535	8	0.00	0	0
420956	421055	100	0.00	0	0
423619	423708	90	0.00	0	0
423910	423924	15	0.00	0	0
424882	424896	15	0.00	0	0
426103	426213	111	0.00	0	0
427807	427815	9	0.00	0	0
428608	428696	89	0.25	0	2
429018	429120	103	0.00	0	0
429716	429859	144	19.71	14	47
430280	430379	100	3.89	3	12
432363	432519	157	0.45	0	1
433036	433049	14	0.00	0	0
434031	434051	21	0.00	0	0
434079	434114	36	0.00	0	0
434142	434170	29	0.00	0	0
437351	437354	4	0.75	1	1
438729	438828	100	0.00	0	0
438903	439087	185	0.04	0	1
440462	440512	51	0.00	0	0
442015	442033	19	1.47	2	2
442841	442932	92	0.29	0	1
443218	443320	103	0.00	0	0
445298	445310	13	0.92	1	1
445641	445848	208	0.00	0	0
448397	448625	229	0.96	1	3
449508	449536	29	4.00	4	6
449945	450046	102	0.48	0	2
450455	450481	27	0.00	0	0
451037	451063	27	0.00	0	0
451544	451637	94	0.00	0	0
452625	452644	20	0.00	0	0
453674	453774	101	0.00	0	0
455424	455462	39	0.92	1	2
457035	457072	38	0.00	0	0
459223	459313	91	0.00	0	0
460643	460808	166	0.09	0	1
461124	461138	15	1.93	2	3
461394	461643	250	0.37	0	2
462250	462312	63	0.00	0	0
464360	464369	10	0.00	0	0
465699	465704	6	0.00	0	0
467931	468310	380	0.00	0	0
470966	471140	175	0.12	0	1
471597	471716	120	0.00	0	0
472371	472428	58	0.00	0	0
472906	472982	77	0.00	0	0
473511	474077	567	0.39	0	5
475560	475717	158	1.86	1	5
475792	475807	16	0.94	1	1
475881	476062	182	1.54	1	7
478801	478936	136	0.60	0	9
479050	479195	146	0.00	0	0
479547	479693	147	0.00	0	0
479768	479945	178	0.00	0	0
481266	481330	65	0.00	0	0
481859	481874	16	0.81	1	1
482271	482403	133	0.00	0	0
482563	482572	10	0.00	0	0
485234	485257	24	0.00	0	0
485738	485746	9	0.00	0	0
487698	487734	37	0.00	0	0
489118	489286	169	0.00	0	0
489983	490152	170	0.00	0	0
491074	491368	295	0.25	0	2
492983	493071	89	0.00	0	0
493097	493109	13	0.00	0	0
495260	495346	87	0.00	0	0
496532	496588	57	0.00	0	0
498938	499280	343	0.00	0	0
499803	499920	118	0.00	0	0
500606	500618	13	0.00	0	0
501483	501551	69	0.00	0	0
501741	501799	59	0.00	0	0
504419	504558	140	1.34	0	5
505632	505813	182	0.01	0	1
506201	506281	81	0.42	0	1
507209	507335	127	0.00	0	0
507914	508085	172	0.00	0	0
510163	510168	6	0.00	0	0
511033	511095	63	0.00	0	0
512426	512443	18	0.00	0	0
513452	513469	18	0.00	0	0
514127	514320	194	0.00	0	0
516388	516413	26	0.85	1	1
517242	517375	134	0.00	0	0
519497	519586	90	0.00	0	0
521366	521436	71	0.00	0	0
523113	523220	108	5.05	0	28
524547	524599	53	0.00	0	0
525518	525531	14	0.00	0	0
526450	526600	151	0.00	0	0
527162	527252	91	0.00	0	0
527802	527860	59	0.00	0	0
529208	529212	5	0.00	0	0
529876	530286	411	0.00	0	0
531316	531376	61	0.00	0	0
532721	532824	104	0.00	0	0
534054	534086	33	0.00	0	0
534705	534724	20	0.00	0	0
535601	535815	215	0.34	0	2
536335	536363	29	0.14	0	1
538370	538504	135	1.18	0	5
540428	540436	9	6.22	7	7
541796	541861	66	0.50	0	2
542894	543066	173	0.00	0	0
543337	543452	116	0.00	0	0
544743	544869	127	0.69	0	2
547015	547029	15	0.00	0	0
547549	547680	132	6.30	1	39
548239	548241	3	2.67	4	4
548782	548793	12	7.25	8	10
550138	550539	402	38.31	1	352
550777	550837	61	4.43	0.5	24
551387	551539	153	0.56	0	2
552434	552492	59	1.49	1.5	3
553930	553967	38	0.87	1	2
554622	554751	130	0.82	1	3
556006	556024	19	3.58	4	4
557630	557631	2	0.00	0	0
558604	558612	9	1.78	2	2
559570	559638	69	0.41	0	1
560611	560682	72	0.21	0	1
561433	561835	403	0.09	0	1
562076	562276	201	0.00	0	0
562655	562889	235	0.00	0	0
563217	563233	17	0.00	0	0
563873	563889	17	0.00	0	0
565815	565825	11	0.00	0	0
567494	567495	2	0.00	0	0
571188	571237	50	0.00	0	0
571655	571779	125	0.00	0	0
572704	572768	65	0.00	0	0
574673	574678	6	0.00	0	0
575845	575876	32	0.00	0	0
576867	576930	64	0.00	0	0
577600	577668	69	0.00	0	0
581957	582257	301	0.83	1	2
582549	583352	804	8.73	0	58
586961	586963	3	0.00	0	0
587249	587634	386	0.00	0	0
587902	587974	73	0.00	0	0
588098	588206	109	0.00	0	0
588402	588583	182	0.00	0	0
588806	589070	265	0.00	0	0
589512	589562	51	0.00	0	0
589818	590035	218	0.00	0	0
590669	590670	2	0.00	0	0
591280	591463	184	1.22	0	7
592043	592092	50	0.00	0	0
592213	592281	69	0.00	0	0
592735	592833	99	0.00	0	0
593315	593376	62	0.00	0	0
594460	594463	4	0.00	0	0
595502	595527	26	0.00	0	0
596779	597044	266	0.00	0	0
597906	597976	71	0.00	0	0
598400	598401	2	0.50	1	1
598762	598763	2	0.00	0	0
598965	599206	242	0.00	0	0
599327	599513	187	0.00	0	0
600009	600010	2	0.00	0	0
600784	600812	29	0.00	0	0
601620	601687	68	0.10	0	1
601760	601870	111	0.00	0	0
602225	602352	128	0.00	0	0
603325	603337	13	0.00	0	0
603368	603389	22	0.00	0	0
603420	603433	14	0.00	0	0
604493	604590	98	0.00	0	0
607122	607514	393	7.11	3	37
608637	608706	70	0.00	0	0
610744	610961	218	0.00	0	0
612546	612562	17	0.00	0	0
614045	614047	3	0.00	0	0
614372	614439	68	0.00	0	0
614513	614620	108	0.00	0	0
615860	615864	5	0.00	0	0
616429	616447	19	0.00	0	0
616664	616741	78	0.00	0	0
618478	618573	96	0.00	0	0
619192	619197	6	0.00	0	0
619363	619563	201	0.00	0	0
619636	619653	18	0.00	0	0
621117	621118	2	0.00	0	0
621934	622025	92	0.00	0	0
622500	622508	9	0.00	0	0
623433	623587	155	0.00	0	0
626134	626139	6	0.00	0	0
626767	626768	2	1.50	3	3
627108	627204	97	0.00	0	0
628444	628552	109	0.00	0	0
631489	631494	6	0.00	0	0
632680	632687	8	0.00	0	0
632868	632915	48	0.21	0	1
635267	635346	80	0.00	0	0
636709	636713	5	1.60	2	2
637801	637946	146	0.00	0	0
639069	639092	24	0.25	0	1
640068	640215	148	2.33	0	9
641236	641357	122	2.15	2	6
643518	643611	94	0.14	0	1
644938	644960	23	0.00	0	0
645390	645428	39	0.82	1	1
646308	646437	130	0.49	0	8
647017	647040	24	8.12	8	10
647662	647838	177	0.14	0	1
650740	650800	61	0.00	0	0
652131	652206	76	0.00	0	0
653527	653566	40	0.00	0	0
654560	654744	185	0.00	0	0
656594	656661	68	0.00	0	0
657742	657943	202	0.00	0	0
659339	659389	51	0.00	0	0
661051	661173	123	0.00	0	0
661486	661635	150	0.00	0	0
661969	662091	123	0.00	0	0
662746	662802	57	0.00	0	0
665470	665474	5	0.00	0	0
666429	666436	8	0.00	0	0
666923	667056	134	0.00	0	0
667900	668072	173	0.00	0	0
668628	668690	63	0.00	0	0
670239	670315	77	0.00	0	0
671225	671311	87	0.00	0	0
671711	671812	102	0.00	0	0
673232	673236	5	0.80	1	1
673486	673499	14	0.00	0	0
673923	674056	134	0.19	0	11
674624	674712	89	1.63	2	4
677783	677917	135	0.00	0	0
678254	678401	148	1.72	0	7
678513	678529	17	0.12	0	1
680843	680972	130	0.28	0	2
681249	681262	14	0.64	1	1
682149	682229	81	0.00	0	0
683016	683020	5	0.00	0	0
683288	683304	17	0.18	0	1
683983	684000	18	36.00	33	63
684373	684899	527	9.01	1	43
686376	686502	127	0.00	0	0
688552	688628	77	0.17	0	1
689370	689531	162	0.12	0	9
690159	690171	13	3.54	4	4
691186	691220	35	0.00	0	0
691248	691262	15	0.00	0	0
691290	691384	95	0.00	0	0
691805	691919	115	0.00	0	0
691947	692036	90	0.00	0	0
692064	692097	34	0.00	0	0
694021	694063	43	0.00	0	0
695090	695188	99	0.00	0	0
695537	695609	73	0.59	0	6
695787	695821	35	2.74	3	4
696170	696352	183	0.29	0	4
697034	697099	66	1.52	1	4
697523	697610	88	0.36	0	1
698925	698951	27	3.19	4	5
699579	699763	185	0.42	0	4
700628	700636	9	0.00	0	0
701000	701156	157	0.19	0	1
701793	701811	19	0.00	0	0
703246	703261	16	0.00	0	0
704159	704291	133	0.00	0	0
704907	705008	102	0.00	0	0
705861	705869	9	0.00	0	0
706320	706422	103	0.00	0	0
708271	708287	17	0.47	0.5	1
708639	708753	115	0.00	0	0
708967	709122	156	0.00	0	0
709369	709498	130	0.00	0	0
710348	710357	10	0.00	0	0
711955	712115	161	44.35	0	265
712671	712705	35	0.06	0	1
713321	713489	169	0.00	0	0
714681	714759	79	0.00	0	0
715495	715639	145	0.00	0	0
716438	716548	111	0.00	0	0
717587	717589	3	0.00	0	0
718688	718794	107	0.00	0	0
718823	718842	20	0.00	0	0
718871	718908	38	0.00	0	0
720424	720525	102	0.00	0	0
721324	721328	5	0.00	0	0
721926	722668	743	0.00	0	0
725104	725108	5	0.00	0	0
725925	725926	2	0.00	0	0
727733	727851	119	0.00	0	0
729352	729395	44	0.00	0	0
730473	730648	176	0.00	0	0
731822	731856	35	0.00	0	0
735063	735075	13	0.15	0	1
735628	735667	40	0.00	0	0
736634	736639	6	1.00	1	2
737345	737664	320	4.69	0	31
738691	738695	5	0.00	0	0
739782	739789	8	0.00	0	0
741029	741156	128	0.00	0	0
742507	742523	17	1.24	1	2
742953	742955	3	0.00	0	0
744936	745010	75	0.49	0.5	1
747105	747280	176	1.09	0	4
747959	747974	16	0.00	0	0
748001	748120	120	0.08	0	1
748955	748961	7	4.71	5	7
750033	750164	132	4.09	0	20
751080	751272	193	0.05	0	1
753310	753555	246	0.00	0	0
754444	754505	62	0.11	0	1
754812	754858	47	1.30	1	2
756266	756373	108	1.47	1	3
757247	757280	34	1.26	1	3
757638	757655	18	2.83	3	3
758391	758414	24	14.54	15	18
759429	759454	26	8.15	7	14
761096	761519	424	2.56	2	12
761631	761906	276	27.26	33	57
762273	762434	162	4.42	0	34
762465	762475	11	0.91	1	1
762605	762628	24	0.58	1	1
763464	763603	140	3.64	1	13
763745	763856	112	0.00	0	0
764019	764032	14	95.86	84	218
765782	765936	155	59.14	1	281
766060	766279	220	0.17	0	1
768974	768984	11	0.00	0	0
770592	770610	19	0.00	0	0
771577	771599	23	0.00	0	0
771630	771714	85	0.00	0	0
772261	772349	89	0.00	0	0
774114	774222	109	0.00	0	0
774727	774735	9	0.00	0	0
775795	775818	24	0.00	0	0
776485	776581	97	0.12	0	1
777809	778047	239	0.15	0	1
778942	778945	4	3.00	4	4
779123	779202	80	2.95	0	18
780303	780445	143	0.00	0	0
782096	782146	51	0.00	0	0
782177	782190	14	0.00	0	0
782494	782567	74	0.00	0	0
782997	783119	123	0.03	0	1
785031	785138	108	0.00	0	0
785769	785873	105	0.33	0	1
786342	786507	166	0.00	0	0
788050	788277	228	0.16	0	1
789121	789212	92	0.00	0	0
790281	790337	57	0.00	0	0
792237	792239	3	0.00	0	0
792927	792928	2	0.00	0	0
794816	794824	9	0.00	0	0
794853	795175	323	0.11	0	1
795204	795221	18	0.00	0	0
796134	796176	43	0.00	0	0
796405	796597	193	4.38	0	35
796766	796791	26	24.65	30	33
796818	796876	59	0.00	0	0
797804	797870	67	0.00	0	0
799143	799179	37	0.00	0	0
800056	800202	147	0.00	0	0
802244	802449	206	0.00	0	0
803844	804068	225	0.00	0	0
804567	804652	86	0.30	0	1
806714	806804	91	0.00	0	0
807336	807343	8	0.00	0	0
808775	808808	34	0.00	0	0
811119	811392	274	0.00	0	0
811807	811813	7	0.00	0	0
812285	812316	32	0.00	0	0
812401	813075	675	0.16	0	2
814060	814094	35	4.31	4	6
815594	815628	35	0.26	0	1
815656	815668	13	0.00	0	0
817130	817332	203	0.00	0	0
819083	819084	2	0.00	0	0
820138	820241	104	0.00	0	0
821556	821669	114	0.00	0	0
824231	824305	75	0.00	0	0
825035	825124	90	0.00	0	0
826574	826720	147	0.00	0	0
827072	827103	32	0.00	0	0
828676	828704	29	0.00	0	0
829659	829667	9	0.00	0	0
830040	830068	29	0.00	0	0
830867	830935	69	0.00	0	0
831815	831890	76	0.00	0	0
832515	832604	90	0.23	0	1
833421	833480	60	0.78	0	5
833763	833775	13	0.00	0	0
835480	835487	8	0.00	0	0
837632	837674	43	0.00	0	0
837704	837734	31	0.29	0	1
837763	837770	8	0.88	1	1
839139	839149	11	1.64	1.5	3
839889	839911	23	0.00	0	0
840710	840788	79	0.00	0	0
842079	842119	41	0.00	0	0
843146	843150	5	0.00	0	0
843643	843792	150	0.00	0	0
844360	844522	163	0.00	0	0
846362	846434	73	0.00	0	0
848625	848794	170	0.00	0	0
849965	850056	92	0.79	0	5
850225	850306	82	10.01	9	16
851444	851445	2	0.00	0	0
852196	852250	55	0.00	0	0
852659	852759	101	0.00	0	0
853192	853215	24	0.00	0	0
853687	853826	140	0.00	0	0
854688	854690	3	0.00	0	0
855069	855103	35	0.00	0	0
855605	855779	175	0.00	0	0
856914	856951	38	0.00	0	0
857356	857579	224	0.00	0	0
858201	858227	27	0.00	0	0
859644	859981	338	0.00	0	0
860327	860340	14	0.00	0	0
861046	861285	240	0.00	0	0
862204	862215	12	0.00	0	0
862870	862871	2	0.00	0	0
863427	863598	172	0.00	0	0
863881	863920	40	0.00	0	0
865040	865132	93	0.00	0	0
865592	865601	10	0.70	1	1
867855	868012	158	0.31	0	3
868967	868973	7	0.00	0	0
870000	870005	6	0.00	0	0
870999	871170	172	0.00	0	0
872776	872792	17	0.00	0	0
872821	872851	31	0.00	0	0
872880	872903	24	0.00	0	0
872931	872964	34	0.00	0	0
872992	873021	30	0.00	0	0
874689	874794	106	0.00	0	0
876730	876746	17	0.00	0	0
876774	876829	56	0.00	0	0
877727	877731	5	0.00	0	0
877758	877834	77	0.00	0	0
879014	879037	24	0.00	0	0
879065	879083	19	0.00	0	0
879106	879128	23	0.00	0	0
879477	879669	193	0.00	0	0
883135	883270	136	0.00	0	0
885002	885005	4	0.00	0	0
886822	886890	69	0.00	0	0
887704	887737	34	0.00	0	0
889598	889649	52	0.00	0	0
889809	890005	197	0.13	0	1
890279	890525	247	0.88	0	6
894549	894605	57	0.91	0	7
896745	896860	116	5.47	3	17
897833	897846	14	7.21	8	11
898882	898883	2	6.50	13	13
900093	900389	297	8.70	5	27
902697	902870	174	4.33	0	30
903561	903789	229	0.00	0	0
906156	906313	158	0.00	0	0
906992	907075	84	0.00	0	0
907164	907776	613	29.88	1	226
911453	911459	7	0.00	0	0
911856	911961	106	0.00	0	0
912145	912211	67	0.00	0	0
912713	912905	193	0.00	0	0
913683	913692	10	0.00	0	0
914233	914393	161	0.00	0	0
915987	915988	2	0.00	0	0
916991	917063	73	0.00	0	0
918272	918395	124	0.00	0	0
919050	919144	95	0.00	0	0
920806	920864	59	0.75	1	1
921435	921460	26	0.73	1	1
922028	922036	9	0.89	1	1
923162	923426	265	0.18	0	1
924736	924854	119	0.00	0	0
925263	925273	11	0.00	0	0
925301	925322	22	0.00	0	0
925349	925363	15	0.00	0	0
926201	926213	13	0.00	0	0
926712	926725	14	0.00	0	0
927032	927268	237	0.00	0	0
928256	928273	18	0.00	0	0
930971	931058	88	0.00	0	0
931995	932152	158	0.00	0	0
932789	932912	124	0.00	0	0
933501	933515	15	0.00	0	0
934620	934731	112	0.00	0	0
935779	935809	31	0.00	0	0
935838	935909	72	0.00	0	0
936813	936931	119	0.00	0	0
938968	938995	28	0.00	0	0
939018	939033	16	0.00	0	0
939054	939084	31	0.00	0	0
939442	939516	75	0.00	0	0
939976	940217	242	0.00	0	0
943434	943521	88	0.00	0	0
944443	944458	16	0.00	0	0
945161	945207	47	0.00	0	0
946660	946775	116	0.23	0	1
947682	947894	213	0.00	0	0
947968	948254	287	0.00	0	0
948822	949072	251	0.00	0	0
950033	950053	21	0.00	0	0
951386	951566	181	0.00	0	0
954696	954950	255	0.06	0	1
956754	956810	57	0.00	0	0
957363	957503	141	0.19	0	1
958623	958734	112	0.00	0	0
959944	959961	18	0.00	0	0
960685	960710	26	0.77	1	2
961251	961374	124	2.02	0	8
964957	964963	7	1.71	2	2
965171	965174	4	0.00	0	0
966573	966720	148	0.50	0	2
966919	967102	184	0.11	0	1
968180	968188	9	0.89	1	1
968717	968916	200	0.47	0	9
970684	970834	151	0.49	0	2
971420	971484	65	0.00	0	0
972232	972489	258	0.00	0	0
974701	974749	49	0.00	0	0
974778	974798	21	0.00	0	0
974827	974851	25	0.00	0	0
975896	975915	20	0.00	0	0
976780	976838	59	1.19	1	2
978483	978722	240	0.31	0	2
979827	979975	149	0.30	0	1
980450	980472	23	0.00	0	0
981010	981024	15	0.00	0	0
983029	983030	2	0.50	1	1
983694	983702	9	0.00	0	0
984519	984533	15	0.00	0	0
985737	985808	72	0.00	0	0
986013	986084	72	0.00	0	0
986523	986578	56	0.00	0	0
986607	986674	68	0.54	1	1
987923	987945	23	0.00	0	0
988423	988454	32	0.00	0	0
988941	988974	34	0.00	0	0
989003	989023	21	0.00	0	0
989052	989061	10	0.00	0	0
990112	990447	336	11.54	0	88
990931	991164	234	5.33	0	41
993265	993553	289	0.00	0	0
995425	995501	77	0.88	0	4
996096	996123	28	6.39	7	9
996751	996915	165	0.22	0	1
997093	997224	132	0.36	0	2
998281	998350	70	0.00	0	0
999272	999499	228	1.23	0	6
999794	999851	58	3.14	3	5
1000467	1000552	86	0.00	0	0
1000627	1000669	43	0.00	0	0
1001777	1001985	209	0.00	0	0
1003125	1003225	101	0.00	0	0
1004198	1004286	89	0.00	0	0
1005355	1005359	5	0.00	0	0
1007244	1007249	6	0.00	0	0
1008177	1008182	6	0.00	0	0
1009483	1009487	5	0.00	0	0
1011819	1012129	311	0.00	0	0
1012430	1012436	7	0.00	0	0
1013193	1013230	38	0.00	0	0
1014634	1015257	624	0.00	0	0
1015426	1015433	8	0.00	0	0
1017730	1017731	2	0.00	0	0
1020025	1020026	2	0.00	0	0
1021188	1021191	4	0.00	0	0
1023193	1023196	4	0.00	0	0
1024268	1024341	74	0.00	0	0
1025434	1025493	60	0.00	0	0
1026805	1027017	213	0.00	0	0
1027477	1027504	28	0.00	0	0
1027991	1028077	87	0.00	0	0
1029343	1029442	100	0.00	0	0
1031291	1031371	81	0.83	1	4
1032629	1032766	138	0.67	0	2
1033718	1033742	25	0.00	0	0
1035039	1035098	60	0.00	0	0
1035498	1035557	60	0.00	0	0
1035963	1036237	275	0.00	0	0
1037198	1037209	12	0.00	0	0
1037237	1037304	68	0.00	0	0
1039326	1039742	417	0.16	0	2
1039816	1039927	112	0.00	0	0
1041764	1041771	8	1.88	2	3
1042249	1042426	178	1.22	0	10
1042619	1042705	87	2.70	0	14
1044172	1044980	809	0.11	0	1
1045070	1045277	208	0.00	0	0
1045680	1045704	25	0.00	0	0
1047378	1047414	37	0.00	0	0
1048051	1048052	2	0.00	0	0
1049541	1049555	15	0.00	0	0
1049841	1049908	68	0.00	0	0
1050672	1050803	132	0.56	0	2
1050832	1050860	29	0.00	0	0
1050889	1050910	22	0.95	1	2
1051676	1051839	164	0.72	0	3
1053223	1053397	175	1.05	0	10
1054364	1054507	144	0.00	0	0
1055801	1055860	60	0.00	0	0
1056389	1056451	63	0.00	0	0
1056752	1057229	478	0.00	0	0
1058259	1058366	108	0.00	0	0
1058760	1058899	140	0.00	0	0
1059350	1059373	24	0.00	0	0
1060556	1060573	18	0.00	0	0
1061911	1062051	141	0.00	0	0
1063061	1063062	2	0.00	0	0
1064614	1064689	76	0.89	1	2
1065134	1065138	5	0.00	0	0
1065475	1065539	65	0.00	0	0
1066077	1066090	14	0.00	0	0
1066118	1066171	54	0.69	1	1
1066535	1066828	294	0.25	0	1
1068404	1068443	40	0.00	0	0
1069209	1069368	160	0.00	0	0
1070356	1070407	52	0.00	0	0
1070576	1070853	278	0.69	0	6
1071304	1071312	9	1.22	1	2
1072768	1072814	47	5.19	4	15
1073715	1073735	21	2.48	3	3
1073763	1073815	53	3.40	3	6
1074210	1074217	8	0.88	1	1
1076698	1076781	84	10.07	5	48
1077579	1077589	11	5.73	6.5	7
1077944	1078026	83	6.35	1	22
1078192	1078208	17	7.88	8	11
1078794	1078823	30	0.00	0	0
1079436	1079539	104	0.00	0	0
1079566	1079625	60	0.00	0	0
1080628	1081272	645	0.11	0	1
1081792	1081924	133	0.00	0	0
1082915	1082931	17	0.94	1	1
1083337	1083487	151	0.00	0	0
1084007	1084014	8	0.00	0	0
1085257	1085307	51	0.00	0	0
1086118	1086174	57	0.00	0	0
1086574	1086639	66	0.00	0	0
1087387	1087479	93	0.00	0	0
1089625	1089725	101	0.00	0	0
1089873	1089914	42	0.00	0	0
1091404	1091420	17	0.00	0	0
1092054	1092067	14	0.00	0	0
1092098	1092148	51	0.00	0	0
1093901	1094006	106	0.07	0	3
1094772	1094870	99	0.00	0	0
1095066	1095073	8	0.00	0	0
1095338	1095371	34	0.00	0	0
1096311	1096318	8	0.00	0	0
1096763	1096770	8	0.88	1	1
1099411	1099435	25	0.40	0	1
1100138	1100166	29	0.00	0	0
1101673	1101735	63	0.00	0	0
1102246	1102375	130	2.63	2	10
1102733	1102836	104	0.38	0	6
1104792	1104946	155	0.00	0	0
1105448	1105637	190	0.00	0	0
1107213	1107278	66	0.00	0	0
1108236	1108306	71	0.90	1	2
1108823	1108834	12	0.00	0	0
1109813	1110024	212	2.43	0	11
1110955	1111048	94	0.00	0	0
1112339	1112507	169	0.00	0	0
1113441	1113794	354	2.12	2	10
1114287	1114405	119	0.62	1	2
1115927	1116089	163	0.00	0	0
1119969	1120128	160	0.00	0	0
1121768	1121920	153	0.10	0	1
1122857	1122860	4	0.75	1	1
1122890	1122892	3	0.00	0	0
1123862	1124018	157	0.03	0	1
1124289	1124302	14	0.00	0	0
1126073	1126074	2	0.00	0	0
1126915	1127011	97	0.00	0	0
1127477	1127484	8	0.00	0	0
1128826	1128829	4	0.00	0	0
1129319	1129345	27	0.00	0	0
1129420	1129598	179	0.00	0	0
1129782	1129842	61	0.00	0	0
1130149	1130164	16	0.00	0	0
1130239	1130792	554	0.00	0	0
1132826	1132900	75	0.12	0	1
1134050	1134057	8	0.00	0	0
1134211	1134475	265	0.00	0	0
1134665	1134911	247	0.00	0	0
1135056	1135105	50	0.00	0	0
1135298	1135383	86	0.00	0	0
1137038	1137584	547	0.00	0	0
1137657	1137739	83	0.00	0	0
1137811	1138230	420	1.02	0	5
1138888	1138933	46	0.96	1	2
1140620	1140698	79	1.84	2	4
1141329	1141384	56	0.00	0	0
1144043	1144150	108	0.00	0	0
1144181	1144191	11	0.00	0	0
1144218	1144329	112	0.00	0	0
1144570	1144728	159	0.01	0	1
1145824	1145934	111	0.00	0	0
1146166	1146177	12	1.83	2	2
1146730	1146937	208	0.34	0	6
1148453	1148503	51	0.00	0	0
1149512	1149607	96	1.99	2	3
1149800	1150136	337	52.86	17.5	307
1150818	1150825	8	0.00	0	0
1153620	1153724	105	0.00	0	0
1153851	1154061	211	0.00	0	0
1154248	1154254	7	0.00	0	0
1154606	1154965	360	22.17	10	107
1155518	1155658	141	0.00	0	0
1156475	1156481	7	0.00	0	0
1157046	1157069	24	1.50	2	2
1157706	1157873	168	0.00	0	0
1157985	1157987	3	0.00	0	0
1158738	1158756	19	0.00	0	0
1160936	1160941	6	0.00	0	0
1161344	1161358	15	0.00	0	0
1162160	1162164	5	4.80	6	6
1162606	1162667	62	0.00	0	0
1163643	1163661	19	0.00	0	0
1164991	1165099	109	0.00	0	0
1165128	1165138	11	0.00	0	0
1165686	1165707	22	0.00	0	0
1165736	1165757	22	0.00	0	0
1166925	1166941	17	0.00	0	0
1168448	1168487	40	0.00	0	0
1169703	1169723	21	0.00	0	0
1170165	1170235	71	18.08	20	25
1170497	1170911	415	23.25	20	78
1171527	1171651	125	0.00	0	0
1172141	1172154	14	0.00	0	0
1172788	1172842	55	0.00	0	0
1173065	1173139	75	0.00	0	0
1173887	1173933	47	0.00	0	0
1177779	1177829	51	0.00	0	0
1178565	1178570	6	0.00	0	0
1178827	1178863	37	0.00	0	0
1181600	1181665	66	0.00	0	0
1182467	1182569	103	0.00	0	0
1183017	1183053	37	0.00	0	0
1184200	1184252	53	0.00	0	0
1185225	1185227	3	1.33	2	2
1186350	1186609	260	0.00	0	0
1187327	1187341	15	0.00	0	0
1188143	1188208	66	0.00	0	0
1188235	1188261	27	0.00	0	0
1190956	1191055	100	0.00	0	0
1191086	1191111	26	0.00	0	0
1192177	1192258	82	0.00	0	0
1192541	1192589	49	0.00	0	0
1192878	1193057	180	0.00	0	0
1194591	1194595	5	0.00	0	0
1195007	1195033	27	0.00	0	0
1196037	1196247	211	0.18	0	1
1198969	1199025	57	0.00	0	0
1202976	1202992	17	0.00	0	0
1204337	1204363	27	0.00	0	0
1205315	1205318	4	0.00	0	0
1205445	1205466	22	0.00	0	0
1206565	1206570	6	0.83	1	1
1209637	1209639	3	0.00	0	0
1210687	1210693	7	0.00	0	0
1212419	1212481	63	0.00	0	0
1213983	1213987	5	0.00	0	0
1215296	1215300	5	0.00	0	0
1216822	1216824	3	0.00	0	0
1217791	1217794	4	0.00	0	0
1218965	1219070	106	0.00	0	0
1220106	1220156	51	0.00	0	0
1220544	1220683	140	0.00	0	0
1222996	1223104	109	0.00	0	0
1224079	1224128	50	16.06	0	59
1224546	1224834	289	19.80	0	104
1226653	1226672	20	1.90	2	2
1229589	1229686	98	0.01	0	1
1230305	1230513	209	0.23	0	1
1231606	1232860	1255	0.00	0	0
1234448	1234453	6	0.00	0	0
1235741	1235753	13	0.00	0	0
1239203	1239219	17	0.00	0	0
1241236	1241325	90	0.00	0	0
1243408	1243696	289	0.00	0	0
1245382	1246146	765	0.82	0	4
1248779	1248792	14	1.43	2	2
1249414	1249440	27	1.93	2	2
1249864	1249882	19	2.63	3	4
1250003	1250112	110	0.34	0	1
1252360	1252412	53	0.00	0	0
1252500	1252591	92	0.40	0	1
1253915	1254193	279	0.00	0	0
1255968	1255999	32	0.00	0	0
1257008	1257136	129	0.00	0	0
1258409	1258417	9	0.00	0	0
1261818	1261821	4	2.50	3	4
1263438	1263660	223	0.85	1	2
1265809	1266022	214	0.10	0	1
1266950	1267044	95	0.39	0	1
1270081	1270195	115	0.00	0	0
1271039	1271044	6	0.00	0	0
1271156	1271157	2	0.00	0	0
1272478	1272490	13	3.46	3.5	5
1272734	1272868	135	2.33	2	5
1274442	1274464	23	0.00	0	0
1274493	1274522	30	0.00	0	0
1274551	1274558	8	0.00	0	0
1275933	1275965	33	0.00	0	0
1277433	1277472	40	0.00	0	0
1279714	1279756	43	0.00	0	0
1279886	1279913	28	0.00	0	0
1281132	1281137	6	0.00	0	0
1282090	1282145	56	0.62	1	1
1283037	1283485	449	0.00	0	0
1284991	1285146	156	0.00	0	0
1286382	1286414	33	0.00	0	0
1287813	1288001	189	0.18	0	2
1289697	1289750	54	0.44	0	2
1290222	1290359	138	0.00	0	0
1290993	1291024	32	0.00	0	0
1291703	1291925	223	0.00	0	0
1292424	1292504	81	0.00	0	0
1293666	1293669	4	0.00	0	0
1294692	1294698	7	0.00	0	0
1295991	1296010	20	0.00	0	0
1297421	1297450	30	0.00	0	0
1298477	1298604	128	0.05	0	1
1298917	1299198	282	0.00	0	0
1299652	1299718	67	0.24	0	1
1299745	1299761	17	0.00	0	0
1301073	1301085	13	0.00	0	0
1301929	1302421	493	0.00	0	0
1303112	1303209	98	0.00	0	0
1304656	1304676	21	0.00	0	0
1305853	1305877	25	0.00	0	0
1307501	1307507	7	0.00	0	0
1307880	1307936	57	0.00	0	0
1308702	1308807	106	0.00	0	0
1308922	1309141	220	0.00	0	0
1311062	1311110	49	0.00	0	0
1312116	1312276	161	0.00	0	0
1313072	1313144	73	0.29	0	2
1313172	1313185	14	0.00	0	0
1315268	1315393	126	0.00	0	0
1316783	1316844	62	0.00	0	0
1318081	1318254	174	0.00	0	0
1319557	1319648	92	0.00	0	0
1319677	1319698	22	0.00	0	0
1319726	1319736	11	0.00	0	0
1321830	1321834	5	0.00	0	0
1322639	1322768	130	0.00	0	0
1323231	1323245	15	0.00	0	0
1324260	1324268	9	0.00	0	0
1324932	1324964	33	0.00	0	0
1327284	1327309	26	10.96	10	15
1328699	1328725	27	12.48	12.5	16
1330585	1330649	65	0.00	0	0
1330677	1330691	15	0.00	0	0
1330719	1330734	16	0.00	0	0
1331452	1331470	19	0.00	0	0
1332017	1332047	31	0.00	0	0
1332819	1333020	202	0.16	0	1
1333942	1334028	87	1.36	1	3
1334812	1335074	263	4.64	4	12
1335744	1335749	6	0.00	0	0
1339233	1339255	23	0.00	0	0
1339283	1339318	36	0.00	0	0
1339346	1339363	18	0.00	0	0
1341276	1341305	30	0.00	0	0
1341906	1341977	72	0.00	0	0
1343463	1343523	61	0.00	0	0
1344478	1344495	18	0.00	0	0
1344764	1344791	28	0.00	0	0
1346499	1346541	43	0.00	0	0
1347277	1347282	6	0.00	0	0
1350366	1350394	29	0.00	0	0
1352390	1352398	9	0.00	0	0
1352723	1352728	6	0.00	0	0
1353332	1353407	76	0.00	0	0
1353525	1353549	25	0.00	0	0
1354060	1354121	62	0.00	0	0
1354785	1354835	51	0.00	0	0
1355586	1355746	161	0.00	0	0
1356230	1356244	15	0.00	0	0
1357250	1357269	20	0.00	0	0
1357627	1357639	13	0.92	1	1
1361715	1361716	2	0.00	0	0
1362368	1362389	22	0.00	0	0
1362822	1362823	2	0.50	1	1
1364042	1364043	2	0.00	0	0
1364713	1364736	24	0.00	0	0
1365250	1365318	69	0.00	0	0
1365688	1365904	217	0.00	0	0
1368980	1369152	173	0.00	0	0
1369227	1369355	129	0.00	0	0
1370766	1370956	191	0.71	0	3
1372439	1372612	174	2.16	2	6
1374065	1374205	141	1.70	0	9
1375325	1375454	130	0.00	0	0
1377411	1377598	188	0.00	0	0
1377671	1377820	150	0.00	0	0
1378094	1378280	187	3.99	1	28
1380702	1380941	240	3.75	2	13
1381590	1381799	210	0.00	0	0
1383162	1383208	47	0.00	0	0
1383291	1383358	68	0.00	0	0
1384862	1384901	40	0.00	0	0
1384975	1385084	110	0.00	0	0
1385107	1385127	21	0.00	0	0
1385156	1385369	214	0.17	0	1
1386798	1387130	333	0.01	0	1
1387587	1387624	38	0.00	0	0
1389136	1389172	37	0.00	0	0
1391424	1391478	55	0.00	0	0
1392076	1392210	135	0.13	0	2
1393750	1393756	7	0.00	0	0
1395995	1396141	147	0.00	0	0
1397609	1397877	269	1.45	0	6
1398151	1398261	111	0.17	0	1
1398499	1398513	15	0.00	0	0
1399474	1399664	191	0.00	0	0
1400868	1400888	21	0.00	0	0
1400916	1400989	74	0.00	0	0
1402016	1402059	44	0.00	0	0
1402627	1402813	187	0.00	0	0
1404125	1404138	14	0.00	0	0
1406233	1406290	58	0.00	0	0
1407719	1407799	81	0.35	0	1
1408793	1408856	64	0.00	0	0
1411664	1411727	64	0.00	0	0
1411755	1411764	10	0.00	0	0
1412092	1412106	15	0.00	0	0
1412134	1412135	2	0.00	0	0
1412508	1412509	2	0.00	0	0
1413602	1413668	67	0.00	0	0
1413699	1413829	131	0.00	0	0
1414391	1414688	298	0.03	0	1
1414893	1415056	164	0.00	0	0
1417004	1417101	98	0.00	0	0
1419293	1419306	14	0.93	1	1
1420138	1420349	212	0.00	0	0
1420695	1420730	36	0.00	0	0
1421040	1421096	57	0.00	0	0
1421697	1421716	20	0.00	0	0
1422104	1422181	78	0.00	0	0
1424792	1424947	156	0.56	0	3
1424975	1424989	15	0.00	0	0
1425014	1425104	91	0.00	0	0
1425453	1425473	21	0.00	0	0
1425600	1425780	181	0.03	0	1
1427190	1427251	62	0.00	0	0
1428311	1428448	138	0.03	0	1
1430119	1430231	113	0.00	0	0
1431300	1431500	201	0.00	0	0
1432251	1432259	9	0.00	0	0
1433490	1433552	63	0.00	0	0
1434777	1434873	97	0.00	0	0
1436231	1436243	13	0.00	0	0
1437498	1437625	128	0.29	0	1
1438554	1438557	4	0.00	0	0
1439200	1439278	79	0.47	0	1
1439462	1439463	2	0.00	0	0
1443228	1443236	9	0.89	1	1
1443996	1444108	113	0.00	0	0
1444856	1444877	22	0.00	0	0
1445589	1445590	2	0.00	0	0
1447965	1447990	26	0.00	0	0
1448720	1448724	5	0.00	0	0
1449583	1449675	93	0.00	0	0
1450902	1450981	80	0.00	0	0
1452071	1452382	312	0.00	0	0
1455934	1455940	7	0.00	0	0
1457213	1457224	12	0.00	0	0
1458323	1458324	2	0.00	0	0
1458883	1459039	157	0.00	0	0
1459169	1459195	27	0.00	0	0
1461014	1461125	112	0.70	0	3
1462020	1462159	140	0.00	0	0
1463102	1463118	17	0.94	1	1
1463554	1463615	62	0.00	0	0
1465137	1465377	241	0.15	0	1
1465870	1465977	108	0.00	0	0
1466353	1466421	69	6.84	8.5	12
1466974	1467084	111	0.86	1	2
1468057	1468058	2	2.00	4	4
1469919	1469981	63	0.00	0	0
1472062	1472226	165	0.19	0	1
1473151	1473288	138	0.00	0	0
1475701	1475970	270	0.26	0	5
1476316	1476331	16	3.75	4	4
1476776	1476890	115	0.16	0	2
1477167	1477189	23	0.04	0	1
1477751	1477755	5	0.00	0	0
1478167	1478400	234	2.94	1	22
1479694	1479895	202	0.47	0	2
1480856	1480864	9	1.33	2	2
1482293	1482294	2	0.50	1	1
1483231	1483361	131	0.69	1	2
1484310	1484377	68	0.54	1	1
1484714	1484954	241	0.00	0	0
1485531	1485659	129	0.04	0	1
1485774	1485866	93	0.00	0	0
1486797	1486983	187	88.43	7	369
1487869	1487929	61	38.69	16	170
1488365	1488368	4	0.00	0	0
1489854	1489875	22	0.00	0	0
1490911	1491028	118	0.00	0	0
1491869	1491891	23	0.00	0	0
1493092	1493212	121	0.17	0	1
1494344	1494659	316	0.27	0	7
1494948	1495066	119	1.39	0	7
1496168	1496174	7	0.00	0	0
1497318	1497336	19	0.00	0	0
1497357	1497372	16	0.00	0	0
1497395	1497410	16	0.00	0	0
1498917	1499012	96	0.00	0	0
1499043	1499049	7	0.00	0	0
1500160	1500237	78	0.00	0	0
1501021	1501148	128	0.00	0	0
1501389	1501474	86	0.00	0	0
1502120	1502147	28	0.00	0	0
1503402	1503534	133	9.72	0	132
1503796	1503882	87	92.26	72	152
1504033	1504047	15	4.40	5	5
1504633	1504640	8	0.00	0	0
1506053	1506139	87	0.00	0	0
1506365	1506413	49	0.76	1	1
1507432	1507495	64	0.00	0	0
1507655	1507847	193	0.00	0	0
1509339	1509388	50	0.00	0	0
1509827	1509901	75	0.00	0	0
1511655	1511753	99	0.00	0	0
1511898	1511981	84	0.00	0	0
1512477	1512595	119	1.87	0	6
1512806	1512858	53	3.49	2	10
1513204	1513438	235	1.78	0	11
1514852	1514866	15	0.00	0	0
1515392	1515396	5	0.00	0	0
1516138	1516181	44	0.84	1	1
1516782	1516796	15	0.00	0	0
1516825	1516845	21	0.00	0	0
1516874	1516895	22	0.00	0	0
1518015	1518253	239	0.21	0	1
1518282	1518302	21	0.00	0	0
1518331	1518543	213	0.20	0	3
1519285	1519705	421	1.51	0	14
1519736	1519799	64	0.00	0	0
1520868	1520873	6	0.00	0	0
1521636	1521651	16	0.00	0	0
1522420	1522529	110	0.00	0	0
1524408	1524588	181	0.00	0	0
1525681	1525715	35	0.69	1	1
1526904	1527035	132	0.00	0	0
1527858	1527881	24	0.00	0	0
1529469	1529621	153	0.24	0	1
1530318	1530409	92	0.40	0	1
1533504	1533509	6	0.83	1	1
1534728	1534785	58	2.29	3	6
1536712	1536928	217	1.22	0	6
1537553	1537561	9	0.00	0	0
1538492	1538513	22	0.00	0	0
1540143	1540167	25	0.00	0	0
1540195	1540246	52	0.71	1	1
1542131	1542314	184	0.60	0	2
1542342	1542385	44	0.55	1	1
1543067	1543106	40	0.38	0	1
1543803	1543911	109	0.00	0	0
1544937	1544963	27	0.00	0	0
1545038	1545120	83	0.00	0	0
1545235	1545422	188	0.04	0	1
1546656	1546809	154	0.00	0	0
1546884	1547070	187	2.05	0	24
1547848	1548053	206	3.05	0	22
1548801	1548821	21	0.00	0	0
1548844	1548865	22	0.00	0	0
1549799	1550008	210	0.00	0	0
1550822	1550838	17	0.00	0	0
1551667	1551717	51	0.00	0	0
1551955	1552165	211	0.42	0	2
1553018	1553035	18	1.94	2	3
1553402	1553569	168	1.92	2	8
1554857	1554859	3	0.00	0	0
1556746	1556748	3	0.67	1	1
1557907	1558047	141	0.26	0	1
1559437	1559451	15	0.00	0	0
1561036	1561111	76	0.49	0	1
1562789	1562858	70	0.00	0	0
1562886	1563009	124	0.00	0	0
1564357	1564379	23	0.09	0	1
1564407	1564475	69	0.00	0	0
1565247	1565317	71	0.00	0	0
1565573	1565654	82	0.45	0	1
1566957	1566965	9	0.00	0	0
1567332	1567440	109	0.00	0	0
1568056	1568240	185	0.00	0	0
1569003	1569111	109	0.00	0	0
1571017	1571136	120	0.00	0	0
1572523	1572622	100	0.00	0	0
1572697	1572717	21	0.00	0	0
1573840	1573854	15	0.00	0	0
1576348	1576419	72	0.51	1	1
1578394	1578557	164	0.51	0	9
1578924	1579028	105	1.14	0	6
1579524	1579569	46	0.00	0	0
1580773	1580844	72	0.00	0	0
1581604	1581751	148	0.00	0	0
1585079	1585088	10	0.00	0	0
1585206	1585234	29	0.00	0	0
1587086	1587097	12	0.00	0	0
1587582	1587742	161	0.00	0	0
1588214	1588293	80	0.00	0	0
1588501	1588514	14	0.00	0	0
1588749	1588858	110	0.18	0	1
1589330	1589481	152	0.24	0	1
1590433	1590513	81	0.00	0	0
1591501	1591536	36	1.47	2	2
1592425	1592652	228	0.00	0	0
1592863	1592888	26	0.00	0	0
1594158	1594322	165	0.00	0	0
1596069	1596209	141	0.00	0	0
1597425	1597457	33	0.00	0	0
1598430	1598539	110	0.39	0	2
1598561	1598576	16	0.94	1	1
1598599	1598636	38	0.00	0	0
1599756	1599773	18	1.61	2	2
1600188	1600277	90	2.38	0	12
1601653	1601667	15	0.00	0	0
1601695	1601721	27	0.00	0	0
1605259	1605479	221	0.17	0	1
1606269	1606287	19	0.00	0	0
1607203	1607301	99	0.00	0	0
1607716	1607797	82	0.00	0	0
1608074	1608120	47	0.00	0	0
1610254	1610336	83	0.00	0	0
1611189	1611266	78	0.00	0	0
1613878	1613895	18	0.00	0	0
1614601	1614997	397	0.28	0	2
1617327	1618037	711	0.10	0	2
1618341	1618489	149	0.53	0	8
1618691	1618710	20	24.35	26	30
1618784	1618982	199	5.20	3	18
1619502	1619509	8	1.00	1	2
1619960	1619961	2	0.00	0	0
1622701	1622869	169	0.00	0	0
1623320	1623401	82	0.00	0	0
1624368	1624454	87	0.00	0	0
1625325	1625344	20	0.00	0	0
1625966	1626037	72	0.00	0	0
1626521	1626756	236	0.00	0	0
1629271	1629479	209	0.00	0	0
1631985	1632136	152	0.05	0	1
1634996	1635020	25	0.00	0	0
1635044	1635080	37	0.78	1	1
1635108	1635263	156	0.24	0	1
1636251	1636255	5	0.00	0	0
1637234	1637286	53	0.43	0	1
1637701	1637781	81	0.00	0	0
1639015	1639073	59	0.10	0	1
1639156	1639234	79	0.00	0	0
1641011	1641025	15	2.73	3	5
1643006	1643068	63	5.71	5.5	13
1644200	1644214	15	6.20	6.5	9
1651247	1651358	112	44.07	45	71
1652679	1653202	524	30.97	10	183
1653830	1654022	193	2.13	0	11
1654670	1654875	206	5.09	0	52
1655230	1655269	40	105.00	116	144
1655837	1656041	205	2.99	0	13
1656693	1656801	109	0.00	0	0
1656828	1656847	20	0.00	0	0
1657709	1657833	125	0.47	0	1
1658161	1658166	6	0.00	0	0
1659255	1659321	67	0.00	0	0
1660576	1660611	36	0.00	0	0
1660738	1660745	8	0.00	0	0
1661511	1661625	115	0.00	0	0
1664233	1664272	40	0.00	0	0
1664300	1664367	68	0.00	0	0
1665301	1665326	26	0.00	0	0
1665762	1665880	119	0.00	0	0
1666925	1666961	37	0.00	0	0
1667145	1667231	87	0.00	0	0
1668192	1668329	138	0.00	0	0
1669023	1669097	75	9.36	0	110
1669290	1669746	457	79.02	0	457
1669775	1669781	7	0.00	0	0
1671394	1671486	93	0.00	0	0
1673239	1673454	216	0.00	0	0
1674004	1674043	40	2.50	3	4
1674317	1674468	152	0.24	0	6
1675234	1675254	21	0.00	0	0
1676524	1676556	33	0.00	0	0
1677112	1677268	157	0.00	0	0
1677755	1677822	68	0.00	0	0
1678750	1678756	7	0.00	0	0
1678787	1678857	71	0.00	0	0
1679578	1679602	25	0.00	0	0
1680833	1680843	11	0.00	0	0
1681324	1681334	11	0.00	0	0
1681461	1681466	6	0.00	0	0
1682460	1682467	8	0.88	1	1
1686163	1686166	4	0.00	0	0
1688255	1688260	6	21.33	26	26
1688939	1689081	143	10.26	5.5	32
1691167	1691244	78	0.00	0	0
1692647	1692706	60	0.08	0	1
1693427	1693575	149	0.00	0	0
1694725	1694762	38	0.00	0	0
1694880	1694915	36	0.00	0	0
1695378	1695574	197	0.00	0	0
1696178	1696188	11	0.00	0	0
1698721	1698774	54	0.61	1	1
1699843	1699850	8	0.00	0	0
1700625	1700628	4	1.25	2	2
1700893	1700898	6	1.67	2	2
1701016	1701029	14	4.07	4	6
1701315	1701391	77	14.78	9.5	42
1701809	1701849	41	0.78	1	1
1702294	1702325	32	0.00	0	0
1702713	1702852	140	0.00	0	0
1703855	1703951	97	0.00	0	0
1705563	1705670	108	1.26	0	4
1708662	1708702	41	0.46	0	1
1710288	1710302	15	7.80	8	9
1711050	1711088	39	2.64	3	5
1711662	1711666	5	2.40	3	3
1712774	1712865	92	2.98	3	7
1713451	1713823	373	0.49	0	5
1714544	1714585	42	0.00	0	0
1715369	1715390	22	0.00	0	0
1716360	1716406	47	0.00	0	0
1717169	1717385	217	1.01	1	3
1717677	1717707	31	0.00	0	0
1718400	1718525	126	4.67	5	9
1718976	1719272	297	4.67	0	41
1720398	1720413	16	0.00	0	0
1721238	1721288	51	1.10	1	3
1722981	1722996	16	0.50	1	1
1723753	1723844	92	0.40	0	1
1725897	1725960	64	3.86	4	6
1727671	1727844	174	0.80	1	2
1728355	1728473	119	0.00	0	0
1730022	1730043	22	0.00	0	0
1730071	1730211	141	7.14	0	37
1730620	1730682	63	6.98	3.5	21
1731190	1731207	18	0.00	0	0
1732174	1732206	33	0.00	0	0
1732966	1733146	181	0.00	0	0
1733711	1733735	25	0.00	0	0
1734792	1735001	210	0.02	0	1
1735275	1735418	144	0.06	0	1
1735493	1735630	138	0.00	0	0
1735979	1736097	119	6.10	7	10
1736299	1736568	270	6.24	0	82
1737202	1737333	132	6.43	0	60
1737631	1737636	6	0.00	0	0
1738792	1738822	31	0.65	0	2
1739360	1739361	2	0.00	0	0
1739764	1739765	2	0.00	0	0
1742700	1742759	60	0.00	0	0
1744323	1744325	3	0.00	0	0
1746077	1746084	8	0.00	0	0
1746814	1746935	122	0.00	0	0
1748059	1748181	123	0.00	0	0
1749004	1749048	45	0.00	0	0
1749679	1749742	64	0.83	1	2
1750253	1750281	29	0.79	1	1
1750786	1751002	217	5.45	0	28
1752947	1753048	102	1.03	1	5
1754219	1754252	34	0.00	0	0
1754803	1754846	44	0.00	0	0
1756317	1756379	63	0.00	0	0
1757013	1757016	4	0.00	0	0
1757647	1757662	16	0.00	0	0
1758383	1758638	256	3.64	2	16
1760535	1760614	80	0.00	0	0
1761381	1761391	11	0.00	0	0
1762223	1762466	244	0.00	0	0
1763199	1763307	109	0.00	0	0
1763858	1763988	131	0.00	0	0
1764124	1764649	526	0.00	0	0
1765127	1765253	127	0.29	0	1
1765554	1766354	801	0.09	0	1
1766559	1766892	334	0.00	0	0
1770781	1772349	1569	0.42	0	2
1772632	1773309	678	0.11	0	1
1774519	1774615	97	0.00	0	0
1774700	1774798	99	0.59	0	3
1775591	1775738	148	0.11	0	1
1777258	1777273	16	0.00	0	0
1777302	1777323	22	0.00	0	0
1777352	1777383	32	0.00	0	0
1778686	1778819	134	0.00	0	0
1779156	1779376	221	0.00	0	0
1779887	1780105	219	0.00	0	0
1782493	1782626	134	0.00	0	0
1783815	1784138	324	0.11	0	1
1785086	1785105	20	0.00	0	0
1785805	1786145	341	56.26	0	626
1786503	1786748	246	130.18	78	562
1787021	1787031	11	0.00	0	0
1787308	1787519	212	0.00	0	0
1788171	1788175	5	0.00	0	0
1788497	1788568	72	0.00	0	0
1788815	1789042	228	0.30	0	3
1789598	1789610	13	1.31	1	2
1789639	1789670	32	0.00	0	0
1789699	1789862	164	1.23	1	4
1790832	1791058	227	0.16	0	1
1792196	1792435	240	0.13	0	1
1793366	1793379	14	0.00	0	0
1795168	1795336	169	0.00	0	0
1796432	1796485	54	0.00	0	0
1799267	1799539	273	0.00	0	0
1799807	1799907	101	0.00	0	0
1800541	1800546	6	0.00	0	0
1801210	1801216	7	0.00	0	0
1801946	1802039	94	0.00	0	0
1804551	1804555	5	0.00	0	0
1806746	1806796	51	1.51	1	3
1807550	1807671	122	0.00	0	0
1807978	1807990	13	0.00	0	0
1808852	1808922	71	0.00	0	0
1809937	1810070	134	0.00	0	0
1811133	1811239	107	0.00	0	0
1812299	1812321	23	0.00	0	0
1815132	1815262	131	0.00	0	0
1816589	1816592	4	0.00	0	0
1817493	1817756	264	0.33	0	4
1817982	1817986	5	1.60	2	2
1818560	1818697	138	0.00	0	0
1819181	1819184	4	0.00	0	0
1819506	1819513	8	0.00	0	0
1821316	1821342	27	0.00	0	0
1823368	1823448	81	0.00	0	0
1823953	1824121	169	0.00	0	0
1824641	1824642	2	0.00	0	0
1827111	1827329	219	0.00	0	0
1827573	1827611	39	0.00	0	0
1828437	1828936	500	0.00	0	0
1829318	1829420	103	0.04	0	1
1830195	1830230	36	0.69	1	1
1830435	1830456	22	0.00	0	0
1832059	1832060	2	0.00	0	0
1832325	1832363	39	0.00	0	0
1833134	1833375	242	0.00	0	0
1834018	1834120	103	1.07	1	2
1834640	1834646	7	0.00	0	0
1835622	1835674	53	0.00	0	0
1835720	1835782	63	0.00	0	0
1836026	1836042	17	0.00	0	0
1836727	1836728	2	0.00	0	0
1837485	1837489	5	0.00	0	0
1838387	1838422	36	0.00	0	0
1839308	1839432	125	0.00	0	0
1839751	1840272	522	2.82	0	28
1840759	1840855	97	3.27	2.5	8
1841093	1841136	44	8.82	10	11
1841473	1841541	69	0.29	0	2
1843102	1843145	44	0.20	0	1
1844277	1844278	2	0.00	0	0
1846250	1846278	29	0.00	0	0
1846723	1846742	20	1.05	1	3
1847602	1848021	420	2.83	1	10
1849060	1849224	165	0.00	0	0
1849348	1849480	133	0.06	0	1
1849871	1850067	197	0.00	0	0
1851307	1851435	129	0.24	0	1
1851556	1851570	15	9.40	10	12
1855132	1855137	6	4.67	6	7
1857393	1857401	9	0.00	0	0
1862334	1862542	209	0.00	0	0
1864259	1864264	6	0.00	0	0
1864532	1864570	39	0.00	0	0
1865966	1866105	140	0.20	0	1
1866487	1866789	303	0.92	0	6
1867882	1867985	104	0.00	0	0
1868988	1869020	33	0.00	0	0
1869273	1869278	6	0.00	0	0
1871349	1871362	14	0.00	0	0
1871390	1871445	56	0.00	0	0
1873117	1873137	21	0.00	0	0
1874014	1874083	70	0.00	0	0
1875059	1875260	202	0.00	0	0
1876194	1876429	236	0.00	0	0
1878245	1878301	57	0.00	0	0
1879429	1879474	46	0.00	0	0
1880741	1880766	26	0.00	0	0
1881484	1881560	77	0.00	0	0
1882557	1882593	37	0.00	0	0
1883578	1883588	11	0.00	0	0
1885032	1885035	4	0.00	0	0
1886188	1886264	77	0.00	0	0
1891340	1891428	89	0.00	0	0
1895132	1895133	2	0.00	0	0
1896600	1896833	234	0.00	0	0
1897014	1897226	213	0.00	0	0
1897356	1897372	17	0.00	0	0
1897402	1897417	16	0.00	0	0
1897885	1897927	43	0.00	0	0
1898687	1898695	9	0.00	0	0
1899575	1899576	2	0.00	0	0
1900909	1900976	68	0.79	0	9
1901941	1902000	60	0.25	0	2
1902430	1902474	45	4.73	5	6
1903270	1903457	188	2.09	2	8
1903833	1903923	91	0.22	0	1
1904857	1905039	183	0.00	0	0
1905229	1905289	61	0.00	0	0
1907078	1907092	15	0.00	0	0
1907489	1907505	17	0.00	0	0
1907941	1908080	140	2.05	1	6
1908537	1908683	147	2.24	0	8
1909179	1909289	111	0.00	0	0
1910298	1910401	104	0.00	0	0
1912733	1912881	149	0.50	0	2
1913653	1913744	92	0.00	0	0
1914480	1914560	81	1.17	1	3
1915089	1915282	194	2.23	2	7
1916276	1916282	7	0.86	1	1
1917501	1917580	80	0.00	0	0
1919420	1919434	15	1.40	2	2
1921064	1921081	18	0.33	0	1
1922864	1922865	2	0.00	0	0
1923427	1923523	97	0.00	0	0
1924028	1924036	9	0.00	0	0
1925258	1925261	4	0.00	0	0
1926168	1926188	21	0.00	0	0
1927742	1927852	111	0.00	0	0
1929104	1929212	109	0.00	0	0
1930029	1930031	3	0.00	0	0
1930341	1930537	197	0.00	0	0
1933190	1933229	40	0.00	0	0
1934241	1934282	42	0.79	1	1
1934937	1934948	12	0.00	0	0
1935331	1935449	119	0.00	0	0
1937793	1937860	68	0.35	0	1
1939610	1939774	165	0.00	0	0
1939979	1940046	68	0.00	0	0
1941472	1941491	20	0.05	0	1
1941864	1942025	162	0.00	0	0
1943013	1943309	297	0.00	0	0
1944162	1944454	293	0.51	0	3
1945274	1945489	216	33.34	30	84
1945994	1946075	82	3.90	1	14
1947885	1948072	188	0.09	0	2
1948667	1948742	76	2.68	1	8
1949898	1949968	71	0.73	1	1
1950398	1950505	108	0.00	0	0
1951166	1951188	23	0.00	0	0
1952194	1952260	67	0.00	0	0
1955825	1955968	144	0.19	0	1
1956170	1956357	188	0.00	0	0
1959733	1959784	52	0.00	0	0
1960205	1960456	252	0.00	0	0
1961309	1961359	51	1.00	1	3
1961696	1961724	29	0.00	0	0
1961752	1961757	6	0.00	0	0
1961869	1961874	6	0.00	0	0
1964545	1964651	107	0.35	0	1
1966980	1967074	95	0.00	0	0
1967930	1968077	148	0.00	0	0
1969689	1969765	77	60.39	45.5	126
1971668	1971714	47	0.96	1	2
1972618	1972635	18	0.00	0	0
1974778	1975104	327	0.00	0	0
1975177	1975529	353	0.00	0	0
1977287	1977916	630	0.00	0	0
1978070	1978092	23	0.00	0	0
1978399	1978705	307	0.00	0	0
1980035	1980516	482	1.11	1	4
1980652	1982548	1897	8.01	7	30
1982726	1983084	359	0.00	0	0
1983286	1983445	160	0.00	0	0
1986789	1987056	268	0.88	1	3
1987312	1987954	643	0.17	0	1
1988945	1988948	4	0.00	0	0
1991287	1991288	2	0.00	0	0
1991922	1992910	989	0.16	0	2
1993211	1993974	764	0.05	0	1
1995889	1996274	386	0.00	0	0
1997145	1997158	14	0.00	0	0
1997609	1997680	72	0.00	0	0
2000000	2000267	268	0.00	0	0
2002206	2002214	9	0.00	0	0
2003547	2003729	183	0.00	0	0
2004432	2004440	9	0.00	0	0
2004978	2005099	122	0.00	0	0
2006465	2006488	24	0.00	0	0
2007371	2007699	329	0.00	0	0
2008924	2009164	241	2.62	0	15
2009672	2009733	62	0.00	0	0
2010313	2010323	11	0.00	0	0
2011281	2011293	13	0.00	0	0
2013316	2013342	27	0.00	0	0
2014087	2014336	250	1.78	0	15
2014652	2014676	25	12.28	13	14
2017418	2017511	94	0.00	0	0
2024508	2024893	386	0.00	0	0
2026622	2026691	70	0.00	0	0
2028543	2028698	156	0.12	0	1
2029326	2029451	126	7.16	6	20
2030673	2030692	20	0.00	0	0
2030721	2030755	35	0.00	0	0
2030779	2030808	30	0.00	0	0
2034330	2034363	34	0.47	0	3
2035249	2035273	25	0.60	0	2
2036402	2036403	2	2.50	5	5
2039576	2039602	27	4.30	5	5
2040182	2040224	43	1.42	2	2
2040588	2040682	95	1.92	0	10
2042399	2042799	401	14.17	0	226
2046759	2046761	3	0.00	0	0
2048720	2048865	146	0.00	0	0
2052175	2052235	61	0.00	0	0
2053229	2053358	130	0.00	0	0
2053959	2054024	66	0.00	0	0
2055009	2055256	248	0.15	0	1
2056145	2056146	2	0.00	0	0
2057868	2057873	6	0.00	0	0
2059145	2059221	77	0.96	0	3
2059438	2059545	108	1.44	0	5
2061352	2061357	6	2.50	3	3
2062267	2062380	114	0.00	0	0
2062795	2062908	114	0.00	0	0
2064389	2064397	9	0.00	0	0
2067064	2067289	226	0.00	0	0
2068151	2068299	149	0.05	0	1
2069083	2069130	48	0.00	0	0
2069758	2069899	142	0.00	0	0
2070617	2070679	63	0.16	0	2
2072435	2072614	180	0.00	0	0
2073701	2074028	328	0.00	0	0
2074293	2074352	60	0.00	0	0
2075352	2075362	11	0.00	0	0
2076482	2076549	68	0.00	0	0
2077804	2077869	66	0.00	0	0
2081134	2081186	53	0.00	0	0
2081664	2081730	67	0.13	0	1
2082409	2082612	204	0.00	0	0
2083747	2083762	16	0.00	0	0
2084102	2084210	109	0.00	0	0
2085858	2085919	62	0.00	0	0
2087123	2087126	4	0.00	0	0
2087841	2088066	226	0.00	0	0
2088130	2088224	95	0.39	0	1
2088298	2088418	121	0.00	0	0
2091392	2092342	951	0.18	0	2
2092577	2092627	51	0.00	0	0
2094332	2095117	786	0.19	0	3
2096291	2096468	178	0.75	1	2
2096661	2097239	579	1.13	1	6
2099046	2099330	285	0.26	0	1
2099706	2099870	165	7.41	0	77
2100384	2100503	120	22.22	20	47
2100984	2100986	3	11.00	16.5	17
2101707	2101832	126	0.00	0	0
2103020	2103080	61	0.00	0	0
2106089	2106097	9	0.00	0	0
2107189	2107261	73	0.00	0	0
2108153	2108202	50	0.00	0	0
2113581	2113695	115	1.00	0	4
2114974	2115037	64	0.00	0	0
2116862	2116863	2	0.00	0	0
2117377	2117380	4	0.00	0	0
2119793	2119900	108	0.27	0	2
2121364	2121365	2	0.00	0	0
2122701	2122787	87	0.43	0	1
2124222	2124232	11	0.00	0	0
2125370	2125474	105	0.00	0	0
2126072	2126267	196	0.00	0	0
2127282	2127382	101	0.00	0	0
2127779	2127800	22	0.00	0	0
2128182	2128493	312	0.12	0	1
2128935	2129013	79	0.00	0	0
2129638	2129639	2	0.00	0	0
2130981	2131233	253	0.00	0	0
2131756	2131793	38	1.16	2	2
2132028	2132063	36	0.83	0	2
2132727	2132757	31	0.00	0	0
2133133	2133160	28	0.00	0	0
2133698	2133719	22	0.00	0	0
2134116	2134190	75	0.00	0	0
2134476	2134526	51	0.00	0	0
2135073	2135093	21	0.95	1	1
2135418	2135419	2	0.00	0	0
2135786	2135841	56	0.00	0	0
2136223	2136253	31	0.65	1	1
2136497	2136528	32	0.00	0	0
2136940	2136980	41	0.00	0	0
2137665	2137716	52	0.00	0	0
2138092	2138133	42	0.00	0	0
2138407	2138430	24	0.00	0	0
2139253	2139294	42	0.00	0	0
2139613	2139633	21	0.00	0	0
2140255	2140290	36	0.00	0	0
2141023	2141061	39	0.00	0	0
2141380	2141404	25	0.00	0	0
2142581	2142647	67	0.00	0	0
2144742	2144768	27	0.00	0	0
2145249	2145272	24	0.00	0	0
2145594	2145633	40	0.00	0	0
2145829	2145970	142	0.00	0	0
2146106	2146381	276	0.04	0	1
2150573	2150658	86	0.00	0	0
2155000	2155213	214	0.00	0	0
2155328	2155390	63	0.00	0	0
2156027	2156056	30	0.00	0	0
2156087	2156201	115	0.00	0	0
2156223	2156245	23	0.00	0	0
2156609	2156650	42	0.00	0	0
2157245	2157508	264	0.00	0	0
2157737	2157815	79	0.00	0	0
2158173	2158270	98	0.00	0	0
2158982	2158989	8	0.00	0	0
2159317	2159616	300	0.00	0	0
2159992	2160059	68	0.00	0	0
2160195	2160245	51	0.00	0	0
2160777	2160830	54	0.00	0	0
2161026	2161276	251	0.00	0	0
2162243	2162331	89	0.83	1	1
2162405	2162534	130	0.00	0	0
2164188	2164274	87	0.00	0	0
2165730	2165905	176	0.00	0	0
2167985	2168069	85	0.00	0	0
2168181	2168193	13	0.00	0	0
2168740	2168741	2	0.00	0	0
2169369	2169601	233	0.08	0	1
2170493	2170676	184	1.14	0	6
2171466	2171470	5	4.00	5	5
2173151	2173549	399	0.42	0	13
2175770	2175784	15	4.53	5	6
2179214	2180217	1004	0.40	0	2
2180788	2181297	510	0.00	0	0
2181607	2181686	80	0.00	0	0
2184541	2184865	325	0.00	0	0
2185073	2185426	354	0.00	0	0
2186414	2186823	410	0.00	0	0
2186895	2187054	160	0.33	0	5
2187871	2187890	20	0.00	0	0
2188827	2188956	130	0.00	0	0
2189773	2189798	26	0.00	0	0
2190588	2190590	3	0.00	0	0
2191563	2191564	2	0.00	0	0
2192483	2192581	99	0.04	0	1
2195660	2195734	75	0.56	1	1
2196869	2197090	222	2.03	2	7
2198297	2198320	24	2.42	3	3
2200921	2201098	178	1.09	1	4
2201938	2202010	73	0.00	0	0
2202356	2202426	71	0.14	0	1
2203204	2203235	32	0.00	0	0
2203854	2203919	66	0.58	0	2
2204979	2205005	27	0.96	1	1
2205363	2205469	107	0.32	0	6
2205818	2205839	22	0.00	0	0
2207214	2207295	82	0.00	0	0
2209907	2209992	86	0.00	0	0
2211529	2211537	9	0.00	0	0
2213115	2213139	25	0.00	0	0
2215359	2215407	49	0.00	0	0
2217420	2217468	49	0.00	0	0
2218738	2218741	4	0.00	0	0
2219420	2219558	139	0.00	0	0
2220540	2220599	60	0.00	0	0
2220909	2220952	44	0.00	0	0
2221160	2221317	158	0.34	0	3
2222536	2222849	314	0.77	0	4
2224695	2224877	183	0.38	0	2
2225151	2225398	248	0.37	0	2
2225915	2225931	17	0.00	0	0
2229064	2229134	71	0.00	0	0
2230410	2230416	7	0.00	0	0
2231701	2232247	547	1.24	1	7
2232683	2232690	8	3.00	3	4
2232961	2233441	481	0.49	0	8
2235326	2235662	337	0.95	0	5
2235825	2235856	32	0.00	0	0
2235940	2236045	106	0.00	0	0
2237549	2237691	143	0.00	0	0
2238301	2238476	176	0.00	0	0
2239734	2239941	208	0.00	0	0
2241421	2241471	51	0.00	0	0
2244298	2244308	11	0.00	0	0
2245092	2245112	21	0.00	0	0
2245791	2245938	148	13.25	0	94
2246602	2246704	103	1.35	1	8
2247305	2247429	125	0.80	1	2
2248270	2248421	152	0.00	0	0
2248683	2248684	2	0.00	0	0
2249060	2249176	117	0.00	0	0
2250233	2250331	99	0.00	0	0
2251421	2251446	26	0.00	0	0
2251473	2251561	89	0.00	0	0
2251586	2251621	36	0.00	0	0
2251649	2251697	49	0.00	0	0
2253008	2253164	157	0.00	0	0
2254278	2254292	15	0.00	0	0
2255643	2255744	102	0.49	0	2
2258160	2258334	175	0.00	0	0
2259412	2259469	58	0.00	0	0
2261267	2261487	221	0.00	0	0
2261614	2261641	28	0.00	0	0
2262212	2262391	180	0.00	0	0
2262926	2263242	317	0.00	0	0
2264859	2264866	8	0.00	0	0
2265710	2265786	77	0.00	0	0
2266207	2266368	162	0.17	0	1
2266480	2266499	20	0.00	0	0
2267634	2267655	22	1.64	2	2
2268853	2268916	64	1.28	1	3
2271451	2271473	23	0.00	0	0
2273643	2273755	113	0.00	0	0
2274170	2274524	355	34.92	0	256
2275191	2275269	79	5.35	0	35
2276608	2276632	25	0.00	0	0
2277083	2277180	98	0.38	0	1
2277613	2277615	3	0.00	0	0
2278108	2278120	13	0.00	0	0
2278763	2278816	54	4.28	5	8
2279597	2279637	41	2.37	2	4
2281012	2281075	64	0.00	0	0
2281421	2281490	70	0.40	0	1
2282121	2282170	50	0.00	0	0
2282921	2283103	183	0.00	0	0
2284705	2284787	83	0.00	0	0
2285034	2285071	38	0.00	0	0
2285621	2285801	181	0.28	0	1
2286177	2286205	29	0.00	0	0
2287622	2287742	121	0.00	0	0
2288418	2288606	189	0.00	0	0
2288976	2289139	164	0.00	0	0
2290118	2290183	66	0.53	1	1
2291816	2292505	690	0.27	0	1
2292656	2292770	115	0.00	0	0
2293623	2293693	71	1.17	0	8
2293721	2293743	23	0.00	0	0
2293772	2293784	13	0.00	0	0
2294919	2295167	249	2.26	0	10
2295369	2295448	80	6.97	7	10
2295587	2295637	51	0.00	0	0
2296571	2296693	123	8.63	1	29
2296835	2296860	26	0.00	0	0
2298271	2298330	60	0.00	0	0
2299591	2299614	24	1.88	2	2
2300248	2300489	242	0.00	0	0
2301633	2301644	12	0.00	0	0
2302239	2302259	21	0.00	0	0
2304828	2304896	69	0.17	0	1
2305998	2306092	95	0.00	0	0
2306768	2306776	9	0.00	0	0
2308324	2308492	169	0.00	0	0
2309615	2309677	63	0.38	0	1
2310446	2310478	33	0.00	0	0
2311982	2312170	189	0.00	0	0
2312870	2312894	25	0.00	0	0
2313300	2313301	2	0.00	0	0
2313659	2313814	156	0.00	0	0
2313959	2314035	77	0.00	0	0
2314897	2315013	117	0.00	0	0
2315855	2315887	33	0.00	0	0
2316830	2317057	228	1.03	0	12
2318877	2318935	59	9.03	12	16
2318956	2318971	16	2.19	2	5
2318994	2319083	90	2.47	3	5
2319819	2319820	2	0.50	1	1
2320496	2320552	57	0.00	0	0
2321291	2321535	245	0.54	0	5
2321773	2321918	146	0.00	0	0
2323158	2323171	14	0.00	0	0
2324207	2324304	98	0.00	0	0
2324584	2324601	18	0.50	1	1
2324905	2324981	77	0.17	0	1
2325054	2325156	103	0.36	0	1
2325430	2325435	6	1.50	2	2
2325679	2325817	139	1.63	0	22
2326364	2326371	8	0.00	0	0
2327506	2327587	82	4.06	2	9
2328269	2328303	35	2.17	2	3
2328487	2328506	20	0.95	1	1
2329674	2329892	219	0.00	0	0
2330568	2330665	98	0.55	0	3
2331185	2331265	81	0.44	0	1
2332296	2332334	39	0.00	0	0
2332740	2332935	196	0.00	0	0
2332963	2332988	26	0.00	0	0
2333889	2334040	152	0.00	0	0
2334941	2335024	84	0.00	0	0
2335466	2335634	169	0.00	0	0
2337419	2337421	3	0.00	0	0
2337545	2337566	22	0.00	0	0
2338299	2338354	56	0.00	0	0
2340722	2340941	220	0.17	0	1
2343240	2343409	170	0.34	0	4
2343866	2343948	83	1.23	1	3
2344084	2344150	67	11.22	12	18
2344652	2344990	339	5.29	0	59
2346437	2346453	17	1.71	2	2
2347285	2347290	6	4.17	5	5
2347978	2347990	13	0.00	0	0
2348765	2348783	19	0.00	0	0
2349444	2349575	132	0.00	0	0
2352188	2352269	82	1.28	0	3
2352744	2352762	19	0.00	0	0
2353195	2353248	54	0.24	0	1
2353981	2354165	185	0.16	0	1
2355996	2356282	287	0.73	0	4
2356595	2356625	31	0.00	0	0
2357190	2357272	83	0.00	0	0
2358710	2359189	480	1.16	0	8
2361710	2361718	9	0.00	0	0
2362979	2363043	65	0.17	0	2
2364277	2364289	13	0.00	0	0
2365565	2365570	6	0.00	0	0
2366441	2366742	302	0.00	0	0
2367760	2367944	185	1.96	0	11
2369907	2370055	149	8.93	3	37
2372234	2372316	83	11.57	7	23
2372743	2372795	53	0.00	0	0
2373429	2373818	390	0.19	0	2
2374575	2374732	158	0.00	0	0
2375357	2375385	29	0.00	0	0
2375683	2375924	242	0.00	0	0
2377221	2377313	93	0.00	0	0
2377869	2377874	6	1.67	2	2
2378175	2378227	53	0.34	0	1
2378900	2379042	143	0.00	0	0
2380834	2380867	34	0.00	0	0
2381879	2381883	5	0.00	0	0
2382181	2382189	9	0.89	1	1
2382982	2382999	18	0.94	1	1
2385454	2385738	285	2.73	2	11
2387035	2387273	239	3.25	0.5	19
2388399	2388570	172	0.61	0	2
2388688	2388695	8	0.00	0	0
2389122	2389124	3	0.00	0	0
2390088	2390146	59	0.00	0	0
2390175	2390290	116	0.00	0	0
2395103	2395114	12	0.00	0	0
2395904	2396125	222	0.00	0	0
2396780	2396820	41	0.00	0	0
2396935	2396936	2	0.00	0	0
2399325	2399494	170	0.00	0	0
2401322	2401341	20	0.00	0	0
2401717	2401787	71	0.00	0	0
2403144	2403220	77	0.00	0	0
2403335	2403341	7	1.71	2	2
2405167	2405199	33	0.00	0	0
2406052	2406078	27	0.00	0	0
2407971	2408058	88	0.00	0	0
2409549	2409554	6	0.83	1	1
2410509	2410512	4	1.50	2	2
2411044	2411097	54	1.20	0	9
2412307	2412364	58	0.00	0	0
2413067	2413072	6	0.00	0	0
2415634	2415779	146	0.00	0	0
2415808	2415830	23	0.00	0	0
2416490	2416550	61	0.00	0	0
2416683	2417025	343	0.11	0	1
2417641	2417779	139	0.00	0	0
2418524	2418526	3	0.00	0	0
2418875	2418990	116	0.00	0	0
2420257	2420265	9	1.33	1.5	2
2421388	2421411	24	3.33	4	5
2421784	2421904	121	0.30	0	2
2422379	2422380	2	0.00	0	0
2425369	2425445	77	0.00	0	0
2426282	2426356	75	1.88	0	7
2426753	2426792	40	18.23	20	24
2427891	2428136	246	8.51	4	25
2429418	2429525	108	0.00	0	0
2432056	2432219	164	0.13	0	1
2433111	2433271	161	1.43	0	10
2434616	2434629	14	0.93	1	1
2435827	2435997	171	0.27	0	1
2438269	2438288	20	0.00	0	0
2439330	2439380	51	0.00	0	0
2440815	2441012	198	0.00	0	0
2441313	2441404	92	0.00	0	0
2443390	2443395	6	0.00	0	0
2443912	2444116	205	0.00	0	0
2444531	2444547	17	0.00	0	0
2445547	2445558	12	0.00	0	0
2445676	2445766	91	0.00	0	0
2445884	2445901	18	0.00	0	0
2446760	2446782	23	0.00	0	0
2446924	2446925	2	1.50	3	3
2447499	2447513	15	2.07	2	3
2448546	2448656	111	11.41	0	54
2449368	2449584	217	3.84	0	30
2451235	2451457	223	2.59	0	12
2451531	2451697	167	0.00	0	0
2452934	2453174	241	0.15	0	1
2453289	2453435	147	0.00	0	0
2453568	2453673	106	0.00	0	0
2453848	2455917	2070	0.14	0	4
2456155	2456281	127	0.00	0	0
2459996	2460297	302	0.00	0	0
2460787	2461047	261	16.84	0	84
2461174	2461249	76	45.87	48	66
2461604	2461741	138	1.57	1	5
2463050	2463144	95	0.15	0	1
2464079	2464127	49	0.00	0	0
2465313	2465350	38	0.00	0	0
2466572	2466627	56	0.27	0	1
2467396	2467549	154	2.25	1	14
2468039	2468157	119	0.00	0	0
2468665	2468849	185	0.00	0	0
2470797	2470882	86	0.00	0	0
2472875	2473103	229	0.00	0	0
2473806	2473899	94	0.05	0	1
2474323	2474426	104	0.00	0	0
2477462	2477502	41	2.56	2	4
2478661	2478703	43	10.35	10	15
2480144	2480379	236	0.02	0	4
2481004	2481200	197	3.77	1	18
2481615	2481983	369	0.80	0	11
