#start	end	length	mean	median	max
1318	1459	142	8.50	9	16
2666	2804	139	14.17	3.5	128
3009	3028	20	2.75	2	8
4142	4144	3	16.67	25	25
6044	6065	22	17.55	26	29
8490	8560	71	11.35	13.5	20
8855	8856	2	1.50	3	3
9115	9134	20	12.95	5	33
9444	9449	6	11.33	13	16
9855	9856	2	0.00	0	0
10628	10715	88	1.60	1	3
12345	12371	27	3.85	4	4
12442	12822	381	8.86	0	84
15773	15847	75	0.00	0	0
15962	16072	111	3.23	4	6
16598	16611	14	7.14	12	12
17491	17620	130	3.18	2	15
17853	17951	99	74.08	21	188
19221	19543	323	6.16	5	21
19997	19999	3	52.00	78	78
20086	20128	43	18.35	18.5	27
20391	20469	79	129.37	28	2230
22105	22165	61	11.13	14	19
22514	22528	15	58.53	66	68
23126	23560	435	6.43	5	20
24764	25179	416	5.01	4	16
26936	27034	99	0.09	0	1
29983	30113	131	13.47	3	79
30228	30236	9	16.00	16.5	23
30306	30317	12	117.08	129	129
30401	30418	18	0.00	0	0
30489	30501	13	0.00	0	0
30571	30585	15	0.00	0	0
30654	30664	11	0.00	0	0
30735	30745	11	0.27	0	1
30817	30831	15	3.53	3	8
30901	30920	20	32.95	35	35
31000	31014	15	0.00	0	0
31093	31127	35	117.14	133	158
31199	31211	13	104.31	114	114
31282	31374	93	200.18	137	433
31458	31466	9	7.11	9.5	15
31537	31548	12	80.83	88	89
31620	31636	17	1.71	2	2
31708	31736	29	103.03	110	116
31808	31820	13	52.62	57	57
31892	31905	14	12.21	13	14
31976	31988	13	50.31	55	55
32057	32068	12	40.17	44	44
32138	32148	11	1.82	2	2
32232	32249	18	0.00	0	0
32320	32332	13	0.00	0	0
32402	32416	15	0.00	0	0
32485	32495	11	0.00	0	0
32566	32576	11	0.00	0	0
32648	32662	15	0.93	1	1
32732	32751	20	90.20	95	95
32831	32845	15	0.93	1	1
32924	32952	29	167.10	170	183
33022	33051	30	180.03	192	199
33123	33137	15	0.00	0	0
33208	33221	14	58.79	64	66
33292	33299	8	0.00	0	0
33383	33391	9	0.00	0	0
33462	33473	12	135.67	148	148
33545	33561	17	0.00	0	0
33633	33655	23	85.30	90	92
33727	33740	14	22.21	25	26
33811	33823	13	47.08	51	51
33892	33904	13	150.31	164	165
33976	33993	18	90.89	85	184
34064	34144	81	19.40	11	41
34556	34866	311	1.72	1	7
38296	38527	232	25.27	4	158
40466	40920	455	3.73	4	9
41383	41391	9	7.56	6	19
41884	41901	18	8.39	9	9
45359	45540	182	8.47	7	18
46912	46916	5	5.60	7	7
47985	48075	91	28.13	8.5	67
49168	49298	131	42.08	29	120
51474	51661	188	4.69	5	8
52505	52723	219	4.71	6	8
53888	53911	24	1.92	2	2
55556	55654	99	2.94	3	5
57026	57468	443	4.22	4	10
58420	58453	34	7.50	8	8
59420	59446	27	2.67	4	4
60431	60445	15	0.93	1	1
61490	61658	169	3.12	4	6
63387	63806	420	2.62	2	8
67195	67276	82	1.70	1	4
67577	67655	79	5.71	6	10
69003	69039	37	8.54	9	12
69511	69684	174	3.74	3	9
70333	70508	176	1.95	2	5
71439	71714	276	2.36	2	9
72908	73004	97	9.87	9	17
73240	73276	37	104.22	118	122
74990	75113	124	31.56	3	112
76557	76996	440	9.31	4	48
78476	78989	514	8.25	4	44
80394	80398	5	6.00	7.5	9
80792	80899	108	4.54	3	16
81656	81661	6	3.33	4	4
82406	82410	5	1.80	2	3
82936	82987	52	30.75	49	64
83648	83723	76	45.74	36	88
84915	85166	252	118.85	17	485
85314	85341	28	175.04	171	218
85561	85582	22	201.27	219	292
86123	86163	41	117.39	143	153
86587	86659	73	122.89	113	256
87356	87409	54	68.33	80	176
87536	87580	45	907.16	1176	1194
88085	88143	59	156.44	231	260
88507	88900	394	18.91	6	127
89687	90159	473	6.34	3	36
93874	93917	44	3.05	3	5
97401	97682	282	37.52	15	147
98112	98237	126	165.34	12	568
98706	98756	51	105.41	134.5	152
100821	100915	95	34.02	17	84
102107	102480	374	99.68	8	591
102790	102883	94	242.74	209	547
103511	103512	2	140.50	281	281
104164	104165	2	18.50	37	37
104454	104485	32	173.06	217	229
105314	105350	37	61.05	59	112
105630	105663	34	136.15	165	170
105997	106021	25	129.12	162	164
106835	106872	38	27.16	31	39
107302	107305	4	18.50	24	26
107507	107532	26	309.73	369	418
107785	107812	28	224.79	327	331
108179	108201	23	101.61	120	143
108508	108539	32	9.72	12	13
109080	109099	20	136.40	202	203
109283	109317	35	106.91	130	150
109714	109746	33	122.33	145	147
110287	110324	38	33.61	33	49
110691	110713	23	85.52	129.5	132
111221	111237	17	84.41	84.5	133
111421	111455	35	75.80	104	106
111897	111942	46	46.07	51	62
113209	113227	19	78.11	106	117
113876	113878	3	6.00	9	10
114623	114637	15	9.87	12	13
114914	114953	40	724.48	916	999
115170	115207	38	326.32	387	437
115319	115473	155	39.82	29.5	87
115843	115880	38	161.21	189	217
116277	116310	34	77.12	90	98
116932	117011	80	106.34	90	332
117957	117979	23	54.09	57.5	77
118319	118440	122	6.03	3	20
120923	120956	34	5.82	6	8
121686	121807	122	109.54	23	335
122237	122267	31	1307.84	1611.5	1791
122658	123165	508	90.48	5	1199
123868	124056	189	4.24	2	12
125685	125711	27	0.00	0	0
125782	126161	380	0.00	0	0
129110	129191	82	48.34	39	94
129306	129314	9	28.78	26	57
129384	129393	10	109.70	124	125
129463	129473	11	51.09	57	58
129544	129554	11	0.91	1	1
129626	129641	16	44.38	48	51
129711	129730	20	47.90	51	53
129810	129824	15	83.40	90	90
129893	129908	16	258.38	278	281
129980	129994	15	0.00	0	0
130065	130081	17	39.29	42	42
130152	130159	8	0.88	1	1
130243	130265	23	185.83	201.5	234
130351	130364	14	473.21	510	512
130436	130526	91	120.92	114	255
130597	130662	66	67.61	61	154
130734	130745	12	45.83	50	50
130817	130825	9	9.78	7	23
130896	130908	13	136.46	149	150
130980	131003	24	170.42	192	245
132632	132658	27	0.00	0	0
132729	133108	380	0.00	0	0
136058	136132	75	0.00	0	0
136247	136462	216	6.52	5	17
137645	138019	375	8.70	5	54
140369	140392	24	33.04	46	47
140930	141619	690	3.44	3	11
143242	143268	27	0.00	0	0
143339	143657	319	12.28	1	105
146606	146756	151	92.35	41	247
146871	146878	8	579.88	92	2434
146962	146978	17	176.29	123.5	315
147050	147074	25	105.76	127	131
148697	148723	27	0.00	0	0
148794	149051	258	6.95	0	50
152002	152076	75	0.00	0	0
152191	152200	10	33.80	29	67
152270	152280	11	0.00	0	0
152364	152381	18	10.39	11	12
152452	152464	13	2.77	3	3
152534	152553	20	76.95	81	81
152622	152632	11	0.00	0	0
152703	152713	11	3.64	4	4
152785	152800	16	68.38	73	73
152870	152884	15	32.80	37	37
152956	153932	977	7.49	4	75
156064	156253	190	8.61	8	19
157154	157177	24	38.50	55	59
158922	158966	45	61.07	65.5	82
159180	159210	31	208.19	269	269
160288	160289	2	3.50	7	7
161040	161042	3	14.00	21	21
161598	161709	112	8.79	2	46
163114	163149	36	7.83	4	18
163327	163382	56	19.96	12	58
165213	165665	453	5.87	5	44
166959	167123	165	3.59	3	10
167170	167423	254	2.17	3	7
168159	168163	5	46.40	58	58
169433	169521	89	2.79	3	5
170584	170651	68	7.59	7	13
171318	171417	100	3.95	4	8
171676	171874	199	3.94	2	19
172892	172909	18	22.89	33	37
173336	173448	113	7.04	6.5	13
173974	174146	173	2.24	2	7
174248	174386	139	50.09	3	180
175578	175895	318	5.81	6	13
176991	177256	266	6.75	4	28
179474	179478	5	4.40	5.5	6
180259	180592	334	239.09	159	1076
182504	182646	143	2.97	3	9
182953	182978	26	1.92	2	2
183303	183343	41	5.95	7	8
184676	184688	13	3.69	4	4
185205	185302	98	3.02	2	7
186260	186310	51	0.00	0	0
187361	187365	5	4.00	6	6
188038	188592	555	38.32	19	212
189142	189275	134	9.81	6	27
191949	192086	138	6.96	5	34
193071	193207	137	5.00	4	14
195356	195505	150	5.79	5	12
196670	196731	62	6.71	4	14
196847	197000	154	65.59	42	214
197577	197907	331	7.52	3	37
198946	199086	141	5.11	4	10
199537	199538	2	1.00	2	2
200719	200726	8	1.25	1	2
201741	202039	299	4.09	3	11
204746	204751	6	3.83	5	5
205950	206266	317	2.70	2	8
207227	209439	2213	23.90	9	259
209905	211073	1169	4.49	4	15
211785	212059	275	2.63	2	5
213830	213853	24	0.96	1	1
215273	215303	31	4.00	4	6
216372	216389	18	0.94	1	1
216639	216691	53	1.85	2	3
216893	217380	488	5.88	4	31
217672	217805	134	2.88	1	9
219153	219191	39	4.95	6	6
220410	220780	371	3.21	2	9
222791	223260	470	9.98	7	41
223912	224052	141	6.75	6	15
225427	225444	18	5.72	7	9
227356	227493	138	36.67	6	195
228124	228264	141	29.37	18	93
228802	228979	178	340.53	5	2520
229148	229434	287	8.03	4	66
230500	230671	172	219.19	5	1050
234238	234378	141	25.11	11	105
235564	235838	275	5.02	4	14
236661	236791	131	726.69	7.5	2639
238055	238354	300	21.61	4	168
238856	239188	333	4.39	4	10
240320	240563	244	4.75	5	10
240837	241237	401	33.75	10.5	185
242258	242555	298	6.19	6	19
243474	243514	41	8.32	8.5	21
245100	245186	87	4.46	4	7
245769	245985	217	6.00	4	23
246910	246963	54	11.09	9	28
247852	248041	190	2.17	2	5
249071	249366	296	5.91	5	17
250240	250259	20	22.95	29	29
251748	251942	195	22.73	18	69
252225	252259	35	441.57	526	532
253886	254149	264	1.89	2	5
254888	254985	98	7.82	3	17
255703	255737	35	6.57	8	9
256131	256216	86	36.67	31	86
256317	256538	222	65.36	12	923
258072	258652	581	10.78	4	55
260042	260245	204	4.82	5	12
260495	260536	42	1.40	1	3
261056	261186	131	7.83	6	19
262018	262204	187	1.80	2	6
265631	265951	321	4.86	4.5	12
268184	268441	258	14.09	3	100
270919	270922	4	3.75	5	5
271976	272044	69	39.01	50.5	65
272351	272456	106	88.54	9	251
273720	273809	90	29.66	13	196
274521	274955	435	4.96	5	13
275679	275698	20	2.30	2	4
277760	277985	226	15.53	4	77
278277	278284	8	4.75	6	6
278498	278621	124	2.98	3	4
278632	278649	18	2.83	3	3
280706	280710	5	4.00	5	6
280725	280760	36	7.28	7	11
281271	281630	360	1.75	2	6
281641	281722	82	5.28	4	10
282197	282204	8	4.75	6	10
282901	282914	14	7.29	13	14
287462	287474	13	1.38	2	2
288723	288749	27	2.74	3	3
292554	293001	448	9.47	5	66
293668	293678	11	8.27	9	10
294105	294130	26	10.50	13	13
294443	294595	153	7.85	8	18
294869	294875	7	4.29	5	5
295290	295309	20	25.05	29	29
296618	296638	21	43.76	57	65
297569	297586	18	2.22	4	4
298183	298206	24	3.08	4	4
298950	298979	30	6.10	7	9
300501	300505	5	35.20	44	44
300839	300941	103	23.38	5	69
301812	301907	96	8.81	5	20
304047	304765	719	7.86	4	39
305983	305997	15	7.20	8	10
306736	306766	31	9.23	10	12
308249	308776	528	4.85	4	14
308865	309271	407	56.92	13	312
309587	309596	10	14.40	16	16
309999	310010	12	25.08	32	52
310326	310352	27	11.26	16	16
311901	311915	15	4.80	5	6
313708	313713	6	3.33	4	4
315031	315060	30	6.07	7	7
315508	315538	31	4.61	6	6
316742	316761	20	10.45	16	18
317368	317396	29	4.10	4	5
318378	318392	15	4.53	5	5
318594	318595	2	0.50	1	1
320097	320110	14	24.43	30	35
320552	320568	17	5.82	5	9
320941	320943	3	2.67	4	4
321607	321621	15	7.53	5.5	12
321889	321902	14	8.86	9	14
323715	323725	11	3.64	4	4
327665	327680	16	7.31	13	13
328380	328397	18	1.61	2	2
328818	329030	213	3.99	4	11
329802	329824	23	9.52	12	17
330584	330608	25	3.52	3.5	5
331488	331492	5	12.80	16	16
331865	331898	34	9.50	11	12
333300	333417	118	17.67	7	50
335353	335741	389	8.96	5	44
336870	337098	229	3.86	2	10
338119	338302	184	5.34	6	13
339212	339228	17	1.59	2	2
339643	339744	102	1.93	1	6
340135	340277	143	4.52	5	9
340671	341075	405	5.34	4	24
341280	341438	159	8.30	7	23
342168	342541	374	5.35	5	14
342580	343007	428	4.21	2	38
343749	343916	168	5.76	4	33
346482	346713	232	2.44	1	8
347116	347141	26	2.46	2	6
347637	347641	5	0.00	0	0
348041	348060	20	0.80	0	2
348547	348575	29	0.90	0	3
349329	349330	2	2.00	4	4
350192	350240	49	1.53	2	2
350718	350784	67	1.78	2	3
352090	353053	964	3.43	3	11
354146	354349	204	6.52	6	13
356023	356272	250	4.97	4	12
357344	357415	72	8.89	8	27
357677	357884	208	2.19	2	6
358860	359081	222	2.54	2	8
360102	360145	44	2.05	2	3
361034	361083	50	2.40	3	3
362044	362099	56	2.86	2	6
364591	364776	186	4.19	3	12
366037	366058	22	0.00	0	0
366800	366974	175	3.43	4	8
368358	368578	221	5.29	5	12
369849	369852	4	12.00	15	21
370351	370554	204	23.15	9	84
371281	371407	127	4.12	2	14
372494	372932	439	10.22	7	36
373779	373979	201	3.85	4	9
374343	374367	25	29.60	38.5	40
376753	377249	497	2.51	2	13
378872	379066	195	1.73	0	9
382017	382091	75	0.00	0	0
382206	382385	180	3.94	2	12
382992	383015	24	5.71	6	7
383226	383534	309	5.00	3	18
384306	384318	13	1.85	2	2
385970	386128	159	3.66	1	16
387050	387053	4	0.75	1	1
387934	388187	254	1.61	2	5
389091	389106	16	1.81	2	2
390877	391010	134	2.59	2	7
391201	391384	184	286.52	67	1244
392409	392413	5	49.00	61	62
393921	394177	257	303.50	4.5	1948
396440	396458	19	1.47	2	2
397755	397787	33	11.52	11	26
398538	398604	67	2.91	4	6
399127	399806	680	6.54	3	34
401886	402132	247	3.84	4	10
403729	404608	880	4.64	4	51
407249	407611	363	4.68	5	13
407951	407987	37	1.46	1	3
408654	408667	14	5.14	4	8
411242	411451	210	4.55	4	10
412385	412405	21	3.43	3.5	5
413141	413327	187	8.60	5	51
418383	418409	27	13.44	16	18
418842	419062	221	2.72	3	6
419312	419402	91	5.81	4	22
420132	420192	61	3.52	5	6
421102	421154	53	1.47	0	4
421965	422074	110	10.40	5	28
422765	422832	68	2.71	2	6
423793	425142	1350	8.74	5	69
425701	425730	30	151.57	178	185
426220	426450	231	7.99	7	23
427000	427087	88	3.36	5	6
428018	428083	66	4.03	4	8
428102	428104	3	2.00	3	3
456981	456983	3	2.67	4	4
457002	457037	36	1.67	2	4
457089	457409	321	4.47	4	18
459270	459274	5	7.20	9	9
460739	460764	26	1.85	2	4
461599	462183	585	4.01	3	15
463765	463845	81	12.21	7	75
464440	464468	29	1569.66	2155	2202
464994	465357	364	86.22	12	768
466354	467032	679	845.23	40	10700
468230	468261	32	286.59	202	588
469069	469079	11	381.82	430	453
470310	470311	2	20.00	40	40
471437	471486	50	2934.24	4049	4068
472618	472652	35	102.94	111	133
473436	473456	21	275.81	423	472
474492	474964	473	91.07	15	541
476606	476742	137	7.20	8	13
477667	477802	136	4.10	4	9
477816	477966	151	5.01	5	9
477970	477972	3	1.33	2	2
520121	520123	3	3.33	5	5
520127	520153	27	5.33	6	8
520307	520352	46	5.26	6	8
521385	521473	89	2.78	2	7
521675	521847	173	5.11	4	11
523006	523057	52	7.87	3	23
525755	526012	258	3.36	3	10
527078	527156	79	6.06	5	11
527463	527475	13	1.85	2	2
528886	528965	80	2.01	2	4
531536	531537	2	0.50	1	1
533994	534025	32	0.59	1	1
535445	535710	266	3.41	3	8
536173	536472	300	1.90	2	6
536833	536902	70	9.24	10	15
537515	537536	22	4.27	5	6
538164	538203	40	8.75	11	19
538611	538776	166	8.44	8	16
539611	539696	86	4.81	6	9
541809	542072	264	8.25	4	38
544314	544647	334	2.86	3	8
545362	545445	84	2.99	2	7
546316	546661	346	2.70	2	8
550000	550182	183	3.26	2	8
551362	551363	2	0.50	1	1
552024	552157	134	6.28	6	13
552794	552974	181	3.47	4	8
553578	554083	506	2.63	2	6
555592	555692	101	2.52	2	9
556512	556527	16	3.12	2	6
558190	558196	7	6.00	7	7
560069	560425	357	6.58	4	29
562223	562227	5	0.00	0	0
562612	562846	235	6.79	6	20
563522	563535	14	53.71	75	76
563959	564028	70	18.43	22	32
564806	565057	252	3.74	4	8
565682	565826	145	5.08	4	15
566082	566235	154	3.10	2	17
566365	566409	45	3.40	3	5
566920	567176	257	5.32	6	11
569419	569475	57	4.79	7	12
570166	570186	21	5.24	7	7
571609	571850	242	3.14	2	8
574317	574321	5	1.60	2	2
574988	575164	177	5.36	5	13
576305	576312	8	0.12	0	1
576985	577808	824	4.90	3	31
578634	578841	208	4.65	4	12
578946	579017	72	4.04	4	9
579336	579470	135	4.99	4	14
580149	580546	398	3.80	3	21
581597	581654	58	2.98	3	4
582060	582090	31	2.32	2	3
582562	582610	49	10.37	13.5	14
583367	583392	26	9.04	11	11
584230	585143	914	3.54	4	8
585379	585382	4	5.25	7	7
606041	606588	548	6.13	5	16
606775	607560	786	23.13	5	232
612427	612923	497	7.27	4	47
614166	614210	45	14.53	18	27
617043	617710	668	4.60	4	22
618506	618508	3	0.00	0	0
619001	619228	228	166.14	10	947
620405	620660	256	9.55	4	45
622961	624135	1175	4.64	4	20
627232	627356	125	6.41	4	16
628641	629021	381	3.95	4	8
630030	630075	46	5.87	6	9
631607	631970	364	12.76	4	91
632715	632928	214	1.90	2	5
634237	634251	15	9.87	3	29
634720	634725	6	2.33	2	4
635575	636500	926	2.95	2	14
637410	637586	177	2.64	2	6
638082	638827	746	5.36	4	19
639188	639254	67	9.94	9	14
640352	640396	45	6.18	6.5	8
640913	641050	138	7.24	6	21
642008	642035	28	1.86	2	4
643737	643951	215	2.78	2	7
646052	646066	15	8.67	8	16
646505	646542	38	20.84	27	29
647344	647385	42	7.05	9	9
647980	648087	108	1.07	0	3
648949	649017	69	10.23	15	20
650005	650098	94	134.49	8	360
650708	651170	463	24.69	7	267
651948	652154	207	17.07	6	73
652512	652524	13	8.31	6.5	16
653905	654122	218	3.20	3	8
654531	655804	1274	2.25	2	11
656459	656968	510	4.74	2	39
658238	658484	247	4.21	4	10
659199	659279	81	4.46	5	12
660588	660689	102	4.31	3	10
661224	661391	168	11.62	7	31
661926	661928	3	9.33	14	14
662691	662766	76	16.46	14	26
664432	664958	527	4.62	5	16
665886	665985	100	10.58	3	26
666547	667036	490	4.99	4	19
667871	668171	301	14.45	9	53
669165	669423	259	6.00	5	13
669838	670854	1017	3.03	2	18
671767	671874	108	37.37	8	106
674110	674754	645	6.66	4	33
675358	675553	196	25.55	10	112
676022	676059	38	35.45	43	45
676906	677131	226	6.40	5	18
677384	677416	33	1.15	1	3
678419	678546	128	6.59	5	14
679657	680081	425	3.84	4	14
680841	680845	5	2.40	3	3
681662	681843	182	9.77	11	19
682444	682472	29	1.00	1	2
682827	683159	333	10.68	7	74
683425	683461	37	25.38	25	37
685379	685582	204	6.42	3	27
685622	686148	527	4.01	3	13
687238	687909	672	3.70	2	18
689248	689270	23	4.04	4	6
689686	689962	277	10.04	4	57
690530	690692	163	3.30	4	8
691941	692233	293	4.61	4.5	9
692819	692928	110	1.81	2	3
692998	693197	200	2.23	2	8
694656	695004	349	2.98	3	7
698205	698824	620	5.22	4	23
700052	700055	4	5.25	7	7
701232	702214	983	10.61	7	55
703688	703974	287	4.26	4	8
704152	704791	640	6.98	5	23
705065	705086	22	23.00	23	28
705372	705774	403	14.91	8	82
708268	708284	17	2.12	2	4
713493	713719	227	4.59	5	11
715817	715861	45	2.44	3	4
716255	717650	1396	3.36	3	12
718089	718445	357	5.50	4	26
719757	719776	20	1.65	3	3
720311	720828	518	3.02	3	9
721048	721049	2	4.50	9	9
721311	721374	64	4.42	5	7
721945	722067	123	4.67	4	10
722229	722823	595	3.29	2	10
723172	723490	319	7.27	3	46
724022	725036	1015	10.50	4	113
725283	725358	76	4.16	5	7
725671	726098	428	2.96	2	8
726510	726569	60	3.75	5	5
726936	727194	259	4.23	4	15
727197	727472	276	7.46	5	23
727851	727938	88	2.81	3	6
727941	727943	3	1.33	2	2
728723	728758	36	2.72	4	5
729296	729349	54	2.41	2	4
729608	730314	707	8.74	4	84
730918	731289	372	2.66	2	6
731857	732194	338	3.84	3	11
733530	733926	397	11.76	3	99
734635	735020	386	3.44	2	14
737881	738416	536	1.29	1	5
738995	739239	245	14.45	4	57
739414	739519	106	84.54	16	233
740099	740226	128	35.46	6	119
741049	741228	180	3.57	4	6
742120	742378	259	3.20	2	11
742814	743072	259	6.85	5	20
743220	743234	15	36.73	11.5	96
743463	743502	40	66.95	85	90
744007	744282	276	29.00	14	73
744502	744902	401	5.02	4	18
749959	751317	1359	1.99	1	12
752120	752695	576	1.35	1	6
753371	753561	191	2.97	2	11
754933	755053	121	5.24	5	9
755573	755706	134	1.25	1	3
755962	756181	220	1.82	2	5
757259	757584	326	1.99	2	6
757951	758060	110	1.72	2	3
758871	759257	387	3.22	2	9
760146	760611	466	3.30	2	12
761053	761196	144	6.31	4	32
761395	761769	375	3.30	3	13
762889	763095	207	10.17	6	31
763582	763669	88	6.94	6	18
764075	764077	3	10.67	16	16
764294	764609	316	1.38	1	5
764778	765814	1037	77.63	5	938
767419	767493	75	8.00	8	12
769095	769311	217	5.64	4	17
769471	770504	1034	10.10	4	75
771162	771249	88	5.68	6	13
771317	771589	273	4.97	4	20
773597	773615	19	0.84	1	1
775569	775586	18	1.39	2	4
776775	777957	1183	3.30	2	20
778330	778333	4	3.00	4	4
779189	779193	5	0.00	0	0
779830	780837	1008	4.37	4	24
781570	782555	986	5.04	4	35
783774	783838	65	1.51	2	4
785030	785232	203	2.86	3	8
785611	786520	910	3.02	2	18
787073	787392	320	2.09	2	7
794491	794614	124	3.17	3	6
795113	795842	730	3.01	2	15
803973	804309	337	3.83	3	11
805006	805433	428	2.97	3	10
805677	805896	220	6.40	3	21
806164	807043	880	3.40	3	10
807779	807792	14	2.14	2	3
808552	808553	2	1.00	2	2
809475	809632	158	2.24	2	5
810344	810390	47	9.81	12	14
811795	812517	723	7.35	6	27
813259	813558	300	5.51	5	18
813946	814882	937	1.34	0	7
815351	815705	355	21.58	6	130
816489	816947	459	4.87	2	149
816960	816964	5	1.60	2	2
816996	817036	41	1.17	1	2
817068	817365	298	1.83	2	5
818071	818252	182	2.16	2	5
818466	818783	318	4.79	4	16
819183	819392	210	1.21	1	3
820646	821242	597	1.50	1	7
821447	821645	199	3.24	3	10
822651	822690	40	1.25	2	2
824116	824261	146	2.67	2	6
825525	825568	44	4.14	4	6
827165	827201	37	5.14	5	6
828313	828738	426	3.37	3	12
830140	830458	319	3.07	3	9
830917	831228	312	20.66	5	122
831736	831765	30	377.27	509	524
831958	832015	58	862.24	879	1391
832370	832695	326	9.53	4	89
833224	833701	478	3.22	3	11
835625	836027	403	3.25	3	7
837930	838775	846	1.37	0	8
839553	839864	312	4.17	3	14
840684	841628	945	3.33	2	25
842445	842614	170	2.16	1	5
843194	843550	357	5.26	3	23
845291	845721	431	3.80	4	11
847096	847384	289	13.79	4	86
848054	848361	308	2.55	2	9
849040	849105	66	2.42	0	8
849355	849426	72	53.08	56	89
849688	849701	14	7.43	8	8
850728	850746	19	10.26	16	16
853138	853164	27	63.41	86	88
853753	853883	131	3.78	2	33
853975	854086	112	2.92	3	5
854768	854954	187	5.07	4	14
855108	855338	231	5.43	4	18
857937	858042	106	22.81	2	71
858619	858655	37	31.57	39	41
859130	859649	520	4.17	4	13
860469	860693	225	16.41	9.5	67
863205	863410	206	33.65	10	136
864860	865180	321	318.02	14	2684
867557	867626	70	14.81	18	27
868038	868298	261	6.36	3	29
869997	870252	256	7.48	6	24
871174	871522	349	44.40	12	226
873275	873294	20	9.00	9	12
874435	874769	335	2.34	2	6
875679	876287	609	32.05	15	163
878205	878516	312	6.45	3	40
879294	879544	251	38.35	6	233
881219	881325	107	16.81	18	30
881956	882049	94	8.32	8	19
882920	882958	39	8.51	10	10
883631	883668	38	15.63	18	20
884548	884593	46	21.04	26	29
885977	886034	58	19.14	17	30
886803	886824	22	47.14	70	78
887767	887799	33	87.61	114	116
889165	889216	52	3.96	2	11
890021	890079	59	39.92	60	64
892204	892292	89	18.99	6.5	41
892668	892781	114	5.39	6	9
894708	894734	27	2.96	2.5	6
896540	896588	49	19.27	23	28
897402	897553	152	500.05	15	2123
897743	897763	21	146.71	216	220
898178	898195	18	536.28	706	1028
898544	899091	548	6.92	5	32
899869	900183	315	2.88	2	10
901063	901617	555	3.03	2	9
902128	902545	418	1.70	2	7
903641	903935	295	4.05	2.5	13
905460	905502	43	2.91	1	11
906616	906898	283	4.74	2	32
907661	907921	261	6.93	3	46
908007	908099	93	95.49	108	180
908886	908902	17	20.12	22	22
909647	909824	178	1.68	2	5
910197	910290	94	11.37	12	20
911749	911797	49	7.20	6	17
914831	914909	79	6.08	4.5	14
916974	917358	385	19.22	14	64
917596	917653	58	18.24	17	68
917697	917794	98	5.83	7	15
918608	918637	30	3.00	2	6
919313	919373	61	3.95	4.5	6
920094	920744	651	65.23	4	845
921894	921941	48	9.58	12	12
923115	923272	158	12.68	9	53
924074	924318	245	48.85	3	324
924958	926371	1414	7.49	4	50
928040	928163	124	6.65	4	16
928896	929057	162	5.84	6	11
931287	931647	361	8.64	2	51
932641	932733	93	2.51	3	4
934345	934621	277	1.95	2	5
936605	936611	7	2.57	3	3
937044	937074	31	1.61	1	3
937633	937698	66	2.30	2	4
938065	938091	27	4.37	5	6
938656	938698	43	0.53	1	1
939062	939164	103	2.50	2	10
939936	940286	351	3.63	3	11
942429	942518	90	4.96	5	9
942852	942867	16	13.44	14	23
943294	943318	25	5.60	8	9
944081	944362	282	4.53	4	11
944798	944966	169	4.21	4	9
945978	945993	16	3.50	4	4
946354	946538	185	1.85	2	5
947553	947929	377	4.05	4	7
948770	948831	62	0.56	0	6
949249	949264	16	3.19	4	4
950408	950453	46	1.22	2	2
951387	951663	277	2.83	2	8
954355	954570	216	1.82	1	7
955267	955480	214	5.09	3	33
956486	956715	230	2.40	2	9
957598	957801	204	2.29	2	6
959350	959380	31	16.45	21	21
960026	960169	144	4.36	3	8
960428	960646	219	15.52	2	90
961928	961931	4	17.25	23	23
962613	962700	88	295.68	84	703
963142	963448	307	7.83	5	36
964091	964178	88	5.38	4	10
964554	964555	2	1.00	2	2
964940	965120	181	3.36	2	10
965874	965958	85	42.91	15.5	110
966676	966844	169	26.75	17	99
967847	968114	268	4.00	4	8
978926	979025	100	1.75	2	3
980400	980733	334	60.80	6	490
981076	981246	171	565.43	119	2776
981481	981565	85	9.05	7	17
982574	982711	138	18.63	7	61
983198	983375	178	14.99	13	35
985302	985480	179	50.65	50	96
985889	985912	24	5.83	7	9
986213	986431	219	7.58	6	28
987122	987149	28	2.57	2	9
988335	988690	356	3.72	3	13
988793	988990	198	1.73	2	5
989846	990145	300	4.33	3	16
990458	990464	7	4.29	5	5
990467	990469	3	3.33	5	5
992351	992745	395	4.83	4	17
994150	994179	30	11.57	14	18
995026	995688	663	4.83	3	19
997311	997460	150	4.20	4	8
999136	999147	12	0.92	1	1
999928	1000306	379	4.05	2	26
1000841	1000874	34	17.03	16	28
1001262	1001300	39	53.69	57	65
1001685	1001813	129	15.90	18	34
1003254	1003552	299	5.46	4	15
1004366	1004969	604	4.54	4	35
1006152	1006530	379	32.34	9	224
1007638	1008102	465	3.09	2	13
1009294	1009320	27	7.11	8	8
1011244	1011267	24	18.58	26	26
1012261	1012612	352	8.35	4	51
1013060	1013095	36	18.22	22	24
1013588	1013686	99	90.79	77	252
1014206	1014396	191	97.35	22	299
1014706	1014735	30	89.90	133	146
1015420	1015653	234	5.42	4	17
1016536	1016636	101	98.31	13	281
1017810	1017939	130	3.16	2	10
1018792	1018837	46	9.15	11	12
1020071	1020173	103	35.59	6	96
1021113	1021333	221	14.51	3	72
1021685	1021973	289	2.26	3	7
1022892	1023153	262	4.44	3	19
1023586	1023610	25	2.64	3	3
1025144	1025229	86	1.83	2	4
1026595	1026631	37	25.81	32	34
1026854	1027305	452	5.90	4	23
1027702	1027706	5	0.00	0	0
1028148	1028467	320	106.66	4	942
1030347	1030461	115	208.18	289	365
1032028	1032104	77	45.56	40.5	138
1033128	1033395	268	30.75	26	116
1033810	1033956	147	74.82	25.5	271
1033993	1034491	499	11.05	8	50
1034555	1034728	174	5.05	3	18
1035407	1035820	414	2.26	2	10
1035986	1037297	1312	2.83	2	11
1037925	1038061	137	2.15	2	6
1038386	1038388	3	3.33	5	5
1039691	1039716	26	2.92	4	4
1040044	1040193	150	6.25	6	10
1041520	1041844	325	5.71	4	31
1042697	1042903	207	3.94	4	10
1043882	1044086	205	3.40	3.5	8
1044534	1044696	163	4.39	4	7
1045624	1045818	195	2.37	2	7
1046629	1046779	151	4.60	4	13
1047461	1047463	3	2.67	4	4
1048538	1048545	8	0.38	0	1
1049101	1049251	151	34.85	5	158
1055662	1056434	773	9.14	5	40
1058013	1058186	174	47.09	11	188
1058631	1058653	23	35.96	47.5	49
1059695	1060467	773	22.49	6	224
1061626	1061629	4	3.50	5	5
1062758	1062788	31	14.61	18	22
1066663	1066669	7	13.14	15	20
1068533	1068779	247	56.49	7	384
1069431	1070070	640	2.19	2	7
1071544	1071632	89	1.27	2	4
1072044	1072075	32	1.34	1	2
1073793	1073974	182	4.16	4	10
1074173	1074602	430	14.21	2	163
1076130	1076411	282	3.00	1	25
1077906	1078052	147	20.59	16	55
1078965	1079084	120	52.73	36	487
1079274	1079498	225	23.27	5	113
1079847	1080110	264	6.64	4	30
1081614	1082005	392	76.13	6	669
1083101	1083365	265	4.19	3	14
1086040	1086375	336	4.33	2	20
1087240	1087400	161	3.63	3	8
1087701	1088000	300	2.62	2	11
1088021	1088023	3	5.33	8	8
1143871	1143873	3	2.67	4	4
1143894	1144781	888	4.05	4	11
1146018	1146048	31	8.55	11	11
1146934	1146969	36	97.56	126	128
1147597	1147603	7	38.14	43	49
1148066	1148317	252	9.44	3	50
1149683	1149884	202	7.60	6	24
1151157	1151276	120	29.46	14	116
1151994	1152016	23	10.39	14	18
1152461	1152610	150	3.30	3	8
1152884	1152980	97	2.63	2	7
1155955	1155971	17	0.06	0	1
1156461	1156469	9	1.78	2	2
1157538	1157902	365	2.97	2	11
1158416	1158790	375	10.53	6	47
1159865	1160106	242	195.63	59	1090
1161046	1161079	34	431.38	545	555
1162328	1163142	815	4.04	3	64
1166695	1166881	187	5.04	4	15
1168814	1168921	108	2.12	3	4
1171358	1171482	125	2.51	2	7
1171954	1172152	199	3.42	3	8
1172990	1173004	15	4.07	5.5	8
1173551	1173615	65	5.52	7	9
1174798	1175091	294	2.55	2	15
1175479	1175630	152	17.34	15	44
1175892	1176022	131	6.37	7	12
1176863	1177159	297	8.76	4	34
1177892	1177894	3	2.67	4	4
1179035	1179135	101	0.59	0	7
1179883	1180016	134	2.77	2	5
1180497	1180991	495	4.29	4	8
1181694	1181793	100	2.77	2	6
1183183	1183389	207	2.60	2	8
1185001	1185365	365	8.15	5	29
1186194	1186268	75	3.13	4	5
1187994	1188032	39	2.59	2	6
1189893	1190227	335	3.20	3	10
1190915	1191021	107	2.36	2	6
1191706	1191724	19	0.05	0	1
1193630	1194084	455	4.68	2	32
1194772	1195209	438	4.87	2	27
1195747	1195767	21	3.14	1	9
1196809	1196812	4	8.25	11	11
1197647	1197699	53	1.94	1.5	4
1198426	1198427	2	1.50	3	3
1199478	1199709	232	3.26	3	8
1202210	1202260	51	6.31	7	10
1203515	1203539	25	3.04	4	4
1205619	1205657	39	4.38	4	7
1206741	1206796	56	2.98	2	7
1207919	1207998	80	1.66	2	6
1208971	1209124	154	1.84	0	7
1210746	1211104	359	0.54	0	2
1214056	1214095	40	89.22	118	123
1214164	1214177	14	97.57	107	107
1214292	1214546	255	8.47	2	70
1216584	1217069	486	3.35	3	8
1219101	1219344	244	2.80	3	6
1223468	1223578	111	11.57	5	29
1227864	1227865	2	0.00	0	0
1231691	1231738	48	10.83	14	14
1236462	1236594	133	12.94	4	42
1237846	1237996	151	3.86	4	8
1239047	1239138	92	33.71	6	84
1240363	1240571	209	22.00	6	108
1241622	1241995	374	12.87	5	46
1242563	1242589	27	68.70	105	114
1243388	1243524	137	2.14	2	4
1245069	1245122	54	39.09	51	66
1245663	1245743	81	15.72	5	33
1246209	1246919	711	145.85	19	1142
1248054	1248099	46	102.43	106	166
1248895	1248915	21	285.48	410	412
1249924	1249944	21	123.10	147.5	151
1250740	1250839	100	172.53	25	461
1251683	1251771	89	373.65	127	904
1252945	1253142	198	6.30	5	18
1254043	1254049	7	5.14	6	6
1255061	1255206	146	32.84	8	118
1255432	1255605	174	3.61	4	11
1256029	1256078	50	25.08	17	70
1256283	1256466	184	5.44	4	41
1256644	1256679	36	1293.11	1514	1615
1256878	1257132	255	30.78	4	167
1258147	1258271	125	35.78	4	124
1258710	1258881	172	5.40	3	53
1259785	1260264	480	1212.63	9	11605
1261480	1261581	102	33.08	43	87
1262911	1262954	44	6.59	6	11
1263747	1263849	103	1.96	2	5
1265302	1265332	31	6.84	7	10
1265540	1265561	22	3.86	5	5
1266954	1267222	269	2.30	2	5
1267946	1267973	28	1.89	1	5
1268382	1268387	6	3.33	4	4
1269129	1269130	2	1.50	3	3
1269599	1269611	13	9.15	10	10
1271200	1271361	162	13.19	14	23
1272265	1272628	364	5.20	4	20
1273361	1273573	213	8.69	5	34
1274753	1274777	25	10.68	11	17
1275309	1275429	121	37.11	9	124
1275703	1275959	257	5.01	4	12
1277658	1278022	365	5.85	5	16
1279208	1279245	38	16.68	11	35
1280431	1280583	153	4.19	4	10
1281385	1281481	97	3.69	4	7
1282040	1282292	253	2.22	2	6
1283004	1284320	1317	4.90	4	25
1284324	1284326	3	5.33	8	8
1314869	1314871	3	2.00	3	3
1314875	1314877	3	2.00	3	3
1314879	1315170	292	2.40	2	5
1315858	1316080	223	2.77	2	9
1318451	1318467	17	4.29	5	5
1319368	1319389	22	5.64	5	8
1319939	1320104	166	6.06	6	13
1320975	1321140	166	32.70	6	144
1322119	1322621	503	22.73	10	273
1322841	1323348	508	20.32	4	177
1324216	1324443	228	15.90	4	68
1325308	1325501	194	3.85	3	11
1325697	1325701	5	6.00	7	9
1326143	1326334	192	4.86	2	42
1326417	1326573	157	5.87	4	17
1329220	1329230	11	4.55	5	6
1330378	1330379	2	0.00	0	0
1332093	1332167	75	4.09	4	8
1332378	1332580	203	10.93	6	45
1333178	1333407	230	7.10	5	27
1333777	1333889	113	51.39	52.5	146
1335183	1335295	113	34.50	19	261
1336238	1336455	218	4.12	4	19
1337791	1337815	25	36.92	49	50
1338791	1338792	2	8.50	17	17
1339360	1339374	15	151.33	229	265
1339966	1339982	17	4.24	5.5	7
1340556	1340567	12	187.67	205	205
1341543	1341546	4	8.75	12	12
1341649	1341764	116	4.19	5	8
1343051	1343122	72	21.90	24	34
1344182	1344187	6	71.67	86	86
1345085	1345101	17	10.53	12	20
1345588	1345601	14	4.86	6	6
1348578	1348677	100	15.34	7	35
1349359	1349384	26	32.46	37	40
1350180	1350199	20	153.80	246	252
1350482	1350568	87	8.48	10	17
1351697	1351739	43	13.16	14.5	20
1352151	1352636	486	7.09	4	46
1352964	1352969	6	2.67	4	4
1353759	1354324	566	18.36	6	162
1355405	1355618	214	18.46	8	341
1356810	1357130	321	38.97	3	314
1358973	1358976	4	4.50	6	6
1359676	1359695	20	4.50	4	6
1361115	1361217	103	380.10	54	868
1361527	1361543	17	35.35	39	43
1361859	1361874	16	76.00	57	161
1362163	1362275	113	4.63	5	9
1363551	1363604	54	9.91	12	21
1363971	1364064	94	6.83	7	11
1364169	1364273	105	75.27	1	687
1365477	1365679	203	4.96	5	9
1366250	1366525	276	4.40	4	12
1367783	1367909	127	2.75	2	8
1368621	1368740	120	1.95	2	10
1370013	1370022	10	2.50	1	6
1370818	1370833	16	0.62	0	2
1372052	1372064	13	14.31	17.5	22
1373454	1373717	264	5.71	3	19
1374996	1375460	465	8.10	3	112
1376655	1376749	95	21.61	26	40
1377272	1377298	27	1027.81	1357	1367
1377473	1377681	209	5.07	3	33
1378237	1378249	13	57.31	77	89
1379270	1379297	28	40.89	48	57
1380282	1380392	111	16.30	2	51
1381320	1381337	18	22.89	30	30
1382286	1382287	2	35.50	71	71
1383035	1383090	56	13.55	14	31
1383313	1383343	31	35.19	39	45
1384580	1384807	228	5.07	4	14
1386524	1386556	33	1.18	2	3
1388555	1388904	350	3.22	4	8
1389151	1389187	37	5.24	2	12
1389911	1389919	9	0.00	0	0
1391246	1391453	208	2.75	3	6
1391991	1392081	91	10.05	5	21
1394065	1394290	226	2.69	2	6
1395768	1395771	4	3.00	4	4
1395982	1395999	18	0.00	0	0
1396384	1396464	81	2.41	2	4
1397674	1397735	62	7.06	11	13
1398351	1398364	14	1.79	2	2
1398917	1398945	29	0.83	1	1
1399633	1399744	112	5.21	3	20
1400105	1400188	84	19.44	18	47
1402952	1402955	4	1.50	2	2
1403169	1403173	5	1.60	2	2
1404059	1404090	32	14.50	16	16
1404526	1404561	36	28.47	32	34
1406425	1406559	135	3.01	3	5
1407370	1407391	22	4.18	6	6
1409069	1409284	216	7.94	5	26
1410149	1410243	95	4.54	5	13
1410721	1410795	75	5.87	2	12
1411234	1411396	163	2.42	2	6
1412453	1412596	144	199.12	43	893
1413419	1413833	415	39.10	4	495
1414953	1414972	20	27.55	38	40
1415846	1415871	26	21.42	24	24
1416562	1416571	10	0.00	0	0
1417394	1417400	7	31.71	37	38
1418466	1418469	4	0.00	0	0
1419004	1419073	70	2.63	2	6
1419677	1419690	14	102.79	114	117
1420603	1420646	44	5.27	5	7
1421817	1421865	49	28.24	28	46
1422676	1422866	191	5.43	5	17
1424205	1424419	215	3.83	4	9
1425497	1425670	174	3.83	4	9
1427577	1427650	74	3.73	3	8
1429313	1429432	120	4.89	5	11
1429592	1429680	89	77.49	29	200
1429690	1429691	2	4.00	8	8
1444364	1444366	3	0.00	0	0
1444376	1444424	49	69.71	88	112
1444635	1445293	659	10.24	2	135
1446384	1446405	22	0.23	0	1
1447337	1447650	314	208.86	3	1846
1448206	1448299	94	158.84	11	409
1448753	1448917	165	4.69	4	12
1449626	1449681	56	0.86	0	2
1450750	1450779	30	10.27	12	13
1454332	1454360	29	3.48	4	6
1455639	1455743	105	10.30	10.5	22
1457459	1457498	40	58.38	67	71
1457769	1457835	67	184.78	219.5	301
1458061	1458170	110	6.54	4	30
1458684	1458694	11	2.09	1.5	4
1459388	1459574	187	27.15	3.5	156
1459923	1460272	350	9.87	5	55
1461140	1461530	391	10.32	5	72
1462821	1463941	1121	15.23	3	376
1465232	1465807	576	3.82	2	19
1467995	1468064	70	2.71	2	8
1468830	1468889	60	8.72	10	17
1469904	1469971	68	23.03	31	37
1470218	1470395	178	3.21	2	7
1470891	1471136	246	3.17	1	13
1473299	1473314	16	0.44	0	2
1474248	1474378	131	3.22	3	5
1476180	1476365	186	5.43	4	12
1476708	1476740	33	5.45	4.5	8
1478340	1478351	12	3.67	4	4
1479459	1479493	35	11.54	17	17
1481579	1481745	167	26.50	11	95
1482529	1482607	79	2.77	2	5
1483901	1483933	33	6.15	7	8
1484702	1484812	111	42.22	6	131
1485257	1485276	20	86.40	110	113
1486468	1486523	56	346.96	499	519
1486962	1487246	285	28.70	13	117
1488330	1488474	145	5.79	4	17
1488740	1488780	41	53.54	56	71
1491418	1491444	27	24.11	27	31
1491700	1491711	12	8.83	8	13
1493881	1494088	208	13.37	13	27
1494512	1494591	80	4.90	5	8
1494877	1495160	284	19.33	2	135
1495617	1495735	119	8.40	8	12
1496471	1496689	219	3.89	2	21
1498364	1498572	209	4.01	2	17
1498771	1498826	56	0.77	1	3
1499988	1500200	213	3.26	3	10
1500621	1500643	23	0.00	0	0
1501478	1501777	300	5.17	5	19
1502372	1502403	32	29.22	35	36
1503121	1503124	4	12.00	16	16
1503662	1503825	164	4.05	2	12
1504835	1505084	250	3.89	3	13
1505523	1505540	18	7.83	9	10
1506990	1507082	93	3.19	3	6
1507749	1508019	271	4.55	4	10
1508158	1508334	177	4.83	5	9
1508653	1508774	122	7.16	4	56
1509510	1509726	217	12.36	2	63
1511548	1511764	217	4.69	4	10
1516061	1516266	206	14.21	8	41
1516726	1516757	32	33.69	48	48
1517910	1517918	9	9.56	11	11
1518499	1518522	24	77.62	110	114
1520461	1520505	45	7.60	10	11
1520884	1520905	22	5.86	6	7
1521380	1521539	160	20.68	7	76
1521542	1521544	3	4.33	6.5	7
1523426	1523533	108	11.16	10	20
1523711	1523746	36	12.39	12	17
1524650	1524782	133	7.94	7.5	27
1525710	1525711	2	7.00	14	14
1525808	1525815	8	282.25	245	772
1526071	1526312	242	42.30	3	667
1527156	1527282	127	9.88	8	22
1529392	1529661	270	3.31	3	8
1530403	1530562	160	3.33	2	20
1531808	1531844	37	20.27	25	26
1532088	1532099	12	23.00	25	31
1533321	1533435	115	20.24	12	80
1534168	1534292	125	16.22	10	55
1536702	1536706	5	1.60	2	2
1539620	1539909	290	6.08	4	18
1540954	1541110	157	39.73	10	330
1542671	1543307	637	3.57	3	10
1545087	1545170	84	3.00	2	9
1545699	1545740	42	14.31	15	18
1546563	1546821	259	11.53	2	71
1547728	1547873	146	11.71	4	39
1549317	1549629	313	4.99	3	22
1550080	1550493	414	4.14	4	11
1552069	1552218	150	5.47	4	12
1552969	1553109	141	4.31	3	11
1554448	1554561	114	4.95	5	9
1555756	1556142	387	139.57	2	1480
1557091	1557252	162	12.66	9	38
1558003	1558096	94	4.33	4	13
1558757	1559187	431	5.84	4	36
1561084	1561213	130	2.73	2	8
1562333	1562533	201	3.17	2	10
1564996	1565099	104	3.42	3	7
1565634	1565751	118	4.19	4	9
1566457	1566460	4	6.75	9	9
1567175	1567178	4	4.50	6	6
1567935	1568071	137	3.21	3	6
1569458	1569535	78	4.32	3	20
1570355	1570607	253	2.60	1	12
1571760	1571944	185	24.04	3	165
1572143	1572523	381	51.14	8	365
1572992	1573136	145	9.95	8	26
1573890	1574012	123	13.18	16	26
1574427	1574592	166	4.80	4	14
1596414	1596804	391	3.57	2	14
1599307	1599310	4	1.50	2	2
1599851	1600096	246	3.33	3	9
1601609	1601724	116	5.64	6	10
1602352	1602941	590	3.97	4	17
1603731	1603761	31	1.97	3	3
1604980	1605001	22	3.32	2	9
1605695	1605726	32	13.38	16	16
1606711	1607848	1138	4.87	4	32
1608914	1608934	21	1.90	2	2
1610093	1610488	396	2.77	3	7
1612202	1612362	161	5.01	4	13
1612705	1612998	294	8.90	2	84
1613887	1614106	220	3.73	4	11
1615391	1615481	91	15.03	4	41
1615923	1615948	26	20.31	21	23
1616741	1617308	568	15.48	4	144
1617783	1617885	103	3.80	3	8
1619062	1619217	156	2.04	2	5
1620079	1620151	73	0.82	0	2
1620743	1620993	251	13.50	11	41
1621627	1621708	82	4.40	5	11
1622438	1622770	333	3.61	3	10
1624958	1625370	413	3.60	3	11
1627631	1627874	244	44.49	4	285
1629792	1629819	28	5.29	4	8
1630624	1630684	61	2.56	2	4
1632131	1632156	26	19.54	25	26
1633054	1633313	260	4.76	3	20
1634568	1634627	60	14.92	21	25
1635405	1635500	96	1.74	2	3
1636083	1636284	202	26.23	4	152
1637713	1638032	320	4.49	4	11
1638975	1639247	273	4.30	3	14
1640181	1640301	121	1.89	1	4
1640848	1641001	154	2.38	2	5
1641428	1641496	69	1.74	1	4
1642163	1642282	120	3.67	4	7
1643636	1643820	185	4.76	4	14
1643835	1643837	3	5.33	8	8
1646316	1646343	28	4.21	6	6
1648075	1648316	242	3.20	3	8
1649160	1649192	33	3.06	3	9
1651425	1652210	786	3.60	2	24
1653018	1653164	147	14.27	4	51
1653402	1653590	189	7.22	7	14
1653765	1653820	56	67.86	101	113
1653915	1654271	357	5.67	4	28
1654944	1655796	853	12.69	6	158
1656160	1656392	233	2.24	2	8
1656525	1656626	102	2.20	2	4
1657410	1657508	99	2.65	2	8
1658331	1658553	223	2.01	2	6
1661671	1661675	5	4.80	6	6
1662288	1662516	229	5.50	5	17
1664653	1664869	217	8.83	2	47
1665158	1665325	168	13.00	9	34
1666715	1666827	113	9.65	5	26
1668295	1668868	574	16.66	11	61
1668932	1669136	205	7.43	6.5	16
1670493	1670676	184	13.05	3	49
1671728	1672249	522	11.57	6	77
1673114	1673357	244	3.04	2	18
1674165	1674310	146	5.18	4	17
1675373	1675402	30	10.20	11	13
1676120	1676145	26	22.00	38	38
1678812	1678847	36	14.33	17	17
1679547	1679574	28	26.93	37	37
1680145	1680198	54	12.96	20	20
1681000	1681012	13	5.46	7	7
1682641	1682861	221	2.35	2	6
1684686	1684699	14	10.43	12	13
1685870	1686036	167	6.12	6	12
1686724	1686739	16	1.88	2	2
1687835	1687896	62	18.13	25	29
1688470	1688531	62	1.31	1	5
1688997	1689384	388	7.41	3	72
1689859	1689980	122	5.23	5	12
1691452	1691645	194	4.51	4	14
1692090	1692376	287	3.64	4	8
1694310	1694391	82	2.07	2	4
1695067	1695069	3	0.00	0	0
1697629	1697851	223	4.10	3	21
1699124	1699304	181	9.35	8	21
1702326	1702533	208	4.21	5	8
1702831	1703070	240	2.93	4	7
1705288	1705591	304	4.48	2	22
1707362	1707376	15	2.33	2.5	3
1709198	1709317	120	29.36	10	311
1709861	1710122	262	15.18	5	115
1710729	1711057	329	3.04	2	14
1713953	1714275	323	2.78	3	8
1714486	1714500	15	2.00	2	4
1714720	1714821	102	2.48	2	5
1716976	1716997	22	3.50	3	5
1717154	1717326	173	3.15	2	10
1718044	1718130	87	9.24	3.5	20
1719623	1719625	3	9.33	14	14
1720616	1720715	100	9.24	4	21
1721310	1721557	248	2.44	2	8
1722155	1722326	172	2.20	1	6
1722792	1722904	113	2.17	2	4
1723847	1724138	292	1.89	1	9
1724243	1724350	108	11.67	12	48
1725963	1726000	38	126.76	155	156
1726790	1726930	141	2.26	2	6
1729676	1729786	111	17.65	12	37
1730393	1731270	878	23.86	5	514
1731862	1731903	42	39.62	44	55
1732705	1732787	83	6.59	6	19
1733961	1734229	269	16.83	4	105
1734704	1734990	287	98.87	6	730
1735879	1736438	560	14.21	6	122
1736751	1736752	2	1.00	2	2
1738632	1738635	4	6.75	9	9
1739665	1739816	152	9.39	6	28
1740474	1740657	184	3.29	4	6
1741024	1741029	6	3.33	4	4
1741903	1741905	3	2.00	3	3
1742698	1742794	97	8.13	4	26
1744118	1744508	391	3.14	2	9
1745233	1745245	13	0.85	1	1
1746143	1746149	7	3.43	4	4
1746717	1746885	169	2.95	4	6
1747531	1747922	392	30.85	4	320
1748835	1750280	1446	11.80	4	165
1751127	1751147	21	0.95	1	1
1752844	1752922	79	3.62	4	6
1753010	1753525	516	5.27	4	33
1755617	1756115	499	7.48	5	26
1756831	1757491	661	4.74	4	19
1758308	1758442	135	5.53	0	25
1760561	1760588	28	48.71	56	65
1760814	1761142	329	670.52	14	4076
1761581	1761755	175	3.02	4	6
1762722	1762875	154	7.44	2	106
1763155	1763200	46	159.15	193	214
1764407	1764469	63	3.59	3	10
1765349	1765766	418	13.96	2	144
1766679	1766903	225	480.70	45.5	2429
1767447	1767548	102	11.73	3	44
1768695	1768749	55	4.00	5	5
1770013	1770300	288	7.27	8	15
1771531	1771535	5	7.20	9	9
1772208	1772217	10	4.50	5	5
1773445	1773558	114	25.54	38	58
1774561	1774586	26	1.62	0	4
1775259	1775548	290	4.24	4	10
1778238	1778464	227	3.53	4	9
1780076	1780210	135	7.32	5	25
1781060	1781687	628	93.37	6	748
1782579	1782580	2	14.50	29	29
1783973	1784340	368	6.45	4	29
1786558	1786706	149	8.67	3	33
1787451	1787452	2	0.00	0	0
1789331	1789451	121	82.93	24	248
1790841	1790949	109	4.91	5	14
1791988	1792478	491	3.03	2	8
1793130	1793207	78	1.22	1	2
1793415	1793556	142	38.65	10	153
1794121	1794283	163	21.50	9	73
1794935	1795798	864	9.49	5	37
1796741	1796764	24	5.29	6	8
1797389	1797424	36	28.03	33	35
1798472	1798476	5	1.60	2	2
1799053	1799056	4	0.00	0	0
1801119	1801148	30	4.27	6	6
1801815	1802603	789	4.79	2	30
1803945	1804699	755	3.49	2	22
1805531	1805601	71	9.35	10	14
1806556	1806609	54	4.98	3	10
1807090	1807103	14	12.00	9	22
1807971	1808015	45	5.98	5	9
1808769	1808812	44	12.68	14	18
1809632	1809638	7	38.57	45	45
1810398	1810560	163	8.09	2	38
1810859	1810930	72	4.15	3	8
1811168	1811479	312	2.15	2	5
1812467	1812515	49	0.71	1	1
1814208	1814420	213	2.31	2	6
1815096	1815271	176	5.69	4	13
1817306	1817498	193	5.24	3	13
1818063	1818874	812	3.29	3	12
1818877	1818879	3	1.33	2	2
1820842	1821725	884	4.50	4	20
1822938	1823288	351	4.85	4	15
1823808	1824165	358	2.35	2	10
1824961	1825072	112	3.73	3	9
1825661	1825728	68	11.04	14	20
1827424	1827639	216	5.94	3	24
1828477	1828995	519	4.01	4	14
1830850	1830934	85	3.67	5	7
1831202	1831240	39	23.13	18	40
1831503	1831560	58	4.40	4	7
1832776	1832894	119	4.48	5	9
1833375	1833595	221	1.79	2	5
1833662	1833687	26	2.15	2	4
1834951	1835155	205	6.84	3	25
1835906	1836025	120	2.82	2	6
1836293	1836760	468	16.46	4	148
1837862	1837865	4	5.00	7	7
1839991	1840005	15	1.07	1	2
1841500	1841524	25	0.00	0	0
1842473	1842495	23	3.22	2.5	6
1843456	1843829	374	0.54	0	3
1844460	1844993	534	3.28	2	19
1846686	1846712	27	0.96	1	1
1848768	1848788	21	8.33	12	12
1849413	1849651	239	71.84	6	683
1850558	1850577	20	2945.20	3106	3145
1851175	1851578	404	985.30	357	3903
1852446	1852644	199	2.72	4	5
1853893	1854179	287	1.26	1	4
1854489	1854583	95	2.55	2	5
1854675	1854775	101	3.25	2	6
1855568	1855593	26	2.69	3	3
1856380	1856404	25	4.88	6	6
1857035	1857175	141	26.57	6	101
1857476	1857543	68	3.43	3	10
1859247	1859252	6	1.33	2	2
1859709	1860066	358	2.47	2	8
1860421	1860494	74	0.47	0	3
1862026	1862039	14	2.14	3	3
1863237	1863244	8	1.88	2	3
1864058	1864070	13	3.77	4.5	5
1865337	1865704	368	3.30	3	7
1866884	1867027	144	2.72	3	5
1867943	1868197	255	2.24	1	7
1868990	1868992	3	4.00	6	6
1871051	1871734	684	14.45	4	196
1873277	1873454	178	3.84	2	12
1873821	1873824	4	0.75	1	1
1875306	1875529	224	3.74	2	17
1876778	1876972	195	2.73	1	11
1877855	1878218	364	2.94	2	14
1878834	1878943	110	43.08	20	109
1881473	1881908	436	10.27	6	37
1883740	1884002	263	2.29	2	8
1885904	1885923	20	0.95	1	3
1888060	1888375	316	5.95	3	25
1888994	1889161	168	3.15	3	8
1889696	1889810	115	6.92	5.5	22
1890513	1890687	175	1.52	2	4
1892560	1892653	94	5.65	6	10
1894088	1894418	331	6.39	3	49
1894995	1895035	41	276.17	327	342
1895612	1895699	88	27.42	8	66
1899076	1899164	89	58.69	6.5	165
1900725	1900727	3	96.67	145	145
1901862	1901927	66	14.30	19	23
1903002	1904273	1272	4.58	3	33
1905360	1905389	30	21.30	26	27
1906179	1906295	117	5.68	6	11
1906857	1907044	188	7.81	5	33
1908245	1908322	78	1.74	2	6
1909301	1909545	245	3.14	4	8
1912195	1912288	94	2.44	2	6
1913252	1913735	484	4.61	3	22
1915593	1915886	294	3.49	2	13
1916484	1916588	105	14.38	5	53
1917384	1917498	115	6.72	5	20
1917602	1917695	94	5.20	4	12
1918680	1918845	166	3.17	4	7
1919020	1919165	146	4.44	4	12
1920894	1921005	112	14.70	19	31
1921084	1921420	337	33.95	4	278
1921934	1922741	808	10.27	3	64
1925214	1925215	2	5.00	10	10
1926671	1927095	425	2.47	2	10
1929451	1929538	88	2.12	2	4
1929854	1930129	276	1.50	1	7
1930132	1930134	3	4.00	6	6
1932108	1932168	61	4.11	6	7
1932922	1933563	642	3.62	3	17
1934833	1935136	304	3.88	2	17
1935148	1935172	25	0.00	0	0
1935184	1935319	136	1.40	1	2
1936493	1936570	78	8.35	7	18
1936582	1937239	658	4.05	3	17
1937251	1937729	479	26.33	4	172
1938279	1938471	193	16.39	13	52
1939432	1939728	297	3.75	4	7
1941571	1941877	307	2.47	2	5
1942406	1944261	1856	44.39	4	1102
1945282	1945297	16	2.19	2	3
1946183	1946190	8	3.50	4	4
1946962	1947075	114	0.96	1	2
1947799	1947804	6	1.67	2	2
1949206	1949218	13	0.00	0	0
1950041	1950367	327	4.23	2	15
1950986	1951253	268	6.06	4	33
1951584	1951705	122	5.68	5	15
1952345	1952367	23	14.74	16	18
1953298	1953321	24	2.04	2	3
1953985	1954117	133	2.87	2	5
1954379	1954556	178	9.58	4	30
1955034	1955038	5	3.20	4	4
1956045	1956555	511	10.64	4	78
1957522	1957525	4	1.50	2	2
1958087	1958096	10	21.80	24	25
1958784	1958912	129	1.87	2	5
1959639	1959654	16	3.00	5	5
1960327	1960345	19	11.37	12	12
1961189	1961206	18	15.39	23	23
1963098	1963249	152	203.77	57	793
1963565	1963574	10	277.90	309	309
1964460	1964731	272	84.89	4	647
1965098	1965102	5	60.20	76	76
1965472	1965617	146	8.17	4	26
1966071	1966111	41	47.54	62	66
1967375	1967846	472	8.98	4	68
1969296	1969505	210	2.10	2	5
1969965	1970071	107	1.90	1	5
1971263	1971287	25	5.36	7	8
1971951	1971986	36	4.78	6	6
1973097	1973230	134	9.60	7	32
1973350	1973540	191	3.46	3	8
1976022	1976112	91	3.21	4	8
1976222	1976365	144	9.44	4	38
1977665	1977720	56	2.34	2	4
1978709	1978773	65	6.74	8.5	12
1979542	1979560	19	2.11	3	4
1980662	1980664	3	0.00	0	0
1981352	1981541	190	2.46	3	6
1982934	1983452	519	3.30	3	10
1984818	1984844	27	3.93	5	5
1985451	1985500	50	35.72	45	49
1985870	1986050	181	8.22	7	21
1986387	1986854	468	9.86	5	62
1987356	1987404	49	6.78	8	10
1988362	1988367	6	5.83	7	7
1988836	1988873	38	17.05	19	21
1989303	1989735	433	1.50	2	5
1989945	1990109	165	2.25	2	8
1991397	1991452	56	3.00	2	6
1992530	1992558	29	6.03	8	8
1992916	1992918	3	5.33	8	8
1994800	1995009	210	3.14	4	8
1995781	1996143	363	7.09	3	36
1996684	1996833	150	5.03	4	12
1997116	1997180	65	21.20	26.5	40
1997943	1998226	284	4.14	3	16
1998491	1998534	44	2.32	2	5
1999342	1999656	315	3.18	3	9
1999936	2000186	251	4.30	3	14
2000454	2000500	47	7.89	8	11
2000822	2001950	1129	11.08	5	149
2003568	2004656	1089	5.90	4	24
2005467	2005890	424	3.33	2	20
2007040	2007159	120	5.19	5	10
2007796	2007798	3	1.00	1.5	2
2009429	2009557	129	4.50	4	11
2010242	2010257	16	2.69	1	5
2010801	2011030	230	9.01	4	62
2012276	2012364	89	6.28	4.5	15
2014357	2014358	2	2.50	5	5
2015679	2015959	281	4.16	3	20
2017244	2018381	1138	1.75	2	7
2018417	2018940	524	2.03	2	6
2019646	2019649	4	0.75	1	1
2021006	2021097	92	6.51	4	17
2021530	2022186	657	4.69	3	25
2022409	2022507	99	2.62	1	25
2023759	2024020	262	2.11	2	5
2025008	2025081	74	5.77	5	11
2025820	2026037	218	180.09	6	1050
2027187	2027213	27	332.74	384	397
2027967	2028160	194	48.31	4	249
2030546	2031300	755	9.68	5	68
2031889	2032004	116	2.77	3	5
2034241	2034339	99	2.63	3	11
2035028	2035081	54	8.56	11	13
2035541	2035592	52	4.12	6	6
2036493	2036846	354	7.06	3	37
2037675	2038555	881	4.77	3	30
2038607	2038726	120	3.70	4	10
2039486	2039552	67	5.72	8	10
2040333	2040487	155	3.40	3	7
2040583	2040601	19	128.74	142	144
2041019	2041123	105	8.17	6	18
2041388	2041601	214	4.19	2	13
2042301	2042384	84	16.62	3	39
2042991	2043316	326	4.50	3	26
2043779	2044417	639	2.35	2	9
2045432	2045828	397	2.91	2	22
2046996	2047378	383	5.52	3	24
2051630	2051780	151	4.14	3	10
2052273	2052390	118	59.68	3	198
2052766	2052973	208	3.50	4	9
2053412	2054055	644	4.03	3	14
2055361	2055448	88	3.52	2	10
2055738	2055836	99	5.59	1	15
2056638	2056677	40	8.93	11	12
2057287	2057320	34	0.88	1	2
2057990	2058290	301	2.54	2	10
2058651	2059088	438	7.27	6	61
2059788	2060075	288	4.11	2	18
2060877	2060933	57	6.91	7.5	11
2062080	2062225	146	10.65	9	19
2064339	2064343	5	12.00	15	15
2065775	2065798	24	2.83	3	4
2066534	2066646	113	7.77	3	35
2066881	2066925	45	5.91	4.5	18
2066972	2067106	135	4.47	4	10
2068304	2068552	249	4.78	4	11
2069597	2069706	110	1.83	2	4
2070868	2070958	91	2.49	1.5	9
2071337	2071341	5	5.20	7	7
2071999	2072106	108	3.32	3	6
2073094	2073120	27	38.30	39	46
2073466	2073685	220	6.37	4	28
2074640	2075084	445	1.98	2	6
2075451	2075877	427	2.59	2	12
2076121	2076221	101	3.49	2	7
2076483	2076760	278	4.95	6	11
2077706	2077710	5	4.40	5.5	6
2079340	2079471	132	3.08	2	8
2080387	2080445	59	3.39	2	8
2081025	2081066	42	6.48	7	9
2081631	2082068	438	8.34	3	42
2082930	2083077	148	2.15	2	5
2083966	2084185	220	1.79	2	4
2085938	2086323	386	1.83	1	7
2087308	2087646	339	1.92	1	8
2089126	2089153	28	2.39	3	3
2090123	2090365	243	2.20	1	9
2090966	2091248	283	1.98	2	5
2092458	2093286	829	5.73	4	22
2093581	2093916	336	5.65	4	16
2094292	2096269	1978	4.48	3	30
2096681	2096884	204	4.40	3	15
2097524	2097549	26	2.81	2	5
2098801	2098848	48	2.54	3	3
2099497	2099549	53	48.02	68	70
2100144	2100158	15	40.00	64.5	73
2100996	2101242	247	7.21	6	24
2102395	2102874	480	2.83	2	10
2102877	2102879	3	0.00	0	0
2104761	2104805	45	5.64	6	7
2105577	2106635	1059	3.92	3	16
2107098	2107109	12	36.08	39	41
2107851	2107980	130	13.00	14	26
2110636	2110691	56	3.89	5	9
2110792	2110903	112	9.87	13	30
2112167	2112198	32	27.50	28	40
2113087	2113579	493	8.28	2	92
2114021	2114053	33	37.39	37	74
2115869	2116048	180	5.22	2	38
2118749	2118784	36	33.28	35	39
2119481	2119818	338	2.13	2	8
2120794	2120972	179	7.22	2	25
2121126	2121257	132	12.30	11	30
2122269	2122292	24	2.33	3	3
2123355	2123356	2	14.50	29	29
2125725	2125729	5	16.00	20	20
2126924	2126972	49	24.45	32	34
2127780	2127793	14	8.50	12	13
2128325	2128347	23	9.52	13.5	18
2129185	2129427	243	7.07	5	23
2130934	2130968	35	15.00	14	20
2134404	2134423	20	9.00	13	15
2135425	2136300	876	2.17	2	10
2136421	2137227	807	4.74	4	24
2137451	2137461	11	0.00	0	0
2137464	2137466	3	0.00	0	0
2183038	2183212	175	4.83	4.5	14
2183450	2183566	117	7.82	8	25
2183819	2183935	117	10.18	3.5	37
2184188	2184292	105	6.60	6	13
2184551	2184883	333	4.27	4	11
2184917	2185033	117	3.88	3	10
2185286	2185402	117	3.41	2	9
2185655	2185840	186	3.17	3	11
2185880	2186386	507	3.91	4	17
2186732	2187376	645	18.22	12	69
2187380	2187382	3	2.67	4	4
2196230	2196232	3	2.33	3.5	4
2196236	2196726	491	28.16	19	100
2196806	2196847	42	2.55	3	3
2205208	2205210	3	1.33	2	2
2206009	2206176	168	13.58	13	31
2206181	2206183	3	1.33	2	2
2225247	2225249	3	0.00	0	0
2225254	2225256	3	2.33	3.5	4
2225722	2225995	274	7.53	4	36
2227977	2228307	331	2.64	2	9
2229463	2229611	149	14.89	0	118
2230257	2230350	94	5.80	4	19
2231476	2231799	324	9.58	5	39
2232643	2232674	32	32.44	44	46
2233044	2233198	155	15.51	16.5	37
2233457	2233647	191	67.63	34.5	269
2234590	2234612	23	14.17	14	32
2235465	2235481	17	8.82	4	20
2236841	2236858	18	33.11	42	59
2237309	2237580	272	12.36	8	48
2238034	2238708	675	4.10	4	12
2239453	2239583	131	1.18	1	2
2240265	2240365	101	2.99	1	11
2240684	2241138	455	44.05	7	561
2241385	2241417	33	2.58	3	4
2241877	2241916	40	5.25	4	8
2242748	2243023	276	10.05	4	58
2243720	2243724	5	1.60	2	2
2246200	2246420	221	1.60	1	4
2247822	2248317	496	4.42	3	15
2249176	2249416	241	13.78	5	54
2249972	2250163	192	2.01	2	6
2251049	2251169	121	0.90	1	5
2252367	2252562	196	6.86	5	16
2255799	2255877	79	2.85	3	7
2256784	2256787	4	1.50	2	2
2257457	2257747	291	9.54	3	53
2258783	2258942	160	4.39	4	11
2260648	2260731	84	2.68	3	4
2261395	2261409	15	5.93	6	7
2263825	2264007	183	6.11	5	17
2264797	2264831	35	66.51	82.5	89
2265417	2265595	179	1.87	2	5
2266985	2267176	192	4.88	5	9
2268473	2268833	361	2.23	2	6
2269707	2269901	195	35.52	7	165
2270586	2270636	51	179.10	238.5	252
2271186	2271213	28	11.36	13	16
2271844	2271935	92	2.73	3	6
2273073	2273147	75	5.87	3	24
2274507	2274562	56	36.75	43	82
2275841	2275969	129	15.62	16	38
2276228	2276343	116	48.17	8	143
2277292	2277316	25	6.64	7	10
2279282	2279294	13	10.23	5	21
2282142	2282297	156	6.04	7	11
2284012	2284035	24	11.46	15	15
2285069	2285201	133	9.14	6	28
2285299	2285921	623	2.92	2	10
2286009	2286354	346	12.23	2	78
2286709	2287073	365	2.74	2	8
2287302	2287339	38	3.63	4	5
2287871	2288109	239	4.39	0.5	23
2288719	2289018	300	4.72	4	13
2289355	2289763	409	2.76	2	11
2291198	2291447	250	2.19	2	6
2292882	2293711	830	1.91	1	10
2294261	2294384	124	1.20	0	3
2294675	2295112	438	5.45	4	29
2295509	2295866	358	2.54	2	8
2296350	2296434	85	0.86	1	1
2296526	2297490	965	1.58	1	7
2297586	2298044	459	5.34	2	33
2298243	2298608	366	35.95	11	278
2298927	2299248	322	2.49	2	6
2300092	2300317	226	8.88	3	46
2300480	2301022	543	37.37	15	215
2301353	2301598	246	6.58	6	18
2302518	2303481	964	4.31	2	33
2304232	2304292	61	4.49	6	13
2305946	2307220	1275	6.65	3	72
2308241	2308383	143	20.03	15	55
2309038	2309720	683	4.04	2	35
2310147	2310624	478	2.41	2	8
2311564	2311731	168	3.07	3	6
2321419	2321421	3	33.67	50.5	51
2321433	2321692	260	12.70	4	54
2322503	2322530	28	5.29	6	7
2323158	2323503	346	1.57	1	5
2325157	2326041	885	2.37	2	9
2326720	2326831	112	3.89	3	9
2327087	2327637	551	2.33	2	7
2328007	2328809	803	6.29	3	67
2329704	2329847	144	3.45	3	9
2331273	2331405	133	3.08	2	6
2333998	2334036	39	74.33	94	98
2334631	2334649	19	0.53	0	2
2335052	2335420	369	2.46	2	7
2336653	2336654	2	4.50	9	9
2337291	2337784	494	3.33	3	12
2338196	2338388	193	9.19	2.5	37
2339604	2339767	164	7.88	4	28
2340464	2340685	222	6.18	4	22
2341301	2341429	129	1.32	1	3
2342450	2342560	111	2.11	2	5
2343746	2343777	32	0.00	0	0
2344636	2344652	17	0.71	1	1
2345868	2345910	43	1.49	2	4
2346943	2347080	138	1.99	1	6
2347109	2347169	61	14.08	1.5	39
2347410	2347714	305	2.72	2	7
2348804	2348820	17	0.00	0	0
2350210	2350230	21	0.95	1	2
2350768	2350790	23	2.61	3	3
2352734	2352827	94	1.27	1	2
2353635	2354070	436	7.21	7	20
2354431	2354782	352	5.52	5	17
2355338	2355597	260	5.18	4	12
2356294	2357318	1025	2.50	2	11
2357784	2357796	13	13.85	16	19
2358010	2358782	773	3.54	2	19
2359074	2359513	440	2.50	2	8
2360192	2361345	1154	1.99	1	9
2361392	2361464	73	5.14	6	12
2362335	2362730	396	15.45	6	74
2363307	2363366	60	3.43	4	6
2364081	2364273	193	2.56	2	6
2365357	2365513	157	4.83	4	11
2366189	2366389	201	1.74	1	13
2367680	2367699	20	23.20	35	35
2368891	2368974	84	9.01	9	16
2369141	2369253	113	9.16	7.5	20
2369899	2370040	142	1.10	1	2
2371739	2372137	399	6.47	4	35
2372702	2372859	158	28.96	4	115
2373571	2373864	294	5.41	4	25
2375527	2375635	109	17.72	5	66
2376533	2376561	29	3.62	4	5
2377198	2377536	339	13.89	8	78
2378533	2378632	100	12.73	5	32
2379206	2379514	309	7.54	4	34
2379785	2380097	313	30.04	15	148
2380108	2380110	3	7.33	11	11
2382101	2382103	3	2.00	3	4
2382114	2382261	148	3.45	2	11
2382736	2382936	201	2.89	2	5
2384560	2384899	340	9.12	2	64
2386492	2386591	100	2.86	2	7
2387312	2387496	185	9.96	5	36
2388772	2388912	141	16.05	9	44
2392004	2392112	109	2.26	2	4
2393469	2394816	1348	2.64	2	10
2395906	2395927	22	1.91	2	2
2416015	2416330	316	2.20	2	7
2417369	2417697	329	1.88	2	5
2420897	2420921	25	6.72	7	7
2421642	2421693	52	6.62	10	10
2422678	2422736	59	6.69	7	13
2423235	2423522	288	2.92	2	8
2423832	2423973	142	10.98	2	89
2426236	2426241	6	4.17	5	5
2426689	2426690	2	1.00	2	2
2427477	2427673	197	2.42	2	9
2428976	2429592	617	2.17	2	13
2430673	2430777	105	4.76	6	7
2432371	2432419	49	3.73	3	7
2433125	2433379	255	2.18	2	5
2434523	2434638	116	8.17	8	17
2436013	2436109	97	33.47	36	55
2436206	2436460	255	2.25	2	7
2437805	2437884	80	4.81	4	8
2439277	2439400	124	5.23	5	11
2440073	2440348	276	2.27	2	8
2441111	2441401	291	4.23	3	20
2441699	2442023	325	24.37	6	101
2443951	2444112	162	2.56	2	9
2446612	2447690	1079	5.86	2	56
2449512	2449603	92	4.15	6	9
2450510	2451313	804	72.59	5	936
2451570	2451652	83	18.14	24	43
2453132	2453134	3	2.00	3	3
2454035	2454163	129	41.19	6	139
2455220	2455376	157	7.03	4	20
2455887	2456408	522	12.34	4	91
2457342	2457435	94	3.71	2	10
2459305	2459496	192	3.65	3	9
2460421	2460812	392	24.26	6	195
2461356	2461810	455	3.49	3	9
2462933	2463408	476	13.95	4	89
2464231	2464580	350	59.05	3	540
2465634	2465818	185	5.73	4	18
2466821	2466835	15	6.80	8	10
2467988	2468153	166	19.25	4	75
2468355	2468693	339	3.31	3	11
2469273	2469361	89	3.90	4	7
2471207	2471996	790	2.67	2	16
2472774	2472788	15	12.60	10.5	21
2473521	2473551	31	48.61	61	64
2473753	2473757	5	3.20	4	4
2474313	2474340	28	19.93	24	28
2475043	2475129	87	30.24	30	81
2476039	2476119	81	117.90	63	269
2476831	2477039	209	94.30	12	498
2478231	2478327	97	3.14	2	6
2479411	2479599	189	4.53	3.5	11
2480251	2480431	181	2.08	2	4
2481053	2481117	65	3.26	2	10
2483026	2483561	536	7.59	3	61
2484627	2484874	248	18.77	10	54
2485868	2486127	260	4.00	4	12
2487385	2487625	241	1.31	2	3
2488253	2488951	699	2.42	2	16
2490119	2490553	435	5.58	2	43
2491592	2491974	383	81.24	10	405
2492224	2492240	17	32.88	39	54
2493447	2493478	32	33.00	38	40
2494568	2494570	3	16.67	25	25
2495945	2496037	93	20.66	7	49
2496464	2496540	77	5.86	2	15
2497864	2498151	288	22.53	3	162
2498935	2499051	117	1.99	2	5
2500009	2500168	160	4.09	4	10
2500484	2500592	109	216.27	116	552
2501094	2501147	54	4.20	6	6
2502345	2503129	785	7.39	3	88
2504096	2504214	119	8.66	12	18
2505343	2505497	155	7.88	5	16
2506455	2506574	120	2.67	2	7
2507496	2507850	355	5.13	4	18
2509441	2509502	62	2.52	4	6
2510226	2510368	143	2.34	1	7
2511095	2511470	376	14.67	6	99
2512530	2513122	593	16.52	3	183
2513870	2513980	111	9.88	5	25
2515169	2515288	120	2.25	1	6
2516084	2516145	62	9.03	10	15
2516806	2517043	238	23.21	6	100
2518506	2518915	410	5.34	4	24
2519336	2519351	16	6.94	9	14
2521527	2521800	274	3.39	2	13
2524987	2525273	287	31.68	18	150
2526036	2526193	158	52.73	3	314
2526479	2526500	22	0.00	0	0
2527992	2528285	294	4.48	5	10
2531992	2532181	190	4.87	4	20
2535142	2535367	226	2.87	2	8
2537249	2537508	260	2.53	2	8
2538328	2538520	193	3.49	4	11
2538872	2538915	44	1.14	1	2
2540356	2541030	675	2.44	2	8
2542243	2542336	94	11.43	7	28
2542850	2543118	269	17.81	9	93
2545216	2545341	126	2.81	3	5
2545879	2545883	5	0.00	0	0
2546622	2546625	4	2.75	4	4
2547673	2547691	19	0.95	1	1
2547926	2547942	17	3.41	4	4
2549044	2549148	105	1.40	1	4
2550577	2551236	660	2.07	2	8
2552599	2552624	26	111.62	116	124
2553276	2553396	121	4.84	4	9
2554177	2554295	119	4.34	2	13
2555460	2555600	141	13.19	14	33
2556963	2557276	314	6.90	5	24
2557799	2557850	52	6.87	8	10
2558346	2558580	235	4.94	4	16
2559856	2560576	721	9.28	3	80
2564646	2564715	70	16.14	20	30
2565175	2565481	307	4.74	4	13
2566112	2566734	623	2.72	2	11
2567071	2567094	24	2.54	1	5
2567410	2567561	152	6.51	5	16
2568237	2568566	330	12.54	5	79
2569344	2569934	591	2.54	3	8
2569940	2569961	22	4.23	4	5
2569983	2570005	23	0.65	1	1
2577083	2577455	373	6.64	6	25
2578311	2578421	111	145.84	46	419
2579220	2579493	274	3.31	4	8
2581513	2581782	270	3.02	3	7
2582557	2582615	59	4.92	6.5	8
2583594	2583599	6	1.67	2	2
2584389	2584391	3	1.33	2	2
2585406	2585789	384	2.63	2	7
2586477	2586541	65	2.95	2	7
2587388	2587408	21	8.76	11	13
2588294	2588353	60	1.87	2	5
2589155	2589316	162	3.05	4	7
2589767	2589898	132	1.30	0	6
2591399	2591433	35	1.40	1	2
2592313	2592384	72	1.24	2	4
2593054	2593328	275	0.20	0	3
2593833	2593841	9	20.67	23.5	24
2595204	2595624	421	3.56	2	20
2596798	2596972	175	3.73	3	9
2598368	2598417	50	34.16	44	48
2598678	2598848	171	11.42	10	42
2599050	2599315	266	5.27	5	16
2600987	2600998	12	3.17	2	6
2604395	2604564	170	2.05	0	9
2605759	2605781	23	4.17	5	6
2606601	2607066	466	3.92	2	19
2608159	2608311	153	10.35	8	42
2608666	2608760	95	31.26	3	143
2610027	2610430	404	5.52	4	16
2611811	2611941	131	2.58	2	9
2612626	2612812	187	3.47	4	6
2614346	2614622	277	8.93	8	26
2615670	2615720	51	2.33	3	5
2616753	2616772	20	43.20	53	53
2617118	2617377	260	4.47	4	14
2618758	2618840	83	20.67	17	38
2620632	2620886	255	9.39	3	49
2622276	2622731	456	1.98	2	12
2623872	2623984	113	16.49	2	50
2625026	2625549	524	3.99	2	14
2626111	2626134	24	2.50	4	4
2627659	2628139	481	3.91	3	17
2628458	2629540	1083	4.96	3	35
2631458	2631496	39	2.56	4	4
2632412	2632580	169	1.27	1	7
2634357	2634370	14	4.57	5	5
2635109	2635384	276	3.62	2	15
2636444	2636599	156	4.42	2	19
2637851	2637956	106	7.07	4	18
2640075	2640423	349	2.47	2	7
2640502	2640504	3	353.67	530.5	532
2640591	2640782	192	7.60	7	17
2642148	2642322	175	3.98	4	9
2642968	2642987	20	2.35	1	5
2643672	2643772	101	3.05	4	4
2644829	2645174	346	2.28	2	6
2646579	2646761	183	3.72	3	7
2647062	2647186	125	0.50	1	1
2647649	2647665	17	1.88	2	2
2650567	2651046	480	4.36	3	16
2651467	2651914	448	3.64	3	12
2653298	2653577	280	5.74	5	17
2654593	2654800	208	4.84	4	10
2656868	2657056	189	3.92	2.5	10
2657747	2658360	614	2.22	2	8
2658733	2658953	221	4.32	3	15
2659582	2659602	21	3.86	4	5
2659897	2660181	285	4.29	3	11
2660497	2660634	138	5.24	5	15
2661097	2661127	31	2.65	3	3
2672125	2672201	77	22.68	5	65
2672216	2672233	18	1.78	2	3
2672244	2672351	108	1.51	1	10
2672550	2673186	637	1.81	2	6
2673997	2674008	12	1.67	3	3
2674798	2674801	4	0.75	1	1
2676213	2676528	316	2.49	3	6
2677327	2677868	542	2.39	2	7
2680141	2680454	314	87.65	16	622
2681955	2682066	112	15.12	11	38
2682730	2682761	32	4.62	5	8
2683206	2683382	177	3.86	4	7
2684301	2684305	5	44.00	55	55
2685116	2685209	94	1.39	2	3
2686239	2686240	2	1.00	2	2
2687291	2687422	132	2.52	1	7
2688695	2688755	61	2.30	2	4
2689029	2689091	63	0.00	0	0
2689548	2690138	591	1.62	1	16
2693076	2693214	139	12.50	6	42
2693863	2693928	66	52.14	37	178
2694499	2694682	184	5.40	3	21
2694783	2694890	108	1.93	1	7
2696040	2696060	21	1.24	2	2
2696481	2696512	32	4.00	4	5
2698649	2698676	28	1.89	1	3
2700099	2700696	598	3.16	4	9
2702194	2702280	87	0.90	0.5	2
2703436	2703552	117	13.30	7	33
2704471	2704759	289	3.12	2	9
2705876	2705897	22	2.86	3	5
2707203	2707228	26	3.88	5	5
2707502	2707638	137	3.64	3	8
2709133	2709327	195	4.38	4	11
2710717	2710749	33	0.67	1	1
2712292	2712320	29	6.97	7	10
2713677	2714140	464	4.22	2	20
2715011	2715199	189	3.47	3	16
2715809	2715911	103	2.00	2	4
2716989	2717304	316	2.22	2	7
2718448	2718460	13	0.92	0	3
2719991	2720471	481	689.84	4	6050
2720507	2721593	1087	5.95	3	26
2721912	2721932	21	0.19	0	1
2722059	2722175	117	6.46	5	15
2723460	2723730	271	3.42	3	8
2724046	2724145	100	5.04	2	12
2725091	2725188	98	5.77	7	8
2725558	2726105	548	8.95	3	88
2727798	2728292	495	5.94	2	66
2729112	2729406	295	24.83	7	132
2729890	2729904	15	6.33	6.5	10
2730673	2730836	164	21.07	10	84
2731242	2731423	182	12.90	9	36
2731985	2731996	12	17.50	18	24
2732219	2732225	7	27.43	32	32
2733315	2733351	37	39.59	52	56
2734886	2734914	29	18.76	18	25
2735113	2735261	149	201.21	26	760
2735592	2735849	258	1.86	1	12
2736660	2736666	7	1.71	2	2
2737966	2737980	15	0.13	0	1
2738893	2739312	420	8.35	2	79
2740768	2740992	225	8.60	5	34
2741419	2741480	62	5.31	5	13
2741787	2741935	149	13.97	5	48
2742956	2743132	177	35.29	16	134
2743637	2743698	62	8.21	7	13
2744401	2744617	217	2.14	2	8
2745686	2745740	55	5.49	6	7
2746314	2746317	4	4.50	6	6
2748103	2748165	63	5.84	6	10
2749423	2749686	264	2.92	2	10
2751685	2751694	10	0.90	1	1
2753591	2753607	17	9.06	10	11
2755447	2755579	133	7.11	7	15
2755997	2756822	826	25.59	4	366
2757843	2757937	95	2.32	0	11
2758538	2758556	19	4.74	4.5	8
2760070	2760712	643	4.12	3	14
2761193	2761486	294	4.74	4	14
2762189	2762254	66	7.36	11	14
2762347	2762544	198	17.19	12	68
2763559	2763688	130	10.86	9	26
2764193	2764353	161	2.01	2	5
2765020	2765434	415	7.00	4	55
2765939	2766311	373	8.63	4	57
2767347	2767387	41	4.44	5	7
2768246	2768516	271	8.84	3	65
2768724	2768725	2	13.00	26	26
2768990	2769020	31	144.06	153	196
2769591	2769827	237	14.39	8	52
2771016	2771277	262	15.81	14	60
2771707	2771821	115	1.71	2	4
2774048	2774160	113	5.18	4	13
2774644	2774897	254	6.96	3	29
2776119	2776124	6	3.33	4	4
2779257	2779271	15	9.33	10	10
2780589	2780879	291	3.17	3	8
2781147	2781338	192	4.01	2	18
2783979	2784026	48	60.60	88	96
2784867	2784875	9	25.00	34	38
2785512	2785949	438	8.25	3	59
2787240	2787278	39	3.33	4	5
2787633	2787669	37	2.76	4	4
2788027	2788097	71	6.63	5.5	11
2790069	2790292	224	1.87	1	7
2791304	2791318	15	1.73	2	2
2791862	2792239	378	3.19	4	10
2793107	2793260	154	5.97	6	11
2794374	2794611	238	2.68	2	13
2795746	2795803	58	3.28	4	6
2797265	2797911	647	3.79	4	15
2799169	2799194	26	2.88	3	3
2800401	2800432	32	2.50	3	3
2801324	2801343	20	0.15	0	3
2802400	2802558	159	2.72	2	12
2803096	2803110	15	2.00	2	3
2803828	2803832	5	2.40	3	3
2804907	2804937	31	1.94	2	2
2805133	2805417	285	6.76	4	43
2806183	2806464	282	1.94	2	7
2808010	2808177	168	6.14	2	22
2810242	2810243	2	6.00	12	12
2811120	2811281	162	20.01	10	102
2812645	2812840	196	15.95	13	42
2814227	2814231	5	49.20	62	62
2815123	2815188	66	19.24	25	34
2815588	2815708	121	14.82	4	44
2816426	2816433	8	2.62	3	3
2816893	2816951	59	3.02	4	6
2817966	2818005	40	0.70	1	1
2819347	2819361	15	14.20	14.5	17
2819602	2819810	209	8.80	2	42
2820372	2820566	195	58.78	9	272
2821062	2821174	113	9.42	9.5	29
2821625	2821647	23	452.91	473	490
2821825	2821989	165	148.53	67	476
2822338	2822382	45	9.13	9.5	13
2823679	2823682	4	1.50	2	2
2824439	2824459	21	2.71	4	6
2825405	2825847	443	3.24	2	12
2828263	2828282	20	1.80	2	3
2829078	2829095	18	1.89	2	6
2830110	2830131	22	29.09	11	60
2831605	2831611	7	2.00	2	3
2832347	2833084	738	4.30	4	17
2834192	2834223	32	4.94	5	8
2834989	2835178	190	5.59	5	12
2836550	2836587	38	19.68	23	25
2837521	2838488	968	5.79	3	53
2839641	2839853	213	25.41	14	76
2841699	2841792	94	51.70	35	120
2842411	2842442	32	28.25	29	39
2843460	2843564	105	8.77	6	32
2844738	2844911	174	1.59	0	6
2846223	2846457	235	3.19	3	10
2847802	2847943	142	5.35	4	14
2849747	2850030	284	15.98	3	115
2850280	2850312	33	1.48	2	2
2851330	2851349	20	1.15	2	2
2852301	2852645	345	3.88	3	14
2853420	2853455	36	2.42	2	3
2853975	2854575	601	3.52	3	13
2854840	2855028	189	41.18	2	241
2856019	2856025	7	6.00	6	9
2857319	2857441	123	2.88	2	14
2858624	2858634	11	27.91	35.5	39
2859538	2859727	190	17.90	16	56
2860562	2860705	144	3.82	2	9
2861411	2861567	157	12.90	6	349
2861658	2861903	246	4.65	5	12
2862741	2862991	251	3.74	3	14
2863664	2863702	39	8.03	7	20
2864072	2864140	69	5.10	4	12
2865197	2865389	193	4.04	4	8
2866566	2866621	56	2.68	3	5
2867684	2867790	107	4.10	4	8
2869051	2869077	27	1.63	2	2
2869393	2869453	61	0.85	0	2
2869907	2869923	17	6.24	7	7
2871811	2871900	90	2.44	2	6
2873269	2873434	166	2.28	2	6
2874377	2874497	121	6.36	4	20
2877234	2877340	107	8.44	8	15
2879222	2879246	25	5.28	8	8
2879259	2879337	79	3.62	3	8
2880748	2880770	23	4.43	4	6
2881311	2881343	33	8.06	9	10
2881716	2881905	190	2.88	3	6
2882608	2882689	82	3.07	3	5
2883977	2884105	129	0.83	1	2
2884442	2884692	251	4.97	4	14
2886016	2886066	51	5.88	5	13
2886305	2886385	81	5.09	3	12
2887205	2887566	362	6.08	4	25
2888668	2888727	60	2.88	4	6
2891365	2891691	327	11.62	3	74
2892337	2892617	281	9.45	4	75
2893506	2893511	6	87.17	105	105
2894910	2895035	126	6.70	7	17
2895753	2895801	49	4.65	5	8
2896588	2896690	103	7.13	2	32
2898041	2898139	99	2.45	2	5
2899688	2899740	53	17.66	25	27
2900554	2900576	23	4.09	4	7
2901057	2901342	286	26.46	14	98
2901721	2901817	97	177.73	11.5	502
2903033	2903693	661	5.08	2	48
2905320	2905442	123	94.34	22	290
2906436	2906504	69	34.54	32.5	69
2906519	2906521	3	64.00	96	96
2911403	2911405	3	2.00	3	3
2911420	2911443	24	2.50	3	4
2911458	2911710	253	11.45	7	45
2912395	2913232	838	5.31	4	31
2915651	2915732	82	17.16	8	34
2915952	2916006	55	13.35	5.5	29
2916355	2916473	119	34.94	4	126
2917044	2917046	3	1.67	2.5	3
2917734	2918011	278	16.14	5	93
2918648	2918802	155	22.27	19	86
2920804	2920958	155	27.66	16	95
2921619	2921713	95	7.85	5	19
2922395	2922573	179	6.38	6	20
2922883	2922962	80	49.64	7	152
2923779	2923880	102	97.58	117	209
2924403	2924423	21	663.90	1081.5	1178
2925564	2925845	282	2.71	2	10
2928907	2929025	119	4.18	4	8
2930322	2930329	8	1.75	2	2
2931056	2931341	286	3.06	2	9
2933181	2933395	215	5.72	4	18
2934278	2934487	210	5.59	6	10
2935403	2935546	144	17.33	9	56
2936879	2937221	343	5.41	4	22
2938608	2938683	76	19.92	17	46
2939890	2939906	17	2.94	4	4
2941323	2941342	20	4.95	7	9
2942417	2942429	13	3.00	2	6
2944734	2944740	7	3.43	4	4
2945761	2946024	264	3.87	3	10
2947771	2947830	60	21.53	26	34
2948638	2948655	18	16.28	16	20
2949571	2949670	100	11.88	8	28
2950961	2950962	2	1.00	2	2
2951055	2951237	183	1.41	1	5
2951346	2951360	15	0.00	0	0
2952099	2952151	53	4.85	4	8
2953199	2953354	156	9.37	7	22
2955329	2955331	3	2.67	4	4
2955334	2955472	139	3.52	4	7
2955758	2955772	15	1.67	2	2
2957690	2958035	346	2.57	2	7
2958558	2958563	6	0.83	1	1
2959059	2959062	4	1.00	1	2
2959615	2959675	61	30.08	43	49
2961743	2961813	71	10.37	6	30
2963455	2963475	21	21.81	27.5	33
2963824	2964186	363	127.25	17	1075
2964373	2965479	1107	8.24	2	335
2966239	2966500	262	2.31	2	7
2968427	2968662	236	4.50	4	8
2969113	2969117	5	3.20	4	4
2969424	2969539	116	2.44	2	5
2970644	2970720	77	3.19	3	6
2973397	2973632	236	3.69	3	10
2973670	2973715	46	6.65	6	9
2976738	2977153	416	4.70	2	70
2977808	2977864	57	30.65	47	47
2978492	2978624	133	6.71	8	14
2979264	2979274	11	70.27	88.5	89
2979944	2979950	7	12.29	14	16
2980833	2980932	100	5.74	1	34
2981668	2981777	110	2.56	1	7
2983785	2983803	19	2.53	2	5
2984554	2984575	22	2.05	2	4
2985605	2985614	10	3.00	4	4
2986938	2987001	64	4.84	3	11
2987710	2987771	62	39.89	45	64
2988531	2988533	3	7.33	11	11
2989461	2989477	17	20.65	19.5	30
2989916	2989935	20	30.10	44	44
2992423	2992699	277	14.99	5	91
2993897	2993903	7	1.71	2	2
2994168	2994172	5	8.60	11	11
2994788	2994819	32	6.41	8	9
2995699	2995704	6	14.17	17	17
2996533	2996821	289	7.34	7	20
2997854	2998151	298	2.39	2	8
2999925	3000141	217	5.07	5	19
3001792	3002092	301	23.53	8	121
3003314	3003587	274	3.44	3	7
3004119	3004480	362	5.20	3	16
3005390	3005396	7	2.14	2	5
3005841	3006152	312	3.81	4	10
3006930	3006986	57	2.74	3	5
3007476	3007734	259	3.58	4	9
3009154	3009301	148	16.09	6	52
3010070	3010076	7	1.71	2	2
3011277	3012090	814	7.52	5	47
3012889	3013279	391	8.97	8	20
3013379	3016015	2637	81.28	7	4330
3017015	3017039	25	21.36	34	38
3017736	3017751	16	18.50	23	27
3018019	3018111	93	17.81	14	39
3019513	3020011	499	73.07	5	838
3021086	3021204	119	6.44	6	13
3022045	3022230	186	5.02	4	23
3022801	3022965	165	10.14	6	29
3023299	3023364	66	2.68	2	4
3024235	3024532	298	4.38	4	10
3027638	3027703	66	45.56	65	81
3027963	3028139	177	64.02	27.5	275
3028665	3028701	37	19.30	26	26
3029485	3029496	12	23.33	26	27
3029752	3029772	21	107.14	149	169
3030229	3030270	42	71.55	87	99
3030982	3030984	3	15.33	23	23
3031618	3032000	383	4.84	2	20
3033039	3033503	465	7.05	2	42
3034866	3034884	19	48.84	56	59
3035152	3035443	292	29.15	4	218
3037397	3037581	185	2.58	3	6
3039073	3039374	302	4.14	4	16
3040404	3040424	21	4.76	5	5
3041037	3041073	37	75.38	97	100
3042397	3042426	30	14.90	14	21
3043762	3043992	231	3.89	3	10
3044191	3044194	4	1.50	2	2
3045125	3045171	47	13.26	16	18
3046102	3046158	57	5.77	5	10
3047446	3047476	31	7.10	7	12
3048167	3048183	17	5.00	4.5	7
3049401	3049424	24	1.92	2	2
3049686	3049791	106	3.47	3	14
3050563	3050656	94	3.83	3	6
3051377	3051403	27	1.37	2	2
3052247	3052565	319	2.31	2	6
3053838	3054122	285	3.45	3	8
3055281	3055469	189	20.84	14.5	58
3055821	3055921	101	3.13	3	10
3056594	3056600	7	2.86	4	4
3057297	3057321	25	2.88	4	8
3058060	3058331	272	3.38	2	12
3059559	3059575	17	16.88	17	23
3060704	3060757	54	20.26	33	35
3062111	3062131	21	14.00	20	22
3063098	3063140	43	11.35	13	16
3064512	3064680	169	3.34	2	12
3066658	3066671	14	3.21	2	6
3067017	3067499	483	3.08	2	10
3068433	3068464	32	16.69	22	22
3069209	3069604	396	4.73	4	20
3070904	3070905	2	3.50	7	7
3072169	3072486	318	28.22	5	219
3073582	3074061	480	5.27	4	18
3076339	3076611	273	5.23	5	40
3078064	3078229	166	50.94	30	174
3079097	3079311	215	19.86	12	61
3079801	3079812	12	14.17	16	17
3081382	3081686	305	113.46	19.5	745
3082527	3082789	263	40.01	12	153
3084830	3084983	154	17.11	15	39
3085953	3085955	3	3.00	4.5	5
3086931	3087151	221	3.25	3	16
3088709	3088816	108	7.45	7	12
3089774	3089778	5	2.20	3	3
3090589	3090806	218	7.14	6	24
3091707	3092063	357	3.72	4	10
3093240	3093250	11	2.73	3	3
3093905	3093906	2	1.50	3	3
3094570	3094676	107	1.77	2	4
3095451	3095529	79	1.67	2	4
3096862	3097359	498	3.56	2	14
3098290	3098684	395	6.24	4	35
3102222	3102741	520	83.69	13	849
3103309	3103382	74	34.58	26	65
3103995	3103998	4	9.75	13	13
3105766	3105804	39	4.49	5	5
3106273	3106454	182	3.65	3	10
3106914	3107367	454	7.53	3	41
3107587	3107672	86	41.12	33	68
3108897	3108960	64	16.55	19	28
3109891	3109981	91	8.31	6	16
3110507	3110737	231	32.59	2.5	248
3111812	3111899	88	25.67	24	47
3113106	3113268	163	80.84	6	360
3113656	3113761	106	4.34	4	9
3114770	3114792	23	65.30	70	73
3115075	3115210	136	7.29	8	21
3116399	3116681	283	6.13	6	17
3117801	3117863	63	0.59	0	4
3118347	3118350	4	0.00	0	0
3119017	3119408	392	3.72	3	8
3121431	3121662	232	2.58	3	5
3122848	3123051	204	2.67	2	7
3124333	3124463	131	12.18	8.5	34
3125115	3125445	331	6.88	4	33
3125545	3125619	75	8.17	8	14
3126961	3127141	181	3.97	2	11
3128504	3128683	180	5.20	4	18
3130550	3130784	235	1.67	2	5
3132000	3132201	202	2.74	2	8
3133063	3133146	84	3.17	2	7
3135067	3135147	81	1.86	2	4
3135994	3136408	415	3.56	3	11
3137288	3137497	210	153.56	5	884
3138359	3138515	157	4.60	5	8
3140475	3140561	87	44.66	4	192
3141573	3141598	26	25.58	34	37
3142472	3142665	194	10.94	6	34
3144965	3145089	125	65.91	8	247
3147631	3147910	280	7.67	2	40
3148243	3148376	134	6.75	2	100
3149052	3149217	166	3.49	3	10
3149287	3149329	43	11.14	16	16
3152280	3152536	257	6.31	0	43
3154159	3154446	288	5.47	3	24
3155383	3155756	374	6.86	5	19
3157128	3157266	139	24.29	23.5	61
3157348	3157358	11	3.64	4	4
3159376	3159560	185	2.28	3	6
3160623	3160627	5	9.60	12	12
3162412	3162736	325	8.00	2	53
3163979	3164308	330	14.58	4	124
3165095	3165096	2	1.50	3	3
3165568	3165660	93	7.09	7	10
3166099	3166115	17	7.00	6	11
3166407	3166451	45	7.69	8	11
3166851	3167085	235	2.74	2	8
3169204	3169430	227	4.05	3	9
3170595	3170621	27	5.04	6	6
3172062	3172412	351	4.34	4	13
3173838	3174211	374	3.77	4	15
3175079	3175192	114	9.61	12	16
3175997	3176012	16	43.19	25	85
3177243	3177703	461	5.68	4	36
3179489	3179564	76	12.96	12	23
3182374	3182463	90	10.53	8	19
3183076	3183092	17	28.18	9	68
3183540	3183566	27	7.85	10	12
3185772	3185847	76	9.21	10	16
3186358	3186372	15	14.20	9	31
3188821	3188835	15	8.73	3	22
3190498	3190797	300	3.45	3	8
3191293	3191323	31	3.39	4	4
3192701	3193007	307	23.77	10	83
3193152	3193183	32	20.69	30	32
3193760	3194129	370	4.38	4	13
3195558	3195903	346	2.75	3	7
3196567	3197074	508	26.09	6	160
3199775	3199802	28	5.11	5	6
3201351	3201675	325	9.20	4	43
3203386	3203741	356	42.01	15	228
3204000	3204194	195	32.04	22.5	82
3205404	3205637	234	9.35	5	75
3207369	3207410	42	3.24	4	5
3207807	3207811	5	4.00	5	5
3209357	3209673	317	11.25	6.5	71
3210577	3210621	45	0.31	0	2
3211264	3211404	141	5.60	4	14
3211873	3211997	125	4.46	4	10
3212784	3213153	370	2.06	2	6
3272440	3272575	136	36.35	5	145
3273713	3273775	63	7.78	7	16
3274259	3274272	14	10.07	10	13
3275296	3275615	320	7.18	5	34
3276633	3276741	109	19.31	6	50
3277844	3278157	314	2.77	2	7
3278785	3278989	205	4.78	5	14
3279311	3279574	264	5.99	4	23
3280433	3280620	188	7.01	5	20
3282055	3282127	73	3.00	2	8
3283487	3283645	159	1.53	2	3
3284534	3284922	389	2.74	2	16
3285616	3285792	177	4.97	5	11
3286267	3286530	264	22.11	9	112
3286837	3287000	164	4.55	4	8
3288789	3288790	2	0.00	0	0
3290555	3291317	763	3.36	2	31
3292428	3292793	366	3.58	2	14
3293298	3293301	4	5.25	6	9
3295133	3295402	270	3.48	3	14
3296777	3297028	252	9.81	6	40
3297362	3297714	353	3.16	2	8
3298243	3298320	78	45.54	22	100
3299413	3299416	4	5.50	7	8
3299861	3300159	299	5.12	5	10
3301357	3301528	172	4.13	3	8
3302489	3302612	124	56.24	80	95
3303273	3303374	102	216.65	170	662
3303458	3303645	188	3.41	3	7
3306562	3306681	120	2.76	2	8
3306765	3306893	129	13.10	6	59
3308070	3308696	627	4.81	4	22
3311469	3311642	174	4.06	2	12
3312897	3312970	74	1.08	2	2
3314471	3314563	93	1.74	1.5	3
3315752	3315992	241	2.88	2	10
3317061	3317365	305	2.42	3	8
3318062	3318177	116	3.84	4	7
3319681	3319973	293	0.38	0	2
3320106	3320189	84	0.86	0	2
3321459	3322276	818	3.32	4	10
3323879	3324266	388	6.14	4	19
3325191	3325312	122	3.57	4	8
3326309	3326414	106	4.08	4	8
3326850	3326937	88	2.89	1	7
3327523	3327824	302	6.42	4	19
3328443	3328452	10	2.40	2	5
3329218	3329260	43	1.30	2	4
3330080	3330440	361	5.49	5	11
3332349	3332629	281	3.47	3	7
3333413	3333631	219	6.62	7	14
3333860	3333880	21	127.76	215	218
3335027	3335028	2	6.50	13	13
3336541	3336663	123	13.04	5	40
3337852	3338141	290	6.46	6	17
3339159	3339336	178	10.02	3	44
3339874	3339976	103	9.83	6	24
3340655	3340685	31	13.74	15	17
3341973	3342423	451	6.61	5	30
3344023	3344135	113	6.53	7	10
3344811	3344829	19	7.79	9	9
3345523	3345576	54	1.67	0	5
3346789	3347036	248	2.05	1	6
3349080	3349492	413	5.93	6	14
3350300	3350385	86	6.98	6	13
3350917	3351068	152	2.78	4	5
3352416	3352429	14	8.14	8	16
3353810	3354046	237	7.00	6	19
3355268	3355443	176	3.11	2	10
3357358	3357630	273	2.54	2	7
3358603	3358625	23	2.09	2	4
3358899	3358913	15	0.00	0	0
3360075	3360413	339	4.99	4	17
3362691	3362787	97	6.84	8	11
3364126	3364139	14	3.50	4	5
3364920	3364936	17	2.06	3	7
3365957	3365964	8	2.00	2	4
3366976	3367105	130	6.26	4	19
3368042	3368313	272	3.49	3	12
3368776	3368889	114	10.33	8	21
3369205	3369219	15	50.40	36.5	100
3369949	3369976	28	13.57	13	22
3371285	3371363	79	1.24	1.5	4
3372675	3372698	24	3.38	4	4
3373008	3373209	202	5.80	4	23
3373912	3374004	93	2.66	2	5
3375364	3375864	501	2.60	2	7
3377017	3377099	83	3.18	2.5	11
3378816	3379182	367	2.08	1	9
3379543	3379695	153	2.22	2	5
3379702	3379704	3	1.00	1.5	2
3428879	3428881	3	0.67	1	1
3428888	3429093	206	0.53	0	2
3430141	3430419	279	1.20	1	5
3431086	3431093	8	1.75	2	2
3434240	3434358	119	4.05	5	6
3435644	3435660	17	2.47	1	5
3436222	3436275	54	2.56	3	3
3436765	3436769	5	7.20	9	9
3438693	3438696	4	1.50	2	2
3439006	3439637	632	6.11	4	55
3439911	3440027	117	3.60	3	28
3441435	3441807	373	15.34	8	101
3442468	3442723	256	2.23	2	5
3444941	3445218	278	8.03	4	36
3447820	3448376	557	5.17	3	34
3448575	3448783	209	7.33	6	19
3449372	3449376	5	12.00	15	15
3450250	3450327	78	8.22	7	15
3451717	3451722	6	0.33	0	2
3452857	3452890	34	3.76	4	6
3453434	3453759	326	2.76	2	9
3454537	3454993	457	7.63	5	59
3455420	3455611	192	1.84	2	5
3458189	3458193	5	17.60	23	29
3458710	3458759	50	2.48	2	7
3461079	3461091	13	11.54	9.5	25
3461791	3461794	4	5.50	8	8
3462707	3462710	4	9.00	12	12
3464586	3464593	8	7.00	8	8
3465329	3465408	80	10.91	8	18
3466324	3466605	282	5.07	5	15
3468520	3468521	2	0.50	1	1
3469266	3469371	106	2.45	2	4
3470224	3470470	247	3.32	3	8
3471473	3471484	12	3.50	4	4
3472175	3472490	316	5.18	5	10
3473448	3473482	35	1.37	2	2
3475134	3475136	3	0.67	1	1
3475764	3476160	397	5.11	5	13
3476785	3476862	78	19.74	18	61
3477832	3477846	15	3.73	3	6
3479944	3480408	465	7.39	4	52
3481147	3481276	130	5.33	5	9
3482471	3482475	5	11.60	15	16
3483499	3483572	74	8.30	8	14
3484710	3484930	221	6.67	5	23
3485110	3485164	55	1.58	2	3
3486056	3486137	82	1.43	2	4
3487038	3487089	52	1.04	2	2
3488248	3488405	158	1.40	1	4
3488709	3488808	100	1.94	2	4
3489781	3490364	584	1.99	2	5
3491139	3491473	335	3.32	3	9
3492617	3492773	157	4.48	4	10
3493641	3493760	120	2.43	2	7
3494472	3494844	373	4.80	4	11
3496231	3496353	123	9.34	10	20
3497629	3497767	139	15.62	9	51
3498101	3498571	471	3.46	3	10
3501170	3501291	122	2.43	2	5
3502405	3502407	3	3.33	5	5
3502726	3502730	5	5.20	6	8
3503190	3503191	2	3.00	6	6
3505160	3505321	162	3.32	3	7
3506174	3506420	247	5.44	4	21
3506886	3506992	107	66.87	25	170
3507923	3509380	1458	3.01	2	13
3510815	3510849	35	4.00	5	5
3510896	3511026	131	1.59	1	3
3512425	3512453	29	3.31	3	5
3513798	3514168	371	4.31	3	11
3514841	3514903	63	5.05	8	9
3515648	3516008	361	15.03	7	96
3659520	3660565	1046	16.83	5	336
3660764	3660778	15	9.87	6	21
3661193	3661264	72	4.14	4	7
3661676	3662511	836	4.17	4	14
3663139	3663219	81	2.94	4	6
3664180	3664943	764	3.22	3	9
3668514	3670292	1779	5.06	3	81
3670302	3670304	3	8.00	12	12
3686097	3686099	3	0.67	1	2
3686109	3686841	733	9.22	6	38
3687067	3687184	118	5.18	6	8
3687230	3687388	159	4.03	2	17
3687736	3687895	160	41.04	31	225
3688385	3688631	247	5.26	2	32
3688734	3688991	258	4.01	4	11
3689817	3689899	83	3.86	5	6
3689938	3690833	896	4.68	3	20
3691296	3691564	269	3.84	4	10
3692117	3692138	22	1.55	2	2
3694295	3694826	532	3.09	3	9
3695316	3696067	752	3.10	3	11
3698201	3698272	72	1.08	1	4
3698307	3698795	489	3.48	4	11
3699408	3699427	20	0.00	0	0
3699788	3699895	108	7.68	7	23
3700391	3701006	616	3.33	2	14
3702329	3702714	386	22.62	5	192
3702937	3703401	465	11.93	6	49
3703436	3703531	96	56.62	39	130
3704822	3705411	590	59.22	30	378
3706942	3706952	11	108.45	149.5	174
3707694	3707721	28	9.79	12	13
3708922	3709145	224	72.00	62	193
3710151	3710212	62	125.76	137	198
3711233	3712032	800	6.71	2	48
3713377	3713440	64	2.94	3	5
3726404	3727643	1240	4.14	3	16
3729459	3729844	386	4.09	4	12
3730220	3730581	362	9.52	6	39
3730633	3731126	494	3.30	2	12
3731610	3731811	202	17.71	6	77
3732755	3732792	38	1.58	2	2
3733912	3734512	601	4.43	3	24
3736163	3736511	349	3.09	2	9
3737436	3738047	612	4.04	4	13
3738966	3739053	88	3.15	2	15
3741472	3741533	62	0.00	0	0
3742548	3742648	101	13.95	10.5	36
3743393	3743480	88	4.57	4	23
3744729	3745247	519	3.86	2	17
3746259	3746263	5	0.00	0	0
3747290	3747291	2	1.00	2	2
3748135	3748554	420	3.53	2	17
3750351	3750555	205	1.84	2	5
3751204	3752056	853	14.58	4	112
3752648	3752702	55	7.20	5	13
3753015	3753165	151	41.87	11	160
3753568	3753580	13	4.62	5	5
3754958	3754967	10	3.60	4	4
3755427	3755756	330	2.22	2	11
3756288	3756329	42	6.83	7	12
3757487	3757623	137	3.71	4	7
3758401	3758514	114	5.64	5	12
3758764	3759094	331	4.21	4	11
3759962	3760301	340	2.64	1	11
3761061	3761078	18	44.11	61	72
3762612	3763027	416	11.65	4	89
3765266	3765795	530	3.05	2	9
3766594	3766986	393	2.62	2	7
3767860	3768144	285	3.84	3	13
3769130	3769253	124	12.64	10	29
3770370	3770577	208	23.13	9	112
3771769	3772093	325	4.19	3.5	12
3772973	3773052	80	13.11	12	39
3773225	3773399	175	36.55	6	273
3774399	3774517	119	37.13	26	94
3775403	3775471	69	9.70	14	17
3776219	3776444	226	11.03	6	33
3777159	3777612	454	4.73	2	27
3778600	3778745	146	3.21	2	7
3778778	3779041	264	4.60	3	31
3779795	3779926	132	5.38	6	8
3780149	3780150	2	3.00	6	6
3781825	3782204	380	2.38	2	7
3782742	3783071	330	2.98	2	13
3784353	3784803	451	5.40	2	40
3786577	3786790	214	8.37	4	54
3787358	3787543	186	3.51	1	14
3788177	3788846	670	5.11	4	26
3789726	3789847	122	6.52	4	20
3790853	3790874	22	16.68	22	27
3791355	3791374	20	14.05	15	16
3791840	3791856	17	17.71	19	20
3792622	3793457	836	8.70	6	29
3793740	3793822	83	8.04	7	15
3795701	3796131	431	11.26	3	87
3797890	3798298	409	4.73	4	27
3800516	3800623	108	9.58	6	39
3801048	3801063	16	20.25	30	34
3801147	3801551	405	25.33	8	151
3802863	3803253	391	8.63	5	39
3804016	3804290	275	41.45	2	429
3804510	3804693	184	44.34	3	315
3805237	3805242	6	27.17	31	35
3806107	3806256	150	6.94	7	15
3806500	3806615	116	7.25	4	19
3807912	3808046	135	22.73	22	55
3809076	3810123	1048	15.87	5	208
3810832	3811258	427	5.64	4.5	24
3813923	3814000	78	46.29	26	99
3814261	3814558	298	2.35	2	9
3815384	3815433	50	13.96	17	22
3816868	3816956	89	2.83	4	7
3817824	3817983	160	5.19	4	22
3818635	3818664	30	0.57	1	1
3819427	3819447	21	6.86	8	12
3820270	3820273	4	0.75	1	1
3821189	3821570	382	4.07	4	13
3822042	3822534	493	1.83	2	8
3823213	3823264	52	0.31	0	2
3825290	3825351	62	0.56	1	1
3826027	3826609	583	5.01	4	18
3826692	3826925	234	4.35	3	11
3827766	3828019	254	5.75	3	20
3829802	3829869	68	2.84	3	5
3830533	3830685	153	3.13	2	11
3830899	3830924	26	15.54	17	19
3831432	3831639	208	3.50	3	9
3831856	3831875	20	14.40	19	19
3833820	3834000	181	3.10	2	8
3835054	3835103	50	1.18	1	2
3836686	3836727	42	0.12	0	1
3837148	3837165	18	1.89	2	2
3837643	3837776	134	1.45	2	4
3840531	3841130	600	3.64	2	12
3841932	3842258	327	4.80	4.5	9
3844626	3844632	7	2.57	3	3
3845539	3845885	347	10.56	3	72
3846963	3847120	158	18.35	9	57
3848468	3848734	267	2.53	2	7
3850361	3850486	126	3.82	3	8
3852089	3852138	50	0.00	0	0
3852454	3852460	7	38.43	45	46
3852824	3852906	83	5.01	3	11
3859884	3860277	394	5.28	5	12
3861355	3861644	290	2.98	3	8
3861758	3861934	177	44.41	9	198
3863303	3863569	267	5.74	6	11
3864152	3864170	19	2.63	3	3
3866538	3866707	170	6.04	4	20
3867739	3867811	73	5.07	2.5	27
3869060	3869080	21	141.05	215	233
3869663	3869814	152	63.66	36	186
3871099	3871294	196	34.21	17	121
3871763	3871764	2	68.00	136	136
3873112	3873273	162	1.89	2	7
3875305	3875483	179	4.44	5	7
3876420	3876523	104	12.10	4	32
3876944	3877133	190	3.31	3	10
3878415	3878494	80	2.64	2	8
3879008	3879009	2	5.50	11	11
3880393	3880410	18	29.44	37	38
3880960	3881019	60	5.92	7	9
3881191	3881203	13	0.85	1	1
3881960	3882184	225	5.91	6	11
3882506	3882769	264	5.72	3	15
3883763	3883816	54	0.43	0	1
3884045	3884065	21	4.81	6	6
3884225	3884480	256	12.43	4	65
3885537	3885749	213	3.54	3	11
3886407	3886695	289	2.47	2	7
3887347	3887416	70	2.64	2	4
3888248	3888355	108	3.47	3	8
3888929	3889223	295	7.20	4	40
3889500	3889810	311	19.01	5	239
3890570	3890902	333	120.54	24	857
3890922	3890924	3	8.67	13	13
3912223	3912225	3	58.67	88	89
3912245	3912315	71	28.52	30.5	55
3914299	3914367	69	19.25	30.5	37
3915442	3915755	314	3.89	3	13
3916817	3917017	201	5.79	4	17
3918431	3918547	117	5.55	6	11
3919214	3919392	179	8.79	8	23
3919909	3920062	154	30.19	22	89
3920384	3920390	7	28.86	34	35
3920973	3921101	129	26.78	8	83
3921405	3922360	956	8.44	6	94
3923897	3924170	274	6.99	7	18
3924882	3925331	450	3.78	4	10
3926709	3926995	287	3.16	3	10
3927773	3927786	14	0.93	1	1
3928603	3928627	25	1.12	2	2
3929621	3930325	705	23.54	4	274
3931280	3931674	395	11.24	10	29
3932563	3932742	180	13.32	4	55
3933439	3933976	538	3.35	3	12
3935033	3935040	8	2.62	3	3
3935440	3936238	799	5.52	4	38
3936333	3936974	642	7.02	4	43
3937611	3938101	491	4.57	3	15
3967279	3967486	208	6.81	4	21
3968849	3969025	177	13.87	2	67
3970784	3970837	54	106.20	148	158
3971795	3972005	211	23.79	9	101
3975573	3975731	159	6.30	5	13
3976686	3976695	10	17.10	19	19
3977119	3977189	71	26.65	28	63
3978306	3978307	2	11.50	23	23
3979163	3979195	33	13.82	19	22
3979907	3979912	6	8.67	10	11
3980825	3981099	275	6.43	3.5	34
3981868	3982187	320	69.26	22	324
3983667	3983986	320	35.42	5	243
3984482	3984500	19	45.26	52	88
3986385	3986409	25	44.60	61	61
3988189	3988330	142	7.18	6	19
3990137	3990340	204	2.92	3	9
3991268	3991269	2	3.00	6	6
3993085	3993345	261	7.92	6	21
3996169	3996189	21	4.81	6	6
3998158	3998346	189	4.18	2	11
3999607	3999671	65	0.20	0	1
4000980	4001006	27	2.41	2.5	3
4001865	4001910	46	1.65	2	2
4003832	4004288	457	4.10	2	14
4004403	4004477	75	0.00	0	0
4007429	4007662	234	2.26	1	8
4009284	4009388	105	1.95	1	5
4009965	4010119	155	4.21	5	8
4011089	4011101	13	157.92	194	194
4013494	4013525	32	35.19	42	48
4015002	4015022	21	19.57	24	28
4020738	4020748	11	5.64	6	7
4023326	4023359	34	25.65	21	37
4024329	4024331	3	10.00	15	16
4025745	4025746	2	7.50	15	15
4027259	4027375	117	32.85	8	101
4027553	4027621	69	30.36	9	106
4028234	4028255	22	38.86	45	48
4029027	4029038	12	1.67	1	4
4029597	4029630	34	21.94	15	44
4030675	4031481	807	9.84	7	43
4032352	4032550	199	5.92	5	17
4033736	4033742	7	0.00	0	0
4034811	4034822	12	4.83	6	8
4036143	4036176	34	0.76	1	1
4036510	4036608	99	3.03	3	5
4036912	4036928	17	3.76	4	4
4037970	4037974	5	4.40	5	7
4039874	4040201	328	3.29	2	12
4041051	4041101	51	5.02	5	8
4042269	4042732	464	5.11	5	10
4043648	4043772	125	5.23	4	12
4044700	4044970	271	2.62	2	6
4045694	4045778	85	2.52	3	5
4046931	4047631	701	7.66	6	28
4048112	4048525	414	4.16	4	10
4048632	4048717	86	3.13	4	8
4049873	4050028	156	10.15	7	30
4050596	4050779	184	4.35	5	8
4051194	4051421	228	3.98	2	16
4052514	4052938	425	7.67	6	26
4054698	4054870	173	6.48	7	12
4055508	4055542	35	24.49	31	34
4056698	4056714	17	76.76	30	177
4057303	4057325	23	17.83	21	24
4057785	4057801	17	24.18	25.5	29
4058180	4058649	470	7.10	4	48
4058893	4058906	14	34.43	56	64
4060299	4060313	15	106.00	80	179
4061190	4061219	30	84.63	88	93
4062720	4062738	19	77.74	110.5	135
4063794	4063900	107	437.82	63.5	2028
4064159	4064229	71	335.01	405	679
4064932	4064936	5	54.20	68	68
4065321	4065327	7	32.14	37.5	41
4065553	4065739	187	42.51	10	204
4066175	4066402	228	17.00	7	76
4067216	4067518	303	5.29	4	15
4068146	4068183	38	20.34	23	28
4068634	4068652	19	37.47	44	47
4069100	4069118	19	5.37	5	7
4070178	4070187	10	13.50	15	15
4070866	4070996	131	12.19	14	36
4072059	4072104	46	6.04	6	10
4072951	4072970	20	4.70	6	6
4073862	4074008	147	18.73	8	276
4074207	4074361	155	95.37	26.5	410
4075964	4076465	502	11.24	6	56
4077429	4077544	116	7.75	5	20
4079315	4079787	473	2.98	2	11
4082158	4082249	92	4.48	4	9
4083168	4083282	115	7.10	8	12
4083565	4083572	8	1.75	2	2
4084104	4084106	3	0.00	0	0
4084359	4084422	64	8.45	6	14
4084672	4084736	65	10.65	4	31
4085013	4085103	91	155.92	69	387
4086550	4086658	109	26.56	12	74
4088270	4088391	122	4.27	4	6
4088929	4089054	126	2.54	2	6
4090048	4090080	33	3.36	4	5
4093465	4093483	19	1.58	2	4
4094042	4094057	16	15.25	16	27
4105633	4105796	164	23.60	6	96
4105880	4106722	843	5.44	4	35
4107671	4107767	97	117.69	27.5	323
4109145	4109359	215	24.41	9	135
4109636	4109793	158	1422.29	9	6395
4110670	4110890	221	15.28	13	37
4112241	4112297	57	0.74	0	3
4113093	4113164	72	4.83	6	8
4114116	4114246	131	5.86	5	14
4115360	4115512	153	9.14	6.5	24
4116782	4116849	68	2.37	2	5
4117717	4117889	173	3.68	4	8
4118418	4118611	194	3.31	1	15
4119677	4119690	14	3.50	4	4
4121377	4121396	20	4.95	6	6
4122390	4122828	439	4.46	4	16
4123894	4123907	14	2.36	3	3
4125594	4125613	20	0.25	0	1
4126607	4126609	3	2.00	3	3
4127444	4127449	6	0.83	1	1
4128617	4128619	3	0.67	1	2
4129331	4129373	43	5.40	6	6
4131100	4131121	22	3.82	4	4
4132205	4132209	5	4.80	6	6
4132783	4132799	17	0.94	1	3
4133229	4133567	339	3.77	2	16
4134336	4134367	32	8.12	10	13
4136303	4136359	57	21.93	28	33
4136633	4136700	68	4.79	4	12
4137220	4137237	18	3.17	0	9
4137820	4137953	134	5.54	6	10
4139382	4139420	39	1019.05	1388.5	1417
4139847	4140036	190	85.82	5	444
4140739	4140763	25	52.80	54	61
4141595	4141597	3	2.67	4	4
4142342	4142421	80	6.90	6	13
4144245	4144249	5	8.80	11	11
4144937	4145069	133	1.35	2	3
4146477	4146633	157	6.24	6	20
4146823	4146944	122	8.51	10	13
4147059	4147133	75	1.21	0	3
4150084	4150367	284	35.12	1	264
4151990	4152186	197	1.67	1	6
4152466	4152689	224	6.16	6	11
4154217	4154233	17	146.12	227	258
4154711	4154821	111	23.50	21	51
4155788	4155926	139	12.10	11	32
4156695	4156715	21	23.90	17.5	41
4157304	4157489	186	5.05	5	14
4159426	4159742	317	6.10	5	15
4161735	4161746	12	60.83	48	110
4163133	4163317	185	9.43	6	32
4163744	4163762	19	7.58	8	8
4164567	4164770	204	4.69	4	9
4165275	4165306	32	5.78	6	8
4165964	4166109	146	5.21	6	9
4166764	4166773	10	18.70	21	21
4167662	4167781	120	3.86	3	8
4169330	4169425	96	6.49	2	117
4169690	4169839	150	23.23	6	92
4170698	4170783	86	5.99	6	22
4171720	4171831	112	51.44	15	144
4171991	4172002	12	13.25	14	17
4172498	4172614	117	32.32	15	98
4173323	4173500	178	6.53	4	15
4174029	4174047	19	0.00	0	0
4174276	4174292	17	3.41	3	5
4175685	4175812	128	2.92	2	7
4177064	4177116	53	5.36	7	9
4178269	4178499	231	3.22	2.5	7
4178516	4178534	19	5.68	6	6
4178551	4178830	280	4.29	4	9
4179398	4179602	205	5.06	4	20
4179828	4180048	221	10.38	10	23
4180790	4180959	170	3.66	4	9
4181830	4181831	2	4.00	8	8
4182495	4182517	23	4.04	4	5
4183373	4183530	158	5.50	3	18
4186075	4186076	2	3.50	7	7
4186761	4186845	85	7.76	8	14
4188506	4189007	502	4.48	3	14
4192212	4192406	195	2.91	2	7
4193454	4193713	260	5.98	4	24
4196918	4196972	55	6.60	7	9
4198014	4198041	28	2.75	3	5
4198756	4199133	378	5.90	3	33
4199719	4199792	74	2.70	2	7
4200705	4201306	602	5.99	4	42
4202534	4202740	207	39.10	5	215
4206262	4206545	284	9.44	4	43
4208407	4208542	136	3.40	2	10
4209257	4209383	127	5.41	5	14
4210116	4210402	287	7.16	3	37
4211252	4211279	28	5.57	6	9
4212216	4212320	105	13.37	12	23
4212969	4213119	151	29.30	28	78
4213306	4213414	109	109.31	17	310
4214597	4214740	144	6.80	6	15
4215656	4215679	24	68.04	104	107
4216406	4216603	198	4.83	5	10
4216802	4216928	127	213.02	24	781
4217307	4217710	404	3.70	4	11
4218194	4218520	327	10.94	6	47
4218902	4219387	486	9.68	6	64
4219838	4219996	159	5.70	5	17
4220612	4221036	425	3.68	3	9
4221847	4221924	78	9.32	7	19
4223341	4223826	486	3.64	3	12
4224742	4224999	258	6.70	5	23
4225381	4225538	158	11.54	6	38
4225986	4226154	169	66.49	5	289
4226521	4226671	151	10.66	4	33
4227536	4228107	572	5.02	3	15
4228450	4228640	191	3.26	3	9
4229256	4229262	7	8.57	10	10
4231423	4231766	344	5.79	4	23
4234272	4234751	480	8.79	5	34
4235382	4235489	108	3.39	3	6
4236393	4236399	7	1.86	2	3
4237021	4237056	36	5.50	7	9
4238326	4238354	29	5.10	6	7
4238640	4238656	17	2.35	2	4
4240742	4241158	417	3.14	2	11
4241678	4241741	64	1.95	1	4
4242546	4242651	106	2.88	3	5
4243444	4243979	536	4.20	3	13
4244832	4244865	34	4.47	4	6
4245593	4245654	62	11.98	11	20
4246612	4246635	24	7.46	8	9
4248022	4248296	275	5.17	5	12
4249176	4249365	190	7.39	6	18
4250356	4250362	7	1.71	2	2
4251101	4251167	67	5.82	6	10
4252275	4252294	20	0.00	0	0
4253426	4253429	4	0.00	0	0
4254522	4254660	139	4.81	5	11
4255960	4256185	226	4.20	4	8
4256885	4257099	215	2.53	2	7
4257415	4257464	50	5.02	5	7
4257774	4257924	151	1.32	1	3
4258402	4258471	70	2.94	3	7
4260572	4260586	15	18.20	16	31
4261382	4261466	85	4.73	5	8
4262907	4263090	184	4.88	4	11
4264147	4264157	11	77.45	84	95
4265148	4265535	388	15.31	5	359
4265605	4265643	39	1.44	1	2
4265714	4265723	10	3.20	4	4
4265793	4265804	12	2.75	3	3
4265875	4266202	328	4.29	3	15
4267490	4267573	84	0.61	1	1
4267880	4268086	207	15.85	16	38
4269413	4269433	21	28.86	38	46
4269881	4269883	3	7.33	11	11
4271876	4271888	13	14.08	15.5	19
4272843	4272852	10	12.80	14	16
4273171	4273315	145	5.32	2	16
4273541	4273561	21	1271.14	991	2553
4273994	4274032	39	568.33	538	917
4274309	4274524	216	75.76	8	419
4275719	4275822	104	109.05	19	295
4276006	4276022	17	41.82	22	93
4276284	4276358	75	16.87	15.5	30
4276959	4277065	107	11.85	7	48
4278356	4278617	262	4.57	4	9
4279191	4279326	136	9.09	5	23
4280467	4280501	35	12.57	17	19
4281363	4281366	4	1.50	2	2
4282138	4282274	137	24.56	12	72
4283058	4283312	255	6.14	4	24
4283727	4283933	207	3.10	2	12
4285827	4285923	97	18.63	10	73
4287301	4287414	114	11.67	4	41
4288718	4288751	34	91.59	133	141
4288935	4289034	100	13.03	4	45
4289377	4290252	876	57.61	8	495
